-0.750267 -1.000000 1.000000
-1.108691 -1.000000 1.000000
-0.804551 -1.000000 1.000000
-1.007513 -1.000000 1.000000
-0.793934 -1.000000 1.000000
-1.014179 -1.000000 1.000000
-1.225219 -1.000000 1.000000
-1.018676 -1.000000 1.000000
-0.998022 -1.000000 1.000000
-1.102691 -1.000000 1.000000
-0.652202 -1.000000 1.000000
-1.246267 -1.000000 1.000000
-1.012235 -1.000000 1.000000
-1.360834 -1.000000 1.000000
-1.265168 -1.000000 1.000000
-1.347074 -1.000000 1.000000
-0.808151 -1.000000 1.000000
-1.184007 -1.000000 1.000000
-0.855070 -1.000000 1.000000
-1.095534 -1.000000 1.000000
-0.484774 -1.000000 1.000000
-1.308704 -1.000000 1.000000
-0.708666 -1.000000 1.000000
-1.113551 -1.000000 1.000000
-1.033693 -1.000000 1.000000
-1.124910 -1.000000 1.000000
-1.045609 -1.000000 1.000000
-0.538922 -1.000000 1.000000
-1.060712 -1.000000 1.000000
-0.500785 -1.000000 1.000000
-0.998798 -1.000000 1.000000
-1.105545 -1.000000 1.000000
-0.614867 -1.000000 1.000000
-0.976314 -1.000000 1.000000
-0.618827 -1.000000 1.000000
-0.695812 -1.000000 1.000000
-1.034077 -1.000000 1.000000
-1.049804 -1.000000 1.000000
-1.073441 -1.000000 1.000000
-1.029590 -1.000000 1.000000
-1.290073 -1.000000 1.000000
-0.996909 -1.000000 1.000000
-0.994484 -1.000000 1.000000
-1.017813 -1.000000 1.000000
-1.330404 -1.000000 1.000000
-0.563918 -1.000000 1.000000
-1.083094 -1.000000 1.000000
-1.061818 -1.000000 1.000000
-1.295054 -1.000000 1.000000
-1.297607 -1.000000 1.000000
-1.502440 -1.000000 1.000000
-0.665406 -1.000000 1.000000
-0.877957 -1.000000 1.000000
-0.925910 -1.000000 1.000000
-0.939022 -1.000000 1.000000
-1.273085 -1.000000 1.000000
-1.149773 -1.000000 1.000000
-1.196982 -1.000000 1.000000
-1.645035 -1.000000 1.000000
-1.304119 -1.000000 1.000000
-1.310821 -1.000000 1.000000
-1.059471 -1.000000 1.000000
-0.549898 -1.000000 1.000000
-1.117219 -1.000000 1.000000
-1.559144 -1.000000 1.000000
-1.074650 -1.000000 1.000000
-0.554749 -1.000000 1.000000
-1.221501 -1.000000 1.000000
-0.935898 -1.000000 1.000000
-1.092127 -1.000000 1.000000
-1.178886 -1.000000 1.000000
-1.096706 -1.000000 1.000000
-1.075257 -1.000000 1.000000
-1.031828 -1.000000 1.000000
-0.786720 -1.000000 1.000000
-0.886211 -1.000000 1.000000
-1.007779 -1.000000 1.000000
-0.700238 -1.000000 1.000000
-0.910182 -1.000000 1.000000
-1.139640 -1.000000 1.000000
-0.766886 -1.000000 1.000000
-0.652369 -1.000000 1.000000
-0.755326 -1.000000 1.000000
-1.223662 -1.000000 1.000000
-0.930527 -1.000000 1.000000
-1.188162 -1.000000 1.000000
-1.154203 -1.000000 1.000000
-1.324633 -1.000000 1.000000
-0.753385 -1.000000 1.000000
-0.924230 -1.000000 1.000000
-1.371297 -1.000000 1.000000
-0.663957 -1.000000 1.000000
-0.944898 -1.000000 1.000000
-1.044589 -1.000000 1.000000
-1.082980 -1.000000 1.000000
-0.907946 -1.000000 1.000000
-1.112382 -1.000000 1.000000
-0.623165 -1.000000 1.000000
-1.010400 -1.000000 1.000000
-0.979492 -1.000000 1.000000
-0.721669 -1.000000 1.000000
-0.769836 -1.000000 1.000000
-1.351334 -1.000000 1.000000
-0.923228 -1.000000 1.000000
-1.077768 -1.000000 1.000000
-1.153007 -1.000000 1.000000
-0.537297 -1.000000 1.000000
-0.991501 -1.000000 1.000000
-1.023193 -1.000000 1.000000
-1.118411 -1.000000 1.000000
-0.790429 -1.000000 1.000000
-1.418029 -1.000000 1.000000
-1.498845 -1.000000 1.000000
-0.885511 -1.000000 1.000000
-1.482621 -1.000000 1.000000
-1.255910 -1.000000 1.000000
-1.156604 -1.000000 1.000000
-1.028988 -1.000000 1.000000
-1.148990 -1.000000 1.000000
-0.785368 -1.000000 1.000000
-1.553628 -1.000000 1.000000
-1.046489 -1.000000 1.000000
-1.183978 -1.000000 1.000000
-1.077723 -1.000000 1.000000
-0.797608 -1.000000 1.000000
-1.390467 -1.000000 1.000000
-0.684763 -1.000000 1.000000
-1.090223 -1.000000 1.000000
-0.720556 -1.000000 1.000000
-0.906913 -1.000000 1.000000
-1.004839 -1.000000 1.000000
-1.227078 -1.000000 1.000000
-1.356186 -1.000000 1.000000
-0.647439 -1.000000 1.000000
-1.259891 -1.000000 1.000000
-1.057690 -1.000000 1.000000
-1.436991 -1.000000 1.000000
-1.308948 -1.000000 1.000000
-0.951027 -1.000000 1.000000
-1.108735 -1.000000 1.000000
-0.717921 -1.000000 1.000000
-1.079634 -1.000000 1.000000
-1.122619 -1.000000 1.000000
-1.623582 -1.000000 1.000000
-1.066599 -1.000000 1.000000
-0.440162 -1.000000 1.000000
-1.079124 -1.000000 1.000000
-1.038603 -1.000000 1.000000
-0.771028 -1.000000 1.000000
-1.063283 -1.000000 1.000000
-1.207483 -1.000000 1.000000
-1.079770 -1.000000 1.000000
-0.796129 -1.000000 1.000000
-1.165124 -1.000000 1.000000
-0.987163 -1.000000 1.000000
-0.839270 -1.000000 1.000000
-1.102358 -1.000000 1.000000
-1.089943 -1.000000 1.000000
-1.185812 -1.000000 1.000000
-0.798519 -1.000000 1.000000
-1.082472 -1.000000 1.000000
-0.799774 -1.000000 1.000000
-0.940349 -1.000000 1.000000
-0.794616 -1.000000 1.000000
-0.765247 -1.000000 1.000000
-0.672456 -1.000000 1.000000
-1.565512 -1.000000 1.000000
-1.176699 -1.000000 1.000000
-1.068612 -1.000000 1.000000
-0.537127 -1.000000 1.000000
-0.662489 -1.000000 1.000000
-1.123737 -1.000000 1.000000
-1.360480 -1.000000 1.000000
-1.489666 -1.000000 1.000000
-0.494550 -1.000000 1.000000
-0.849610 -1.000000 1.000000
-1.020045 -1.000000 1.000000
-1.458851 -1.000000 1.000000
-0.997074 -1.000000 1.000000
-1.345491 -1.000000 1.000000
-1.186920 -1.000000 1.000000
-1.091088 -1.000000 1.000000
-1.550782 -1.000000 1.000000
-0.658924 -1.000000 1.000000
-1.150424 -1.000000 1.000000
-1.608461 -1.000000 1.000000
-1.116562 -1.000000 1.000000
-0.923537 -1.000000 1.000000
-1.059097 -1.000000 1.000000
-1.173383 -1.000000 1.000000
-1.091256 -1.000000 1.000000
-1.210456 -1.000000 1.000000
-1.409685 -1.000000 1.000000
-0.745590 -1.000000 1.000000
-1.190469 -1.000000 1.000000
-1.124258 -1.000000 1.000000
-1.168586 -1.000000 1.000000
-0.443820 -1.000000 1.000000
-0.869885 -1.000000 1.000000
-0.986098 -1.000000 1.000000
-1.164228 -1.000000 1.000000
-1.385506 -1.000000 1.000000
-1.443237 -1.000000 1.000000
-1.061554 -1.000000 1.000000
-0.881650 -1.000000 1.000000
-0.750028 -1.000000 1.000000
-1.008510 -1.000000 1.000000
-1.600195 -1.000000 1.000000
-0.850723 -1.000000 1.000000
-0.738358 -1.000000 1.000000
-1.019581 -1.000000 1.000000
-1.268400 -1.000000 1.000000
-0.981228 -1.000000 1.000000
-0.918043 -1.000000 1.000000
-1.290921 -1.000000 1.000000
-1.173762 -1.000000 1.000000
-0.984194 -1.000000 1.000000
-0.944542 -1.000000 1.000000
-1.311183 -1.000000 1.000000
-0.962405 -1.000000 1.000000
-0.923200 -1.000000 1.000000
-1.130639 -1.000000 1.000000
-0.753173 -1.000000 1.000000
-0.696028 -1.000000 1.000000
-0.908222 -1.000000 1.000000
-1.266681 -1.000000 1.000000
-1.053321 -1.000000 1.000000
-0.995511 -1.000000 1.000000
-1.400237 -1.000000 1.000000
-1.088127 -1.000000 1.000000
-0.942624 -1.000000 1.000000
-0.949111 -1.000000 1.000000
-0.518760 -1.000000 1.000000
-0.976423 -1.000000 1.000000
-0.900370 -1.000000 1.000000
-0.662620 -1.000000 1.000000
-0.806191 -1.000000 1.000000
-1.209930 -1.000000 1.000000
-1.049111 -1.000000 1.000000
-0.925831 -1.000000 1.000000
-1.288517 -1.000000 1.000000
-0.807323 -1.000000 1.000000
-1.037674 -1.000000 1.000000
-0.789605 -1.000000 1.000000
-1.316016 -1.000000 1.000000
-0.468347 -1.000000 1.000000
-0.727310 -1.000000 1.000000
-0.952134 -1.000000 1.000000
-0.782534 -1.000000 1.000000
-0.750286 -1.000000 1.000000
-0.804593 -1.000000 1.000000
-1.253352 -1.000000 1.000000
-0.587024 -1.000000 1.000000
-0.459814 -1.000000 1.000000
-0.863438 -1.000000 1.000000
-0.703453 -1.000000 1.000000
-1.210758 -1.000000 1.000000
-0.998548 -1.000000 1.000000
-0.940569 -1.000000 1.000000
-1.232529 -1.000000 1.000000
-0.744702 -1.000000 1.000000
-1.250025 -1.000000 1.000000
-0.854157 -1.000000 1.000000
-1.008676 -1.000000 1.000000
-0.688360 -1.000000 1.000000
-0.716425 -1.000000 1.000000
-1.521428 -1.000000 1.000000
-1.115863 -1.000000 1.000000
-1.273903 -1.000000 1.000000
-0.893059 -1.000000 1.000000
-1.089923 -1.000000 1.000000
-1.157812 -1.000000 1.000000
-0.852375 -1.000000 1.000000
-1.095830 -1.000000 1.000000
-0.900533 -1.000000 1.000000
-0.945753 -1.000000 1.000000
-0.670575 -1.000000 1.000000
-0.681458 -1.000000 1.000000
-0.863168 -1.000000 1.000000
-0.999983 -1.000000 1.000000
-0.674434 -1.000000 1.000000
-0.902813 -1.000000 1.000000
-0.982097 -1.000000 1.000000
-1.075561 -1.000000 1.000000
-1.019212 -1.000000 1.000000
-0.815674 -1.000000 1.000000
-1.096172 -1.000000 1.000000
-0.693912 -1.000000 1.000000
-1.189493 -1.000000 1.000000
-1.360307 -1.000000 1.000000
-0.990365 -1.000000 1.000000
-0.945438 -1.000000 1.000000
-0.928120 -1.000000 1.000000
-1.192830 -1.000000 1.000000
-0.954249 -1.000000 1.000000
-0.788914 -1.000000 1.000000
-0.748277 -1.000000 1.000000
-1.012484 -1.000000 1.000000
-1.447892 -1.000000 1.000000
-0.983693 -1.000000 1.000000
-0.922149 -1.000000 1.000000
-0.835059 -1.000000 1.000000
-0.930179 -1.000000 1.000000
-1.383568 -1.000000 1.000000
-1.096737 -1.000000 1.000000
-0.990876 -1.000000 1.000000
-1.095116 -1.000000 1.000000
-1.607262 -1.000000 1.000000
-0.415988 -1.000000 1.000000
-0.835714 -1.000000 1.000000
-1.310607 -1.000000 1.000000
-0.784944 -1.000000 1.000000
-1.062601 -1.000000 1.000000
-0.565098 -1.000000 1.000000
-1.369096 -1.000000 1.000000
-0.894834 -1.000000 1.000000
-1.280172 -1.000000 1.000000
-0.429681 -1.000000 1.000000
-0.757127 -1.000000 1.000000
-0.632432 -1.000000 1.000000
-0.849083 -1.000000 1.000000
-0.658567 -1.000000 1.000000
-1.383097 -1.000000 1.000000
-0.626158 -1.000000 1.000000
-1.175878 -1.000000 1.000000
-1.596329 -1.000000 1.000000
-0.900901 -1.000000 1.000000
-0.923181 -1.000000 1.000000
-1.088794 -1.000000 1.000000
-0.801480 -1.000000 1.000000
-0.558367 -1.000000 1.000000
-0.819696 -1.000000 1.000000
-0.742422 -1.000000 1.000000
-1.351940 -1.000000 1.000000
-0.927036 -1.000000 1.000000
-1.249224 -1.000000 1.000000
-1.551826 -1.000000 1.000000
-1.078741 -1.000000 1.000000
-0.893831 -1.000000 1.000000
-1.416195 -1.000000 1.000000
-0.726112 -1.000000 1.000000
-1.358677 -1.000000 1.000000
-0.975014 -1.000000 1.000000
-0.696488 -1.000000 1.000000
-0.323083 -1.000000 1.000000
-0.842329 -1.000000 1.000000
-1.086086 -1.000000 1.000000
-1.321258 -1.000000 1.000000
-0.540285 -1.000000 1.000000
-1.095812 -1.000000 1.000000
-0.882851 -1.000000 1.000000
-0.644330 -1.000000 1.000000
-0.743238 -1.000000 1.000000
-0.871025 -1.000000 1.000000
-1.072858 -1.000000 1.000000
-1.208999 -1.000000 1.000000
-1.069565 -1.000000 1.000000
-1.118003 -1.000000 1.000000
-1.289431 -1.000000 1.000000
-0.891513 -1.000000 1.000000
-1.014129 -1.000000 1.000000
-0.990074 -1.000000 1.000000
-0.915995 -1.000000 1.000000
-0.866761 -1.000000 1.000000
-0.984222 -1.000000 1.000000
-0.407320 -1.000000 1.000000
-1.407837 -1.000000 1.000000
-1.084384 -1.000000 1.000000
-1.366418 -1.000000 1.000000
-0.762791 -1.000000 1.000000
-1.002681 -1.000000 1.000000
-1.009727 -1.000000 1.000000
-0.861745 -1.000000 1.000000
-1.290310 -1.000000 1.000000
-1.363489 -1.000000 1.000000
-0.474458 -1.000000 1.000000
-1.261918 -1.000000 1.000000
-0.984385 -1.000000 1.000000
-0.688741 -1.000000 1.000000
-1.658098 -1.000000 1.000000
-0.671288 -1.000000 1.000000
-0.929567 -1.000000 1.000000
-0.815447 -1.000000 1.000000
-0.930156 -1.000000 1.000000
-1.735764 -1.000000 1.000000
-0.980647 -1.000000 1.000000
-1.253463 -1.000000 1.000000
-0.912227 -1.000000 1.000000
-0.833353 -1.000000 1.000000
-1.154950 -1.000000 1.000000
-1.023706 -1.000000 1.000000
-0.745153 -1.000000 1.000000
-0.767721 -1.000000 1.000000
-1.104207 -1.000000 1.000000
-1.413070 -1.000000 1.000000
-0.998381 -1.000000 1.000000
-0.995492 -1.000000 1.000000
-1.019764 -1.000000 1.000000
-1.196414 -1.000000 1.000000
-1.042491 -1.000000 1.000000
-0.769574 -1.000000 1.000000
-0.991061 -1.000000 1.000000
-0.910961 -1.000000 1.000000
-0.782935 -1.000000 1.000000
-1.010845 -1.000000 1.000000
-1.439699 -1.000000 1.000000
-0.974590 -1.000000 1.000000
-0.974951 -1.000000 1.000000
-0.883820 -1.000000 1.000000
-1.171446 -1.000000 1.000000
-1.191861 -1.000000 1.000000
-1.009310 -1.000000 1.000000
-1.011823 -1.000000 1.000000
-1.219760 -1.000000 1.000000
-0.875038 -1.000000 1.000000
-1.420615 -1.000000 1.000000
-1.222183 -1.000000 1.000000
-0.644403 -1.000000 1.000000
-0.882535 -1.000000 1.000000
-1.020187 -1.000000 1.000000
-0.572461 -1.000000 1.000000
-0.931448 -1.000000 1.000000
-1.192652 -1.000000 1.000000
-1.046719 -1.000000 1.000000
-1.117514 -1.000000 1.000000
-0.735848 -1.000000 1.000000
-0.784963 -1.000000 1.000000
-1.337643 -1.000000 1.000000
-0.742326 -1.000000 1.000000
-1.195931 -1.000000 1.000000
-0.910692 -1.000000 1.000000
-1.020030 -1.000000 1.000000
-1.155113 -1.000000 1.000000
-1.078597 -1.000000 1.000000
-1.156627 -1.000000 1.000000
-0.917173 -1.000000 1.000000
-1.265137 -1.000000 1.000000
-1.312643 -1.000000 1.000000
-0.687081 -1.000000 1.000000
-0.697117 -1.000000 1.000000
-0.690939 -1.000000 1.000000
-1.113731 -1.000000 1.000000
-0.985596 -1.000000 1.000000
-1.297160 -1.000000 1.000000
-0.817634 -1.000000 1.000000
-1.075159 -1.000000 1.000000
-0.689639 -1.000000 1.000000
-1.119676 -1.000000 1.000000
-1.067758 -1.000000 1.000000
-1.062878 -1.000000 1.000000
-0.980631 -1.000000 1.000000
-0.543477 -1.000000 1.000000
-0.398902 -1.000000 1.000000
-0.872228 -1.000000 1.000000
-0.677122 -1.000000 1.000000
-0.474581 -1.000000 1.000000
-1.180757 -1.000000 1.000000
-0.734440 -1.000000 1.000000
-0.792013 -1.000000 1.000000
-0.986168 -1.000000 1.000000
-1.302196 -1.000000 1.000000
-1.949135 -1.000000 1.000000
-1.237013 -1.000000 1.000000
-1.061778 -1.000000 1.000000
-0.973001 -1.000000 1.000000
-1.094959 -1.000000 1.000000
-0.775625 -1.000000 1.000000
-0.959744 -1.000000 1.000000
-0.903919 -1.000000 1.000000
-0.505168 -1.000000 1.000000
-1.084894 -1.000000 1.000000
-0.960723 -1.000000 1.000000
-1.103714 -1.000000 1.000000
-1.456708 -1.000000 1.000000
-0.931790 -1.000000 1.000000
-1.322857 -1.000000 1.000000
-1.082984 -1.000000 1.000000
-1.082770 -1.000000 1.000000
-1.089210 -1.000000 1.000000
-0.580799 -1.000000 1.000000
-1.128806 -1.000000 1.000000
-0.789133 -1.000000 1.000000
-0.757530 -1.000000 1.000000
-0.539993 -1.000000 1.000000
-0.685627 -1.000000 1.000000
-0.723523 -1.000000 1.000000
-1.051353 -1.000000 1.000000
-1.272418 -1.000000 1.000000
-1.009762 -1.000000 1.000000
-1.082302 -1.000000 1.000000
-1.050755 -1.000000 1.000000
-0.797862 -1.000000 1.000000
-1.366171 -1.000000 1.000000
-0.816365 -1.000000 1.000000
-0.908149 -1.000000 1.000000
-1.098430 -1.000000 1.000000
-0.886472 -1.000000 1.000000
-1.109176 -1.000000 1.000000
-1.402614 -1.000000 1.000000
-0.494643 -1.000000 1.000000
-0.195539 0.000000 1.000000
-0.119637 0.000000 1.000000
-0.161332 0.000000 1.000000
0.118024 0.000000 1.000000
0.103498 0.000000 1.000000
0.027009 0.000000 1.000000
0.261124 0.000000 1.000000
0.289150 0.000000 1.000000
-0.399912 0.000000 1.000000
-0.140497 0.000000 1.000000
0.015331 0.000000 1.000000
-0.206547 0.000000 1.000000
-0.486818 0.000000 1.000000
0.016439 0.000000 1.000000
0.069280 0.000000 1.000000
-0.032504 0.000000 1.000000
0.042855 0.000000 1.000000
-0.188305 0.000000 1.000000
0.302548 0.000000 1.000000
0.027550 0.000000 1.000000
0.015187 0.000000 1.000000
0.087812 0.000000 1.000000
0.095096 0.000000 1.000000
0.255144 0.000000 1.000000
0.076378 0.000000 1.000000
-0.392735 0.000000 1.000000
0.055469 0.000000 1.000000
-0.210810 0.000000 1.000000
0.368719 0.000000 1.000000
-0.032917 0.000000 1.000000
0.269969 0.000000 1.000000
0.150730 0.000000 1.000000
0.061538 0.000000 1.000000
-0.006097 0.000000 1.000000
-0.093214 0.000000 1.000000
0.232966 0.000000 1.000000
0.260978 0.000000 1.000000
0.149352 0.000000 1.000000
0.008434 0.000000 1.000000
-0.049628 0.000000 1.000000
0.389092 0.000000 1.000000
0.109542 0.000000 1.000000
0.105082 0.000000 1.000000
0.306058 0.000000 1.000000
-0.268103 0.000000 1.000000
-0.001543 0.000000 1.000000
0.320647 0.000000 1.000000
0.031873 0.000000 1.000000
0.086167 0.000000 1.000000
0.450610 0.000000 1.000000
-0.469524 0.000000 1.000000
-0.087402 0.000000 1.000000
-0.013094 0.000000 1.000000
0.078353 0.000000 1.000000
-0.205860 0.000000 1.000000
0.253616 0.000000 1.000000
0.059233 0.000000 1.000000
-0.095487 0.000000 1.000000
0.366456 0.000000 1.000000
0.242385 0.000000 1.000000
0.037668 0.000000 1.000000
0.395674 0.000000 1.000000
-0.321570 0.000000 1.000000
0.047405 0.000000 1.000000
-0.217778 0.000000 1.000000
-0.268856 0.000000 1.000000
0.401555 0.000000 1.000000
0.283966 0.000000 1.000000
0.054802 0.000000 1.000000
-0.027535 0.000000 1.000000
0.036893 0.000000 1.000000
0.359722 0.000000 1.000000
-0.081972 0.000000 1.000000
-0.219701 0.000000 1.000000
-0.383308 0.000000 1.000000
0.010653 0.000000 1.000000
0.275826 0.000000 1.000000
0.112986 0.000000 1.000000
0.065185 0.000000 1.000000
0.128359 0.000000 1.000000
0.156114 0.000000 1.000000
-0.207530 0.000000 1.000000
0.077920 0.000000 1.000000
0.029021 0.000000 1.000000
-0.458158 0.000000 1.000000
-0.191468 0.000000 1.000000
0.232444 0.000000 1.000000
0.166377 0.000000 1.000000
-0.096987 0.000000 1.000000
0.131216 0.000000 1.000000
-0.158223 0.000000 1.000000
0.362094 0.000000 1.000000
0.059617 0.000000 1.000000
-0.207010 0.000000 1.000000
0.312436 0.000000 1.000000
-0.158559 0.000000 1.000000
0.152614 0.000000 1.000000
-0.007768 0.000000 1.000000
-0.321213 0.000000 1.000000
-0.088817 0.000000 1.000000
-0.599228 0.000000 1.000000
-0.225974 0.000000 1.000000
0.127915 0.000000 1.000000
0.492374 0.000000 1.000000
-0.317714 0.000000 1.000000
-0.298022 0.000000 1.000000
-0.024058 0.000000 1.000000
0.139044 0.000000 1.000000
0.205127 0.000000 1.000000
-0.268035 0.000000 1.000000
0.098553 0.000000 1.000000
0.136781 0.000000 1.000000
-0.180148 0.000000 1.000000
-0.074941 0.000000 1.000000
0.199703 0.000000 1.000000
-0.052018 0.000000 1.000000
-0.291265 0.000000 1.000000
-0.006167 0.000000 1.000000
0.017682 0.000000 1.000000
0.209673 0.000000 1.000000
0.303131 0.000000 1.000000
0.152595 0.000000 1.000000
0.055037 0.000000 1.000000
-0.103792 0.000000 1.000000
0.018509 0.000000 1.000000
0.024773 0.000000 1.000000
-0.371841 0.000000 1.000000
0.090083 0.000000 1.000000
0.222588 0.000000 1.000000
0.100654 0.000000 1.000000
-0.122086 0.000000 1.000000
0.160684 0.000000 1.000000
0.316705 0.000000 1.000000
-0.077269 0.000000 1.000000
-0.090473 0.000000 1.000000
-0.066137 0.000000 1.000000
0.395434 0.000000 1.000000
-0.474671 0.000000 1.000000
-0.420810 0.000000 1.000000
0.219163 0.000000 1.000000
0.201682 0.000000 1.000000
-0.193477 0.000000 1.000000
-0.262284 0.000000 1.000000
0.007338 0.000000 1.000000
-0.590673 0.000000 1.000000
-0.054337 0.000000 1.000000
-0.027512 0.000000 1.000000
-0.357946 0.000000 1.000000
-0.307522 0.000000 1.000000
-0.250192 0.000000 1.000000
0.154378 0.000000 1.000000
-0.060206 0.000000 1.000000
-0.014351 0.000000 1.000000
-0.056363 0.000000 1.000000
0.024541 0.000000 1.000000
0.301526 0.000000 1.000000
-0.378575 0.000000 1.000000
-0.253929 0.000000 1.000000
0.104030 0.000000 1.000000
0.041878 0.000000 1.000000
0.032202 0.000000 1.000000
-0.039953 0.000000 1.000000
0.357290 0.000000 1.000000
0.201414 0.000000 1.000000
-0.179168 0.000000 1.000000
0.049536 0.000000 1.000000
-0.233904 0.000000 1.000000
-0.007793 0.000000 1.000000
0.073490 0.000000 1.000000
-0.317901 0.000000 1.000000
0.379299 0.000000 1.000000
-0.108500 0.000000 1.000000
0.162100 0.000000 1.000000
0.276810 0.000000 1.000000
-0.109351 0.000000 1.000000
0.002138 0.000000 1.000000
0.198718 0.000000 1.000000
0.157948 0.000000 1.000000
0.052503 0.000000 1.000000
-0.116335 0.000000 1.000000
0.410103 0.000000 1.000000
0.224669 0.000000 1.000000
0.025777 0.000000 1.000000
-0.210800 0.000000 1.000000
-0.016609 0.000000 1.000000
0.095116 0.000000 1.000000
0.308902 0.000000 1.000000
-0.375662 0.000000 1.000000
0.073633 0.000000 1.000000
-0.144214 0.000000 1.000000
0.176925 0.000000 1.000000
0.161684 0.000000 1.000000
-0.443242 0.000000 1.000000
0.197896 0.000000 1.000000
0.074505 0.000000 1.000000
-0.016930 0.000000 1.000000
0.123582 0.000000 1.000000
-0.349565 0.000000 1.000000
-0.494676 0.000000 1.000000
-0.031144 0.000000 1.000000
-0.050576 0.000000 1.000000
0.292610 0.000000 1.000000
0.260775 0.000000 1.000000
0.070259 0.000000 1.000000
0.048521 0.000000 1.000000
0.150456 0.000000 1.000000
0.245927 0.000000 1.000000
0.571974 0.000000 1.000000
0.136871 0.000000 1.000000
0.405439 0.000000 1.000000
0.162307 0.000000 1.000000
0.089477 0.000000 1.000000
0.000155 0.000000 1.000000
0.159814 0.000000 1.000000
0.317452 0.000000 1.000000
-0.070643 0.000000 1.000000
0.028681 0.000000 1.000000
-0.033360 0.000000 1.000000
-0.160204 0.000000 1.000000
-0.267946 0.000000 1.000000
0.277239 0.000000 1.000000
-0.279548 0.000000 1.000000
0.014468 0.000000 1.000000
0.089196 0.000000 1.000000
-0.271245 0.000000 1.000000
0.232961 0.000000 1.000000
-0.347483 0.000000 1.000000
0.191986 0.000000 1.000000
-0.268955 0.000000 1.000000
0.193176 0.000000 1.000000
-0.523621 0.000000 1.000000
-0.321528 0.000000 1.000000
0.091052 0.000000 1.000000
-0.313801 0.000000 1.000000
-0.035859 0.000000 1.000000
-0.345337 0.000000 1.000000
0.141232 0.000000 1.000000
-0.755691 0.000000 1.000000
-0.067667 0.000000 1.000000
0.593242 0.000000 1.000000
-0.225587 0.000000 1.000000
0.278201 0.000000 1.000000
-0.038565 0.000000 1.000000
0.200733 0.000000 1.000000
0.198381 0.000000 1.000000
-0.154275 0.000000 1.000000
-0.269810 0.000000 1.000000
0.193087 0.000000 1.000000
-0.051483 0.000000 1.000000
-0.153935 0.000000 1.000000
0.000172 0.000000 1.000000
-0.287811 0.000000 1.000000
0.047460 0.000000 1.000000
0.151852 0.000000 1.000000
0.158957 0.000000 1.000000
0.479004 0.000000 1.000000
-0.422044 0.000000 1.000000
-0.163379 0.000000 1.000000
0.289890 0.000000 1.000000
0.486886 0.000000 1.000000
-0.677352 0.000000 1.000000
0.371565 0.000000 1.000000
-0.345480 0.000000 1.000000
-0.065149 0.000000 1.000000
0.063602 0.000000 1.000000
0.041482 0.000000 1.000000
-0.116456 0.000000 1.000000
-0.231982 0.000000 1.000000
0.000739 0.000000 1.000000
-0.051140 0.000000 1.000000
0.487803 0.000000 1.000000
0.203864 0.000000 1.000000
-0.111303 0.000000 1.000000
0.054893 0.000000 1.000000
-0.224410 0.000000 1.000000
0.049074 0.000000 1.000000
-0.013255 0.000000 1.000000
-0.184335 0.000000 1.000000
0.031831 0.000000 1.000000
0.058025 0.000000 1.000000
0.019281 0.000000 1.000000
-0.088957 0.000000 1.000000
0.203040 0.000000 1.000000
-0.027187 0.000000 1.000000
0.044223 0.000000 1.000000
-0.058380 0.000000 1.000000
0.049140 0.000000 1.000000
-0.406231 0.000000 1.000000
0.168020 0.000000 1.000000
-0.358846 0.000000 1.000000
0.498098 0.000000 1.000000
0.275333 0.000000 1.000000
-0.276778 0.000000 1.000000
-0.003410 0.000000 1.000000
-0.442997 0.000000 1.000000
-0.288895 0.000000 1.000000
-0.133727 0.000000 1.000000
0.039420 0.000000 1.000000
-0.189298 0.000000 1.000000
0.217002 0.000000 1.000000
0.221193 0.000000 1.000000
-0.024680 0.000000 1.000000
-0.274532 0.000000 1.000000
0.022476 0.000000 1.000000
0.044117 0.000000 1.000000
0.135780 0.000000 1.000000
-0.228460 0.000000 1.000000
0.561121 0.000000 1.000000
-0.346941 0.000000 1.000000
-0.158263 0.000000 1.000000
0.581331 0.000000 1.000000
-0.088363 0.000000 1.000000
0.283259 0.000000 1.000000
0.004379 0.000000 1.000000
-0.483518 0.000000 1.000000
0.044713 0.000000 1.000000
-0.216526 0.000000 1.000000
0.191548 0.000000 1.000000
0.033730 0.000000 1.000000
0.289201 0.000000 1.000000
0.479055 0.000000 1.000000
-0.034583 0.000000 1.000000
-0.294905 0.000000 1.000000
-0.086856 0.000000 1.000000
-0.018222 0.000000 1.000000
-0.123328 0.000000 1.000000
0.089010 0.000000 1.000000
-0.042336 0.000000 1.000000
0.038917 0.000000 1.000000
-0.013209 0.000000 1.000000
-0.089199 0.000000 1.000000
0.162536 0.000000 1.000000
0.158642 0.000000 1.000000
0.040012 0.000000 1.000000
0.400770 0.000000 1.000000
-0.158932 0.000000 1.000000
-0.094201 0.000000 1.000000
-0.254537 0.000000 1.000000
0.185093 0.000000 1.000000
-0.207816 0.000000 1.000000
0.137384 0.000000 1.000000
0.212164 0.000000 1.000000
-0.341469 0.000000 1.000000
-0.041442 0.000000 1.000000
0.181922 0.000000 1.000000
-0.449715 0.000000 1.000000
-0.044650 0.000000 1.000000
0.132004 0.000000 1.000000
-0.074956 0.000000 1.000000
0.235359 0.000000 1.000000
-0.113066 0.000000 1.000000
0.125738 0.000000 1.000000
0.011770 0.000000 1.000000
-0.559786 0.000000 1.000000
-0.052322 0.000000 1.000000
0.122267 0.000000 1.000000
-0.156178 0.000000 1.000000
0.143491 0.000000 1.000000
-0.148994 0.000000 1.000000
-0.158276 0.000000 1.000000
-0.261944 0.000000 1.000000
0.415919 0.000000 1.000000
0.388855 0.000000 1.000000
-0.170353 0.000000 1.000000
0.087725 0.000000 1.000000
-0.003053 0.000000 1.000000
-0.347494 0.000000 1.000000
0.032081 0.000000 1.000000
-0.117422 0.000000 1.000000
0.644852 0.000000 1.000000
-0.140689 0.000000 1.000000
-0.149982 0.000000 1.000000
0.075026 0.000000 1.000000
0.090940 0.000000 1.000000
-0.007486 0.000000 1.000000
0.450504 0.000000 1.000000
0.258373 0.000000 1.000000
-0.154878 0.000000 1.000000
-0.433900 0.000000 1.000000
-0.121156 0.000000 1.000000
0.014199 0.000000 1.000000
-0.074527 0.000000 1.000000
-0.040584 0.000000 1.000000
0.090304 0.000000 1.000000
0.148776 0.000000 1.000000
0.160080 0.000000 1.000000
-0.196756 0.000000 1.000000
0.243855 0.000000 1.000000
-0.023176 0.000000 1.000000
0.182509 0.000000 1.000000
0.279523 0.000000 1.000000
0.796242 0.000000 1.000000
-0.062285 0.000000 1.000000
0.054173 0.000000 1.000000
-0.095854 0.000000 1.000000
-0.369458 0.000000 1.000000
-0.084972 0.000000 1.000000
-0.358620 0.000000 1.000000
0.323450 0.000000 1.000000
0.268789 0.000000 1.000000
0.476167 0.000000 1.000000
-0.169053 0.000000 1.000000
-0.091212 0.000000 1.000000
-0.016225 0.000000 1.000000
-0.099678 0.000000 1.000000
0.645245 0.000000 1.000000
0.003251 0.000000 1.000000
-0.272800 0.000000 1.000000
-0.101756 0.000000 1.000000
0.342867 0.000000 1.000000
-0.450520 0.000000 1.000000
-0.318558 0.000000 1.000000
0.113578 0.000000 1.000000
-0.379598 0.000000 1.000000
-0.122913 0.000000 1.000000
-0.140259 0.000000 1.000000
0.055066 0.000000 1.000000
0.390202 0.000000 1.000000
0.070296 0.000000 1.000000
-0.709562 0.000000 1.000000
0.236474 0.000000 1.000000
-0.076555 0.000000 1.000000
-0.203720 0.000000 1.000000
-0.405475 0.000000 1.000000
0.346810 0.000000 1.000000
-0.081875 0.000000 1.000000
0.332353 0.000000 1.000000
-0.208739 0.000000 1.000000
-0.111724 0.000000 1.000000
-0.436325 0.000000 1.000000
-0.247491 0.000000 1.000000
0.344616 0.000000 1.000000
-0.572778 0.000000 1.000000
0.281802 0.000000 1.000000
-0.483195 0.000000 1.000000
-0.151235 0.000000 1.000000
0.001525 0.000000 1.000000
0.048764 0.000000 1.000000
-0.111334 0.000000 1.000000
-0.332325 0.000000 1.000000
0.275103 0.000000 1.000000
0.205071 0.000000 1.000000
0.172251 0.000000 1.000000
-0.502787 0.000000 1.000000
-0.196400 0.000000 1.000000
0.103059 0.000000 1.000000
0.285588 0.000000 1.000000
0.545928 0.000000 1.000000
0.044388 0.000000 1.000000
-0.028931 0.000000 1.000000
-0.306157 0.000000 1.000000
-0.085870 0.000000 1.000000
0.243401 0.000000 1.000000
0.023111 0.000000 1.000000
0.187241 0.000000 1.000000
0.252973 0.000000 1.000000
-0.321850 0.000000 1.000000
0.022090 0.000000 1.000000
-0.024089 0.000000 1.000000
0.268453 0.000000 1.000000
0.068152 0.000000 1.000000
-0.146019 0.000000 1.000000
0.012485 0.000000 1.000000
0.235943 0.000000 1.000000
-0.115656 0.000000 1.000000
-0.177554 0.000000 1.000000
0.408434 0.000000 1.000000
-0.213361 0.000000 1.000000
-0.120459 0.000000 1.000000
-0.335593 0.000000 1.000000
0.015368 0.000000 1.000000
0.019242 0.000000 1.000000
0.049180 0.000000 1.000000
0.096307 0.000000 1.000000
0.129805 0.000000 1.000000
-0.145508 0.000000 1.000000
0.101650 0.000000 1.000000
0.093264 0.000000 1.000000
0.320496 0.000000 1.000000
-0.108688 0.000000 1.000000
0.217167 0.000000 1.000000
0.267027 0.000000 1.000000
0.407060 0.000000 1.000000
0.086126 0.000000 1.000000
-0.542469 0.000000 1.000000
-0.257895 0.000000 1.000000
-0.075313 0.000000 1.000000
-0.003088 0.000000 1.000000
0.211075 0.000000 1.000000
0.066573 0.000000 1.000000
0.020613 0.000000 1.000000
0.166602 0.000000 1.000000
0.226270 0.000000 1.000000
0.112260 0.000000 1.000000
0.096380 0.000000 1.000000
-0.055177 0.000000 1.000000
0.166530 0.000000 1.000000
0.108065 0.000000 1.000000
0.316138 0.000000 1.000000
-0.352934 0.000000 1.000000
1.140369 1.000000 1.000000
1.281859 1.000000 1.000000
1.243347 1.000000 1.000000
1.319122 1.000000 1.000000
1.028663 1.000000 1.000000
1.041725 1.000000 1.000000
0.622428 1.000000 1.000000
1.272081 1.000000 1.000000
1.165519 1.000000 1.000000
0.882339 1.000000 1.000000
1.314760 1.000000 1.000000
1.014321 1.000000 1.000000
0.757458 1.000000 1.000000
0.940478 1.000000 1.000000
0.872148 1.000000 1.000000
0.839665 1.000000 1.000000
1.223187 1.000000 1.000000
1.033657 1.000000 1.000000
0.783253 1.000000 1.000000
1.470350 1.000000 1.000000
0.966035 1.000000 1.000000
0.839533 1.000000 1.000000
1.374150 1.000000 1.000000
0.799033 1.000000 1.000000
0.624173 1.000000 1.000000
1.280441 1.000000 1.000000
1.200538 1.000000 1.000000
1.140206 1.000000 1.000000
1.019108 1.000000 1.000000
1.113265 1.000000 1.000000
0.733267 1.000000 1.000000
1.169726 1.000000 1.000000
0.999350 1.000000 1.000000
1.185575 1.000000 1.000000
1.091503 1.000000 1.000000
1.072773 1.000000 1.000000
1.147633 1.000000 1.000000
1.205499 1.000000 1.000000
0.920249 1.000000 1.000000
1.020085 1.000000 1.000000
0.549657 1.000000 1.000000
1.501771 1.000000 1.000000
0.784496 1.000000 1.000000
1.404648 1.000000 1.000000
1.281896 1.000000 1.000000
0.852645 1.000000 1.000000
1.074670 1.000000 1.000000
1.115264 1.000000 1.000000
0.584590 1.000000 1.000000
1.439759 1.000000 1.000000
0.946214 1.000000 1.000000
1.167028 1.000000 1.000000
1.055720 1.000000 1.000000
1.462235 1.000000 1.000000
0.748682 1.000000 1.000000
1.114442 1.000000 1.000000
0.911636 1.000000 1.000000
0.890578 1.000000 1.000000
0.901151 1.000000 1.000000
0.784214 1.000000 1.000000
1.015362 1.000000 1.000000
0.643402 1.000000 1.000000
1.456848 1.000000 1.000000
1.003321 1.000000 1.000000
1.141009 1.000000 1.000000
0.894137 1.000000 1.000000
0.907606 1.000000 1.000000
0.816944 1.000000 1.000000
0.600484 1.000000 1.000000
1.330588 1.000000 1.000000
0.717940 1.000000 1.000000
0.341255 1.000000 1.000000
1.062764 1.000000 1.000000
0.995652 1.000000 1.000000
0.944592 1.000000 1.000000
1.193256 1.000000 1.000000
1.142595 1.000000 1.000000
0.849222 1.000000 1.000000
0.875234 1.000000 1.000000
1.675877 1.000000 1.000000
1.037147 1.000000 1.000000
0.802383 1.000000 1.000000
1.149152 1.000000 1.000000
0.590425 1.000000 1.000000
1.650493 1.000000 1.000000
0.753334 1.000000 1.000000
1.165100 1.000000 1.000000
1.187100 1.000000 1.000000
1.201026 1.000000 1.000000
0.971020 1.000000 1.000000
1.014770 1.000000 1.000000
1.329797 1.000000 1.000000
1.105361 1.000000 1.000000
1.089470 1.000000 1.000000
1.080136 1.000000 1.000000
0.819500 1.000000 1.000000
0.919926 1.000000 1.000000
1.458400 1.000000 1.000000
1.119286 1.000000 1.000000
1.050653 1.000000 1.000000
1.343944 1.000000 1.000000
1.307264 1.000000 1.000000
0.654872 1.000000 1.000000
1.304206 1.000000 1.000000
1.027989 1.000000 1.000000
0.559669 1.000000 1.000000
1.110081 1.000000 1.000000
1.227101 1.000000 1.000000
1.063738 1.000000 1.000000
0.924886 1.000000 1.000000
1.054273 1.000000 1.000000
0.567424 1.000000 1.000000
0.922648 1.000000 1.000000
0.900127 1.000000 1.000000
1.043000 1.000000 1.000000
1.118118 1.000000 1.000000
0.737816 1.000000 1.000000
1.102751 1.000000 1.000000
0.848387 1.000000 1.000000
1.095315 1.000000 1.000000
1.148839 1.000000 1.000000
1.125748 1.000000 1.000000
1.073404 1.000000 1.000000
1.203113 1.000000 1.000000
1.192993 1.000000 1.000000
0.575114 1.000000 1.000000
1.066666 1.000000 1.000000
1.025963 1.000000 1.000000
1.097967 1.000000 1.000000
0.820551 1.000000 1.000000
1.279062 1.000000 1.000000
1.052465 1.000000 1.000000
1.382317 1.000000 1.000000
0.652002 1.000000 1.000000
1.213226 1.000000 1.000000
0.780612 1.000000 1.000000
1.398912 1.000000 1.000000
1.036733 1.000000 1.000000
0.783321 1.000000 1.000000
1.347716 1.000000 1.000000
1.066636 1.000000 1.000000
1.237728 1.000000 1.000000
1.044694 1.000000 1.000000
1.093012 1.000000 1.000000
0.979072 1.000000 1.000000
0.869414 1.000000 1.000000
1.050681 1.000000 1.000000
0.964055 1.000000 1.000000
0.714022 1.000000 1.000000
0.718544 1.000000 1.000000
0.981624 1.000000 1.000000
0.763734 1.000000 1.000000
0.718540 1.000000 1.000000
0.809978 1.000000 1.000000
0.668057 1.000000 1.000000
0.850549 1.000000 1.000000
0.786630 1.000000 1.000000
1.033507 1.000000 1.000000
1.096940 1.000000 1.000000
1.180229 1.000000 1.000000
1.160309 1.000000 1.000000
0.905541 1.000000 1.000000
1.018211 1.000000 1.000000
1.198587 1.000000 1.000000
1.305164 1.000000 1.000000
1.125065 1.000000 1.000000
0.922722 1.000000 1.000000
0.722162 1.000000 1.000000
1.321879 1.000000 1.000000
1.339388 1.000000 1.000000
1.083608 1.000000 1.000000
0.845711 1.000000 1.000000
1.003165 1.000000 1.000000
0.729433 1.000000 1.000000
1.122993 1.000000 1.000000
0.503766 1.000000 1.000000
1.203202 1.000000 1.000000
0.588020 1.000000 1.000000
1.827558 1.000000 1.000000
1.181424 1.000000 1.000000
1.154341 1.000000 1.000000
1.373990 1.000000 1.000000
0.964190 1.000000 1.000000
1.512240 1.000000 1.000000
0.900935 1.000000 1.000000
0.444018 1.000000 1.000000
1.120465 1.000000 1.000000
0.728312 1.000000 1.000000
0.991311 1.000000 1.000000
1.222030 1.000000 1.000000
1.215967 1.000000 1.000000
0.841872 1.000000 1.000000
0.750222 1.000000 1.000000
1.577804 1.000000 1.000000
1.263807 1.000000 1.000000
0.858081 1.000000 1.000000
1.001561 1.000000 1.000000
1.237247 1.000000 1.000000
1.392933 1.000000 1.000000
1.298306 1.000000 1.000000
1.020887 1.000000 1.000000
1.114418 1.000000 1.000000
1.355894 1.000000 1.000000
0.997314 1.000000 1.000000
1.121433 1.000000 1.000000
0.942911 1.000000 1.000000
0.748681 1.000000 1.000000
0.827521 1.000000 1.000000
0.840207 1.000000 1.000000
1.309449 1.000000 1.000000
1.162023 1.000000 1.000000
1.222759 1.000000 1.000000
1.053203 1.000000 1.000000
1.108042 1.000000 1.000000
1.317679 1.000000 1.000000
1.111534 1.000000 1.000000
0.729068 1.000000 1.000000
1.247264 1.000000 1.000000
0.992168 1.000000 1.000000
0.930707 1.000000 1.000000
0.645163 1.000000 1.000000
0.744942 1.000000 1.000000
1.707086 1.000000 1.000000
1.071784 1.000000 1.000000
1.261352 1.000000 1.000000
1.063305 1.000000 1.000000
0.909791 1.000000 1.000000
0.747824 1.000000 1.000000
1.460924 1.000000 1.000000
0.614566 1.000000 1.000000
1.066735 1.000000 1.000000
1.132524 1.000000 1.000000
0.892123 1.000000 1.000000
1.108709 1.000000 1.000000
1.377987 1.000000 1.000000
0.648736 1.000000 1.000000
0.895037 1.000000 1.000000
1.074123 1.000000 1.000000
0.920321 1.000000 1.000000
0.995810 1.000000 1.000000
1.079182 1.000000 1.000000
1.318381 1.000000 1.000000
1.112258 1.000000 1.000000
1.144576 1.000000 1.000000
0.953836 1.000000 1.000000
1.387883 1.000000 1.000000
0.980019 1.000000 1.000000
0.980558 1.000000 1.000000
0.999900 1.000000 1.000000
0.806903 1.000000 1.000000
0.762336 1.000000 1.000000
1.266367 1.000000 1.000000
1.203293 1.000000 1.000000
1.458634 1.000000 1.000000
1.424304 1.000000 1.000000
0.751837 1.000000 1.000000
0.880883 1.000000 1.000000
0.967945 1.000000 1.000000
1.283066 1.000000 1.000000
0.973658 1.000000 1.000000
0.792948 1.000000 1.000000
1.020599 1.000000 1.000000
1.248323 1.000000 1.000000
1.298430 1.000000 1.000000
0.750943 1.000000 1.000000
0.992406 1.000000 1.000000
0.825034 1.000000 1.000000
1.180955 1.000000 1.000000
0.822314 1.000000 1.000000
0.677239 1.000000 1.000000
1.294298 1.000000 1.000000
1.082968 1.000000 1.000000
1.437760 1.000000 1.000000
0.793043 1.000000 1.000000
1.035484 1.000000 1.000000
0.538238 1.000000 1.000000
0.881994 1.000000 1.000000
0.931811 1.000000 1.000000
0.872724 1.000000 1.000000
0.803861 1.000000 1.000000
1.205151 1.000000 1.000000
1.156138 1.000000 1.000000
1.445621 1.000000 1.000000
0.824207 1.000000 1.000000
0.608718 1.000000 1.000000
0.838876 1.000000 1.000000
0.722238 1.000000 1.000000
1.079465 1.000000 1.000000
1.233625 1.000000 1.000000
1.149331 1.000000 1.000000
0.912889 1.000000 1.000000
1.222050 1.000000 1.000000
1.174608 1.000000 1.000000
0.912802 1.000000 1.000000
0.719595 1.000000 1.000000
1.003125 1.000000 1.000000
0.598993 1.000000 1.000000
1.225041 1.000000 1.000000
1.439599 1.000000 1.000000
0.559031 1.000000 1.000000
0.739799 1.000000 1.000000
1.012054 1.000000 1.000000
1.914341 1.000000 1.000000
0.944094 1.000000 1.000000
0.926524 1.000000 1.000000
1.644801 1.000000 1.000000
1.459878 1.000000 1.000000
1.026273 1.000000 1.000000
0.915940 1.000000 1.000000
0.914412 1.000000 1.000000
1.146251 1.000000 1.000000
0.561075 1.000000 1.000000
1.249480 1.000000 1.000000
1.900216 1.000000 1.000000
0.690771 1.000000 1.000000
1.081961 1.000000 1.000000
1.047119 1.000000 1.000000
1.081389 1.000000 1.000000
1.260143 1.000000 1.000000
0.781815 1.000000 1.000000
0.807280 1.000000 1.000000
0.761412 1.000000 1.000000
1.188936 1.000000 1.000000
0.836738 1.000000 1.000000
1.520378 1.000000 1.000000
1.257605 1.000000 1.000000
0.932762 1.000000 1.000000
0.779255 1.000000 1.000000
0.987373 1.000000 1.000000
1.062519 1.000000 1.000000
0.749096 1.000000 1.000000
1.519318 1.000000 1.000000
0.491494 1.000000 1.000000
1.582337 1.000000 1.000000
1.012604 1.000000 1.000000
0.954132 1.000000 1.000000
0.904016 1.000000 1.000000
0.831310 1.000000 1.000000
0.964811 1.000000 1.000000
0.793928 1.000000 1.000000
0.927848 1.000000 1.000000
1.138047 1.000000 1.000000
0.787957 1.000000 1.000000
1.456823 1.000000 1.000000
1.001812 1.000000 1.000000
1.043458 1.000000 1.000000
0.935862 1.000000 1.000000
1.075132 1.000000 1.000000
1.043223 1.000000 1.000000
0.915902 1.000000 1.000000
1.112195 1.000000 1.000000
1.145126 1.000000 1.000000
1.648317 1.000000 1.000000
1.099435 1.000000 1.000000
0.784139 1.000000 1.000000
0.797144 1.000000 1.000000
1.004277 1.000000 1.000000
1.143253 1.000000 1.000000
1.098404 1.000000 1.000000
1.368817 1.000000 1.000000
1.259136 1.000000 1.000000
0.624170 1.000000 1.000000
0.875882 1.000000 1.000000
0.867187 1.000000 1.000000
1.178830 1.000000 1.000000
1.249978 1.000000 1.000000
0.891236 1.000000 1.000000
0.370280 1.000000 1.000000
0.491262 1.000000 1.000000
0.923105 1.000000 1.000000
0.827280 1.000000 1.000000
1.023037 1.000000 1.000000
0.993748 1.000000 1.000000
1.011436 1.000000 1.000000
0.803063 1.000000 1.000000
0.872518 1.000000 1.000000
1.104957 1.000000 1.000000
0.806466 1.000000 1.000000
1.478464 1.000000 1.000000
1.178640 1.000000 1.000000
0.618030 1.000000 1.000000
0.643910 1.000000 1.000000
1.338213 1.000000 1.000000
1.182743 1.000000 1.000000
1.274477 1.000000 1.000000
1.038952 1.000000 1.000000
1.103889 1.000000 1.000000
0.864775 1.000000 1.000000
0.537917 1.000000 1.000000
1.266945 1.000000 1.000000
1.144769 1.000000 1.000000
1.185155 1.000000 1.000000
1.205235 1.000000 1.000000
1.468425 1.000000 1.000000
0.731294 1.000000 1.000000
1.277617 1.000000 1.000000
1.274345 1.000000 1.000000
1.125901 1.000000 1.000000
1.079861 1.000000 1.000000
0.538393 1.000000 1.000000
1.056931 1.000000 1.000000
1.316044 1.000000 1.000000
0.858584 1.000000 1.000000
0.836292 1.000000 1.000000
0.941112 1.000000 1.000000
0.800026 1.000000 1.000000
0.857668 1.000000 1.000000
1.329565 1.000000 1.000000
0.928840 1.000000 1.000000
0.891035 1.000000 1.000000
0.848541 1.000000 1.000000
0.891035 1.000000 1.000000
0.903513 1.000000 1.000000
1.145240 1.000000 1.000000
0.914801 1.000000 1.000000
1.128818 1.000000 1.000000
1.105183 1.000000 1.000000
1.018172 1.000000 1.000000
1.079175 1.000000 1.000000
0.577231 1.000000 1.000000
1.270280 1.000000 1.000000
0.553942 1.000000 1.000000
0.644942 1.000000 1.000000
1.257568 1.000000 1.000000
1.033473 1.000000 1.000000
1.163520 1.000000 1.000000
0.936881 1.000000 1.000000
1.272417 1.000000 1.000000
1.076850 1.000000 1.000000
0.992189 1.000000 1.000000
0.847966 1.000000 1.000000
1.117228 1.000000 1.000000
0.933724 1.000000 1.000000
1.215574 1.000000 1.000000
0.908581 1.000000 1.000000
0.983013 1.000000 1.000000
0.838686 1.000000 1.000000
0.761831 1.000000 1.000000
1.113774 1.000000 1.000000
1.117121 1.000000 1.000000
1.153239 1.000000 1.000000
0.635172 1.000000 1.000000
1.077899 1.000000 1.000000
0.991035 1.000000 1.000000
1.287167 1.000000 1.000000
0.952679 1.000000 1.000000
0.761778 1.000000 1.000000
0.866533 1.000000 1.000000
1.006484 1.000000 1.000000
0.930322 1.000000 1.000000
1.142074 1.000000 1.000000
0.767607 1.000000 1.000000
0.940158 1.000000 1.000000
0.780887 1.000000 1.000000
1.133399 1.000000 1.000000
0.585943 1.000000 1.000000
1.127926 1.000000 1.000000
1.146872 1.000000 1.000000
1.058467 1.000000 1.000000
1.023724 1.000000 1.000000
1.102270 1.000000 1.000000
1.136071 1.000000 1.000000
0.914709 1.000000 1.000000
0.968244 1.000000 1.000000
1.268504 1.000000 1.000000
0.966577 1.000000 1.000000
1.054513 1.000000 1.000000
1.255277 1.000000 1.000000
1.366161 1.000000 1.000000
0.730908 1.000000 1.000000
0.856400 1.000000 1.000000
0.797308 1.000000 1.000000
1.257643 1.000000 1.000000
0.943630 1.000000 1.000000
1.260784 1.000000 1.000000
0.816949 1.000000 1.000000
0.771647 1.000000 1.000000
0.993686 1.000000 1.000000
1.020382 1.000000 1.000000
1.501638 1.000000 1.000000
1.139340 1.000000 1.000000
1.260320 1.000000 1.000000
0.968361 1.000000 1.000000
1.259542 1.000000 1.000000
1.268672 1.000000 1.000000
1.204096 1.000000 1.000000
0.988906 1.000000 1.000000
1.247175 1.000000 1.000000
0.849839 1.000000 1.000000
1.161328 1.000000 1.000000
1.491044 1.000000 1.000000
0.848716 1.000000 1.000000
0.932308 1.000000 1.000000
1.147911 1.000000 1.000000
0.890102 1.000000 1.000000
1.056163 1.000000 1.000000
0.542796 1.000000 1.000000
0.903767 1.000000 1.000000
1.231698 1.000000 1.000000
1.072398 1.000000 1.000000
1.520624 -1.000000 0.000000
2.120002 -1.000000 0.000000
1.199309 -1.000000 0.000000
-3.745609 -1.000000 0.000000
-0.472100 -1.000000 0.000000
4.223315 -1.000000 0.000000
-3.791556 -1.000000 0.000000
-0.961910 -1.000000 0.000000
-2.397096 -1.000000 0.000000
2.788436 -1.000000 0.000000
1.678412 -1.000000 0.000000
-4.732106 -1.000000 0.000000
-0.086677 -1.000000 0.000000
4.150609 -1.000000 0.000000
2.040253 -1.000000 0.000000
1.282009 -1.000000 0.000000
0.783385 -1.000000 0.000000
1.291564 -1.000000 0.000000
2.304106 -1.000000 0.000000
1.413183 -1.000000 0.000000
-0.362907 -1.000000 0.000000
1.142912 -1.000000 0.000000
-2.455293 -1.000000 0.000000
3.086827 -1.000000 0.000000
-2.710163 -1.000000 0.000000
-0.495220 -1.000000 0.000000
3.742351 -1.000000 0.000000
-2.972261 -1.000000 0.000000
0.237112 -1.000000 0.000000
-3.734817 -1.000000 0.000000
0.794029 -1.000000 0.000000
-2.381153 -1.000000 0.000000
-2.922309 -1.000000 0.000000
0.528382 -1.000000 0.000000
3.513954 -1.000000 0.000000
0.135944 -1.000000 0.000000
0.582598 -1.000000 0.000000
1.661485 -1.000000 0.000000
4.989747 -1.000000 0.000000
-3.217259 -1.000000 0.000000
-3.832604 -1.000000 0.000000
-4.315745 -1.000000 0.000000
1.227134 -1.000000 0.000000
-1.855170 -1.000000 0.000000
3.898279 -1.000000 0.000000
3.064777 -1.000000 0.000000
-0.700831 -1.000000 0.000000
0.246955 -1.000000 0.000000
-0.473245 -1.000000 0.000000
1.307431 -1.000000 0.000000
0.665945 -1.000000 0.000000
4.588607 -1.000000 0.000000
4.080523 -1.000000 0.000000
2.008983 -1.000000 0.000000
-1.229746 -1.000000 0.000000
1.837962 -1.000000 0.000000
-3.019115 -1.000000 0.000000
1.174007 -1.000000 0.000000
-0.862738 -1.000000 0.000000
3.235884 -1.000000 0.000000
2.555779 -1.000000 0.000000
2.030973 -1.000000 0.000000
-1.357057 -1.000000 0.000000
3.197870 -1.000000 0.000000
2.515818 -1.000000 0.000000
-4.512305 -1.000000 0.000000
0.285690 -1.000000 0.000000
1.167482 -1.000000 0.000000
-2.290572 -1.000000 0.000000
3.008417 -1.000000 0.000000
-2.648258 -1.000000 0.000000
4.037866 -1.000000 0.000000
-2.411984 -1.000000 0.000000
-3.086636 -1.000000 0.000000
-4.875897 -1.000000 0.000000
3.534140 -1.000000 0.000000
1.210087 -1.000000 0.000000
3.558619 -1.000000 0.000000
-3.598938 -1.000000 0.000000
3.726880 -1.000000 0.000000
2.088397 -1.000000 0.000000
-4.073590 -1.000000 0.000000
-4.792496 -1.000000 0.000000
2.826365 -1.000000 0.000000
-4.699175 -1.000000 0.000000
0.046106 -1.000000 0.000000
-4.183778 -1.000000 0.000000
2.734937 -1.000000 0.000000
3.725773 -1.000000 0.000000
3.800312 -1.000000 0.000000
3.835243 -1.000000 0.000000
3.724273 -1.000000 0.000000
-0.412778 -1.000000 0.000000
4.022988 -1.000000 0.000000
0.479050 -1.000000 0.000000
-4.440116 -1.000000 0.000000
0.911799 -1.000000 0.000000
0.639417 -1.000000 0.000000
2.761301 -1.000000 0.000000
-2.044302 -1.000000 0.000000
-4.591463 -1.000000 0.000000
-1.014328 -1.000000 0.000000
-2.177254 -1.000000 0.000000
3.067163 -1.000000 0.000000
0.071594 -1.000000 0.000000
1.881510 -1.000000 0.000000
-0.053360 -1.000000 0.000000
-0.454540 -1.000000 0.000000
-0.785199 -1.000000 0.000000
-4.607483 -1.000000 0.000000
-4.088038 -1.000000 0.000000
-1.061847 -1.000000 0.000000
-3.646268 -1.000000 0.000000
4.686506 -1.000000 0.000000
3.116761 -1.000000 0.000000
-1.740346 -1.000000 0.000000
4.619992 -1.000000 0.000000
-3.997188 -1.000000 0.000000
-3.970754 -1.000000 0.000000
-1.927409 -1.000000 0.000000
-1.663179 -1.000000 0.000000
3.579661 -1.000000 0.000000
0.229217 -1.000000 0.000000
1.155000 -1.000000 0.000000
4.815587 -1.000000 0.000000
2.974847 -1.000000 0.000000
-3.011903 -1.000000 0.000000
-0.432958 -1.000000 0.000000
0.709708 -1.000000 0.000000
-2.850913 -1.000000 0.000000
1.864333 -1.000000 0.000000
-2.213979 -1.000000 0.000000
-3.202602 -1.000000 0.000000
-1.025021 -1.000000 0.000000
-3.371411 -1.000000 0.000000
3.026218 -1.000000 0.000000
-4.163541 -1.000000 0.000000
1.382708 -1.000000 0.000000
-2.691435 -1.000000 0.000000
0.800944 -1.000000 0.000000
3.642925 -1.000000 0.000000
4.327383 -1.000000 0.000000
3.213931 -1.000000 0.000000
-0.194095 -1.000000 0.000000
1.363730 -1.000000 0.000000
-3.184913 -1.000000 0.000000
-0.307995 -1.000000 0.000000
-1.907236 -1.000000 0.000000
1.688104 -1.000000 0.000000
2.223412 -1.000000 0.000000
0.748567 -1.000000 0.000000
0.278545 -1.000000 0.000000
3.092316 -1.000000 0.000000
4.868827 -1.000000 0.000000
-1.761395 -1.000000 0.000000
1.063965 -1.000000 0.000000
2.595590 -1.000000 0.000000
2.909682 -1.000000 0.000000
-4.300702 -1.000000 0.000000
0.504654 -1.000000 0.000000
-4.907017 -1.000000 0.000000
2.846295 -1.000000 0.000000
1.890441 -1.000000 0.000000
4.635881 -1.000000 0.000000
0.164416 -1.000000 0.000000
-1.428217 -1.000000 0.000000
-0.176631 -1.000000 0.000000
-0.700404 -1.000000 0.000000
4.963061 -1.000000 0.000000
1.011760 -1.000000 0.000000
2.850042 -1.000000 0.000000
4.705421 -1.000000 0.000000
-0.121455 -1.000000 0.000000
-4.050732 -1.000000 0.000000
4.793318 -1.000000 0.000000
-3.791223 -1.000000 0.000000
1.302603 -1.000000 0.000000
-3.057525 -1.000000 0.000000
-2.869183 -1.000000 0.000000
-4.854012 -1.000000 0.000000
-1.333289 -1.000000 0.000000
-1.598992 -1.000000 0.000000
2.217863 -1.000000 0.000000
-1.324669 -1.000000 0.000000
-4.789665 -1.000000 0.000000
-3.683120 -1.000000 0.000000
0.867597 -1.000000 0.000000
2.336046 -1.000000 0.000000
3.636352 -1.000000 0.000000
-3.630054 -1.000000 0.000000
-4.475730 -1.000000 0.000000
-0.937766 -1.000000 0.000000
-2.583431 -1.000000 0.000000
-0.275493 -1.000000 0.000000
3.722160 -1.000000 0.000000
-0.452808 -1.000000 0.000000
-4.284209 -1.000000 0.000000
-1.859388 -1.000000 0.000000
-0.071769 -1.000000 0.000000
2.417211 -1.000000 0.000000
1.947837 -1.000000 0.000000
4.828679 -1.000000 0.000000
-1.802519 -1.000000 0.000000
3.042037 -1.000000 0.000000
-4.465322 -1.000000 0.000000
2.461553 -1.000000 0.000000
-1.965251 -1.000000 0.000000
-4.069185 -1.000000 0.000000
4.345317 -1.000000 0.000000
2.468682 -1.000000 0.000000
-3.999515 -1.000000 0.000000
2.202965 -1.000000 0.000000
-2.892463 -1.000000 0.000000
4.630967 -1.000000 0.000000
2.491894 -1.000000 0.000000
2.396219 -1.000000 0.000000
0.100723 -1.000000 0.000000
-4.127070 -1.000000 0.000000
1.500205 -1.000000 0.000000
-4.176352 -1.000000 0.000000
2.269207 -1.000000 0.000000
0.326183 -1.000000 0.000000
2.493059 -1.000000 0.000000
3.612669 -1.000000 0.000000
-4.653006 -1.000000 0.000000
-4.068775 -1.000000 0.000000
1.552571 -1.000000 0.000000
4.595178 -1.000000 0.000000
-0.129428 -1.000000 0.000000
3.598957 -1.000000 0.000000
-4.152056 -1.000000 0.000000
2.185417 -1.000000 0.000000
3.509183 -1.000000 0.000000
3.188848 -1.000000 0.000000
2.162745 -1.000000 0.000000
-0.917761 -1.000000 0.000000
1.365857 -1.000000 0.000000
0.238387 -1.000000 0.000000
-1.279611 -1.000000 0.000000
-1.465739 -1.000000 0.000000
0.980490 -1.000000 0.000000
-4.025131 -1.000000 0.000000
-2.236470 -1.000000 0.000000
-0.375067 -1.000000 0.000000
1.267952 -1.000000 0.000000
-3.326447 -1.000000 0.000000
-2.089416 -1.000000 0.000000
-1.209745 -1.000000 0.000000
3.972545 -1.000000 0.000000
4.201805 -1.000000 0.000000
3.894850 -1.000000 0.000000
-0.451143 -1.000000 0.000000
-0.573226 -1.000000 0.000000
0.095891 -1.000000 0.000000
-1.256723 -1.000000 0.000000
-0.930452 -1.000000 0.000000
4.765036 -1.000000 0.000000
-1.319968 -1.000000 0.000000
-3.875016 -1.000000 0.000000
-2.579353 -1.000000 0.000000
1.953783 -1.000000 0.000000
4.643877 -1.000000 0.000000
4.173490 -1.000000 0.000000
-4.431021 -1.000000 0.000000
1.518361 -1.000000 0.000000
4.184922 -1.000000 0.000000
-4.357087 -1.000000 0.000000
4.563084 -1.000000 0.000000
-0.374901 -1.000000 0.000000
-0.397219 -1.000000 0.000000
-2.415915 -1.000000 0.000000
-0.694965 -1.000000 0.000000
-2.075671 -1.000000 0.000000
2.445640 -1.000000 0.000000
-4.287189 -1.000000 0.000000
-3.244208 -1.000000 0.000000
-0.669557 -1.000000 0.000000
-2.102875 -1.000000 0.000000
0.425222 -1.000000 0.000000
1.513699 -1.000000 0.000000
4.738479 -1.000000 0.000000
-3.132503 -1.000000 0.000000
-0.795569 -1.000000 0.000000
4.380462 -1.000000 0.000000
2.212936 -1.000000 0.000000
-1.825228 -1.000000 0.000000
2.314462 -1.000000 0.000000
4.773454 -1.000000 0.000000
-4.769588 -1.000000 0.000000
-2.424889 -1.000000 0.000000
2.648581 -1.000000 0.000000
-0.475359 -1.000000 0.000000
2.916188 -1.000000 0.000000
-2.693768 -1.000000 0.000000
-1.674445 -1.000000 0.000000
-1.153685 -1.000000 0.000000
1.978253 -1.000000 0.000000
-4.608634 -1.000000 0.000000
-0.895963 -1.000000 0.000000
4.360018 -1.000000 0.000000
-0.590274 -1.000000 0.000000
0.161042 -1.000000 0.000000
-3.904164 -1.000000 0.000000
-3.165228 -1.000000 0.000000
-0.125780 -1.000000 0.000000
-2.076142 -1.000000 0.000000
1.106115 -1.000000 0.000000
4.455957 -1.000000 0.000000
-2.368564 -1.000000 0.000000
4.906157 -1.000000 0.000000
-2.874951 -1.000000 0.000000
3.972162 -1.000000 0.000000
-2.859502 -1.000000 0.000000
-2.305101 -1.000000 0.000000
-0.408054 -1.000000 0.000000
3.148451 -1.000000 0.000000
-4.139918 -1.000000 0.000000
3.526378 -1.000000 0.000000
2.881521 -1.000000 0.000000
3.282898 -1.000000 0.000000
-2.944296 -1.000000 0.000000
-3.928015 -1.000000 0.000000
3.518125 -1.000000 0.000000
-3.593448 -1.000000 0.000000
1.850796 -1.000000 0.000000
1.496227 -1.000000 0.000000
-0.008711 -1.000000 0.000000
-1.340616 -1.000000 0.000000
4.203638 -1.000000 0.000000
-2.925003 -1.000000 0.000000
1.260521 -1.000000 0.000000
-1.490606 -1.000000 0.000000
3.144267 -1.000000 0.000000
0.382168 -1.000000 0.000000
4.731526 -1.000000 0.000000
1.693524 -1.000000 0.000000
4.672311 -1.000000 0.000000
-3.864108 -1.000000 0.000000
-0.584103 -1.000000 0.000000
-4.752036 -1.000000 0.000000
-2.030964 -1.000000 0.000000
-1.784997 -1.000000 0.000000
1.734745 -1.000000 0.000000
-0.379588 -1.000000 0.000000
4.897978 -1.000000 0.000000
-0.126381 -1.000000 0.000000
-3.869713 -1.000000 0.000000
-4.770714 -1.000000 0.000000
1.832554 -1.000000 0.000000
-1.214760 -1.000000 0.000000
-0.083764 -1.000000 0.000000
2.402227 -1.000000 0.000000
-4.243062 -1.000000 0.000000
3.024388 -1.000000 0.000000
-1.920014 -1.000000 0.000000
-4.959422 -1.000000 0.000000
-3.837407 -1.000000 0.000000
1.937135 -1.000000 0.000000
-3.207181 -1.000000 0.000000
-4.083473 -1.000000 0.000000
-1.481378 -1.000000 0.000000
2.385638 -1.000000 0.000000
0.127869 -1.000000 0.000000
2.194808 -1.000000 0.000000
3.244506 -1.000000 0.000000
-4.989033 -1.000000 0.000000
3.089549 -1.000000 0.000000
-1.600945 -1.000000 0.000000
0.996158 -1.000000 0.000000
-0.580931 -1.000000 0.000000
-0.527136 -1.000000 0.000000
-2.373760 -1.000000 0.000000
-0.823161 -1.000000 0.000000
-2.247264 -1.000000 0.000000
-0.763315 -1.000000 0.000000
4.035794 -1.000000 0.000000
1.292486 -1.000000 0.000000
0.627158 -1.000000 0.000000
4.050326 -1.000000 0.000000
2.755985 -1.000000 0.000000
-2.855565 -1.000000 0.000000
0.436327 -1.000000 0.000000
1.862690 -1.000000 0.000000
-4.970240 -1.000000 0.000000
-3.122067 -1.000000 0.000000
1.657359 -1.000000 0.000000
2.477857 -1.000000 0.000000
0.346321 -1.000000 0.000000
2.299401 -1.000000 0.000000
0.948900 -1.000000 0.000000
-0.379398 -1.000000 0.000000
3.483097 -1.000000 0.000000
-4.374254 -1.000000 0.000000
2.403994 -1.000000 0.000000
0.554729 -1.000000 0.000000
-3.908459 -1.000000 0.000000
-0.570063 -1.000000 0.000000
2.804451 -1.000000 0.000000
4.976282 -1.000000 0.000000
-2.402904 -1.000000 0.000000
-2.280995 -1.000000 0.000000
-0.666970 -1.000000 0.000000
2.500001 -1.000000 0.000000
4.487476 -1.000000 0.000000
4.242364 -1.000000 0.000000
-1.359159 -1.000000 0.000000
-0.534120 -1.000000 0.000000
-0.160464 -1.000000 0.000000
1.016432 -1.000000 0.000000
-1.489580 -1.000000 0.000000
-2.780384 -1.000000 0.000000
3.909340 -1.000000 0.000000
3.521375 -1.000000 0.000000
-4.738629 -1.000000 0.000000
-3.207975 -1.000000 0.000000
2.765650 -1.000000 0.000000
2.747770 -1.000000 0.000000
-0.211140 -1.000000 0.000000
-3.876316 -1.000000 0.000000
0.753990 -1.000000 0.000000
-1.637360 -1.000000 0.000000
0.185572 -1.000000 0.000000
-4.384988 -1.000000 0.000000
-3.005448 -1.000000 0.000000
-3.109868 -1.000000 0.000000
-1.490836 -1.000000 0.000000
-2.873328 -1.000000 0.000000
-3.790268 -1.000000 0.000000
-3.591726 -1.000000 0.000000
0.349836 -1.000000 0.000000
0.700925 -1.000000 0.000000
-0.517414 -1.000000 0.000000
-4.237444 -1.000000 0.000000
-0.166133 -1.000000 0.000000
3.781290 -1.000000 0.000000
4.277916 -1.000000 0.000000
-3.351535 -1.000000 0.000000
-1.916210 -1.000000 0.000000
0.358400 -1.000000 0.000000
-1.543144 -1.000000 0.000000
2.907217 -1.000000 0.000000
-2.672430 -1.000000 0.000000
2.797247 -1.000000 0.000000
4.632722 -1.000000 0.000000
1.915689 -1.000000 0.000000
-3.206616 -1.000000 0.000000
-1.876395 -1.000000 0.000000
1.055438 -1.000000 0.000000
-1.621742 -1.000000 0.000000
-1.499248 -1.000000 0.000000
-3.298971 -1.000000 0.000000
2.591304 -1.000000 0.000000
2.663424 -1.000000 0.000000
4.765922 -1.000000 0.000000
-3.680388 -1.000000 0.000000
-3.629936 -1.000000 0.000000
3.853967 -1.000000 0.000000
-1.714105 -1.000000 0.000000
-1.766753 -1.000000 0.000000
2.977656 -1.000000 0.000000
2.768390 -1.000000 0.000000
-4.484306 -1.000000 0.000000
3.236936 -1.000000 0.000000
0.847908 -1.000000 0.000000
-4.817770 -1.000000 0.000000
-4.323081 -1.000000 0.000000
0.649433 -1.000000 0.000000
-4.930090 -1.000000 0.000000
1.633150 -1.000000 0.000000
-0.201051 -1.000000 0.000000
3.972686 -1.000000 0.000000
-3.425217 -1.000000 0.000000
-3.999128 -1.000000 0.000000
-4.832785 -1.000000 0.000000
-0.763810 -1.000000 0.000000
2.792221 -1.000000 0.000000
-3.353542 -1.000000 0.000000
0.175248 -1.000000 0.000000
-4.726030 -1.000000 0.000000
-4.409189 -1.000000 0.000000
1.509202 -1.000000 0.000000
-2.816124 -1.000000 0.000000
-0.990140 -1.000000 0.000000
-3.465956 -1.000000 0.000000
-4.329892 -1.000000 0.000000
4.215220 -1.000000 0.000000
-2.951660 -1.000000 0.000000
-0.841880 -1.000000 0.000000
-4.187118 -1.000000 0.000000
0.768770 -1.000000 0.000000
-4.251786 -1.000000 0.000000
1.069536 -1.000000 0.000000
-3.706724 -1.000000 0.000000
-0.625271 -1.000000 0.000000
0.284507 -1.000000 0.000000
4.741512 -1.000000 0.000000
-2.032028 -1.000000 0.000000
1.354610 -1.000000 0.000000
-3.138992 -1.000000 0.000000
4.690770 -1.000000 0.000000
-4.408627 0.000000 0.000000
-0.327304 0.000000 0.000000
4.885738 0.000000 0.000000
-2.540917 0.000000 0.000000
-3.637664 0.000000 0.000000
-4.955698 0.000000 0.000000
-4.305480 0.000000 0.000000
1.270436 0.000000 0.000000
-3.810044 0.000000 0.000000
2.919604 0.000000 0.000000
4.334898 0.000000 0.000000
-4.739108 0.000000 0.000000
-0.789491 0.000000 0.000000
-2.721661 0.000000 0.000000
-0.531435 0.000000 0.000000
-2.473066 0.000000 0.000000
3.389869 0.000000 0.000000
-1.045289 0.000000 0.000000
2.015402 0.000000 0.000000
-0.135178 0.000000 0.000000
-4.187880 0.000000 0.000000
-3.655487 0.000000 0.000000
-4.688736 0.000000 0.000000
-0.420048 0.000000 0.000000
1.584089 0.000000 0.000000
-0.122055 0.000000 0.000000
1.265077 0.000000 0.000000
-1.837494 0.000000 0.000000
-2.198986 0.000000 0.000000
1.219339 0.000000 0.000000
4.633352 0.000000 0.000000
2.566854 0.000000 0.000000
2.757028 0.000000 0.000000
-1.463701 0.000000 0.000000
-1.625723 0.000000 0.000000
-1.814185 0.000000 0.000000
0.570391 0.000000 0.000000
2.952684 0.000000 0.000000
3.637525 0.000000 0.000000
2.276022 0.000000 0.000000
2.775697 0.000000 0.000000
3.132270 0.000000 0.000000
0.381242 0.000000 0.000000
-0.831766 0.000000 0.000000
-2.097454 0.000000 0.000000
2.273202 0.000000 0.000000
-3.203094 0.000000 0.000000
-0.163667 0.000000 0.000000
-4.800805 0.000000 0.000000
-0.207532 0.000000 0.000000
2.231662 0.000000 0.000000
-2.694882 0.000000 0.000000
-1.155616 0.000000 0.000000
-0.306177 0.000000 0.000000
3.147816 0.000000 0.000000
4.217006 0.000000 0.000000
2.694890 0.000000 0.000000
-1.209282 0.000000 0.000000
2.666191 0.000000 0.000000
-3.762503 0.000000 0.000000
0.803586 0.000000 0.000000
-2.331118 0.000000 0.000000
1.403980 0.000000 0.000000
-0.026868 0.000000 0.000000
4.573580 0.000000 0.000000
2.975510 0.000000 0.000000
1.116749 0.000000 0.000000
0.516031 0.000000 0.000000
0.101490 0.000000 0.000000
2.403213 0.000000 0.000000
-1.456842 0.000000 0.000000
-0.226192 0.000000 0.000000
-4.389484 0.000000 0.000000
-2.952459 0.000000 0.000000
-4.891834 0.000000 0.000000
1.088685 0.000000 0.000000
4.224631 0.000000 0.000000
3.836450 0.000000 0.000000
-3.033657 0.000000 0.000000
3.898724 0.000000 0.000000
-0.874734 0.000000 0.000000
3.067408 0.000000 0.000000
-1.346072 0.000000 0.000000
-4.532311 0.000000 0.000000
-1.561957 0.000000 0.000000
1.063450 0.000000 0.000000
4.419260 0.000000 0.000000
-2.798796 0.000000 0.000000
2.383722 0.000000 0.000000
-3.588524 0.000000 0.000000
-2.102590 0.000000 0.000000
-3.201718 0.000000 0.000000
-3.980270 0.000000 0.000000
4.111552 0.000000 0.000000
-0.015481 0.000000 0.000000
-3.787572 0.000000 0.000000
-3.732534 0.000000 0.000000
-3.190204 0.000000 0.000000
0.332612 0.000000 0.000000
-3.757355 0.000000 0.000000
1.209908 0.000000 0.000000
2.476312 0.000000 0.000000
-2.534079 0.000000 0.000000
2.964045 0.000000 0.000000
-1.194667 0.000000 0.000000
-0.755365 0.000000 0.000000
-4.888389 0.000000 0.000000
-0.714493 0.000000 0.000000
-1.718649 0.000000 0.000000
4.630951 0.000000 0.000000
3.708244 0.000000 0.000000
3.169870 0.000000 0.000000
-4.473938 0.000000 0.000000
3.845137 0.000000 0.000000
3.465075 0.000000 0.000000
-1.999044 0.000000 0.000000
0.317148 0.000000 0.000000
4.778987 0.000000 0.000000
1.660988 0.000000 0.000000
2.529434 0.000000 0.000000
-1.184898 0.000000 0.000000
-0.499058 0.000000 0.000000
-3.924642 0.000000 0.000000
4.386086 0.000000 0.000000
0.602425 0.000000 0.000000
-1.444719 0.000000 0.000000
4.632804 0.000000 0.000000
-3.962416 0.000000 0.000000
-4.122656 0.000000 0.000000
-2.216964 0.000000 0.000000
3.012832 0.000000 0.000000
3.938148 0.000000 0.000000
0.175661 0.000000 0.000000
0.349554 0.000000 0.000000
2.603588 0.000000 0.000000
2.370362 0.000000 0.000000
-0.127136 0.000000 0.000000
3.046143 0.000000 0.000000
-2.836910 0.000000 0.000000
-4.166691 0.000000 0.000000
-3.011291 0.000000 0.000000
3.538730 0.000000 0.000000
1.987897 0.000000 0.000000
2.246246 0.000000 0.000000
2.069713 0.000000 0.000000
3.127746 0.000000 0.000000
-1.052847 0.000000 0.000000
0.813905 0.000000 0.000000
4.435023 0.000000 0.000000
3.970954 0.000000 0.000000
-3.362514 0.000000 0.000000
-3.335939 0.000000 0.000000
-2.648695 0.000000 0.000000
-4.280733 0.000000 0.000000
2.769053 0.000000 0.000000
-3.889073 0.000000 0.000000
2.722296 0.000000 0.000000
-3.667166 0.000000 0.000000
2.242441 0.000000 0.000000
3.743047 0.000000 0.000000
0.523414 0.000000 0.000000
1.040858 0.000000 0.000000
0.521448 0.000000 0.000000
-4.320935 0.000000 0.000000
0.022993 0.000000 0.000000
2.950075 0.000000 0.000000
3.162572 0.000000 0.000000
-0.815203 0.000000 0.000000
-3.555610 0.000000 0.000000
-0.463902 0.000000 0.000000
-2.184412 0.000000 0.000000
0.648140 0.000000 0.000000
0.285027 0.000000 0.000000
0.493015 0.000000 0.000000
-4.150242 0.000000 0.000000
1.305791 0.000000 0.000000
4.626400 0.000000 0.000000
1.217441 0.000000 0.000000
0.962392 0.000000 0.000000
4.502923 0.000000 0.000000
-1.286311 0.000000 0.000000
0.153458 0.000000 0.000000
1.265575 0.000000 0.000000
1.756328 0.000000 0.000000
0.402470 0.000000 0.000000
0.519306 0.000000 0.000000
-1.669325 0.000000 0.000000
-3.626984 0.000000 0.000000
0.605826 0.000000 0.000000
4.037151 0.000000 0.000000
-0.190123 0.000000 0.000000
0.021715 0.000000 0.000000
0.636285 0.000000 0.000000
-1.817239 0.000000 0.000000
-0.169026 0.000000 0.000000
3.597426 0.000000 0.000000
3.271722 0.000000 0.000000
-3.117741 0.000000 0.000000
-2.308696 0.000000 0.000000
1.591318 0.000000 0.000000
-1.262930 0.000000 0.000000
-4.654845 0.000000 0.000000
-3.105742 0.000000 0.000000
-0.589506 0.000000 0.000000
-0.980924 0.000000 0.000000
-4.650627 0.000000 0.000000
4.489332 0.000000 0.000000
-1.845585 0.000000 0.000000
4.485865 0.000000 0.000000
2.777205 0.000000 0.000000
2.389937 0.000000 0.000000
2.696729 0.000000 0.000000
-2.950624 0.000000 0.000000
1.926055 0.000000 0.000000
2.452778 0.000000 0.000000
4.201401 0.000000 0.000000
1.836076 0.000000 0.000000
3.611535 0.000000 0.000000
-4.511391 0.000000 0.000000
0.900312 0.000000 0.000000
0.722295 0.000000 0.000000
1.303100 0.000000 0.000000
-1.577276 0.000000 0.000000
-4.708984 0.000000 0.000000
1.988495 0.000000 0.000000
-4.849621 0.000000 0.000000
4.978502 0.000000 0.000000
4.944611 0.000000 0.000000
3.537993 0.000000 0.000000
-3.603795 0.000000 0.000000
3.013586 0.000000 0.000000
-2.097778 0.000000 0.000000
-4.850063 0.000000 0.000000
1.176534 0.000000 0.000000
2.675407 0.000000 0.000000
1.030106 0.000000 0.000000
0.786408 0.000000 0.000000
-1.424917 0.000000 0.000000
-3.710985 0.000000 0.000000
1.239607 0.000000 0.000000
0.654535 0.000000 0.000000
4.784707 0.000000 0.000000
-0.005162 0.000000 0.000000
-2.632910 0.000000 0.000000
-0.484378 0.000000 0.000000
0.074742 0.000000 0.000000
3.560435 0.000000 0.000000
0.590697 0.000000 0.000000
4.143487 0.000000 0.000000
-4.141040 0.000000 0.000000
-2.385872 0.000000 0.000000
-3.593060 0.000000 0.000000
4.617918 0.000000 0.000000
-3.428599 0.000000 0.000000
4.639264 0.000000 0.000000
-4.450965 0.000000 0.000000
0.586524 0.000000 0.000000
-1.641556 0.000000 0.000000
2.316847 0.000000 0.000000
-2.038490 0.000000 0.000000
-2.945750 0.000000 0.000000
-2.698296 0.000000 0.000000
-1.562290 0.000000 0.000000
4.738414 0.000000 0.000000
-4.590695 0.000000 0.000000
-0.074390 0.000000 0.000000
1.713814 0.000000 0.000000
3.825226 0.000000 0.000000
2.602894 0.000000 0.000000
-1.004682 0.000000 0.000000
-2.652992 0.000000 0.000000
-2.027129 0.000000 0.000000
-2.383482 0.000000 0.000000
1.808553 0.000000 0.000000
3.464810 0.000000 0.000000
2.097624 0.000000 0.000000
2.546247 0.000000 0.000000
-1.606855 0.000000 0.000000
-2.498253 0.000000 0.000000
3.759113 0.000000 0.000000
2.117733 0.000000 0.000000
3.365642 0.000000 0.000000
2.144418 0.000000 0.000000
-3.875334 0.000000 0.000000
-0.808119 0.000000 0.000000
-4.201074 0.000000 0.000000
1.011367 0.000000 0.000000
4.695540 0.000000 0.000000
4.823939 0.000000 0.000000
-1.380333 0.000000 0.000000
-3.092397 0.000000 0.000000
3.264513 0.000000 0.000000
-3.375406 0.000000 0.000000
2.795391 0.000000 0.000000
2.449011 0.000000 0.000000
-2.941245 0.000000 0.000000
4.278922 0.000000 0.000000
-4.925218 0.000000 0.000000
-0.630943 0.000000 0.000000
4.115902 0.000000 0.000000
-2.346657 0.000000 0.000000
1.989226 0.000000 0.000000
-0.047407 0.000000 0.000000
-2.530521 0.000000 0.000000
-2.242037 0.000000 0.000000
-4.778580 0.000000 0.000000
3.853826 0.000000 0.000000
2.892637 0.000000 0.000000
3.702820 0.000000 0.000000
4.026034 0.000000 0.000000
-4.200906 0.000000 0.000000
-4.242379 0.000000 0.000000
0.112347 0.000000 0.000000
4.482251 0.000000 0.000000
3.703197 0.000000 0.000000
3.716616 0.000000 0.000000
3.091699 0.000000 0.000000
-4.873893 0.000000 0.000000
4.400011 0.000000 0.000000
0.206777 0.000000 0.000000
4.720247 0.000000 0.000000
3.635916 0.000000 0.000000
4.519060 0.000000 0.000000
-2.646995 0.000000 0.000000
3.329382 0.000000 0.000000
-2.805321 0.000000 0.000000
3.499548 0.000000 0.000000
-1.804132 0.000000 0.000000
4.032283 0.000000 0.000000
2.449924 0.000000 0.000000
-1.115882 0.000000 0.000000
-2.163307 0.000000 0.000000
4.477689 0.000000 0.000000
-2.687271 0.000000 0.000000
3.786927 0.000000 0.000000
-4.196004 0.000000 0.000000
0.859137 0.000000 0.000000
-4.822905 0.000000 0.000000
1.976367 0.000000 0.000000
3.334345 0.000000 0.000000
1.832706 0.000000 0.000000
0.959785 0.000000 0.000000
1.491509 0.000000 0.000000
-3.174967 0.000000 0.000000
4.920810 0.000000 0.000000
-0.727832 0.000000 0.000000
1.931543 0.000000 0.000000
-1.587665 0.000000 0.000000
-1.889483 0.000000 0.000000
-4.171444 0.000000 0.000000
4.841193 0.000000 0.000000
3.595236 0.000000 0.000000
4.828136 0.000000 0.000000
-4.027918 0.000000 0.000000
-0.294880 0.000000 0.000000
-3.903483 0.000000 0.000000
-0.561447 0.000000 0.000000
-2.114057 0.000000 0.000000
-0.900380 0.000000 0.000000
3.768986 0.000000 0.000000
-0.228127 0.000000 0.000000
-3.122173 0.000000 0.000000
3.494785 0.000000 0.000000
-1.394106 0.000000 0.000000
2.926163 0.000000 0.000000
2.426351 0.000000 0.000000
1.803800 0.000000 0.000000
-0.669752 0.000000 0.000000
3.510317 0.000000 0.000000
3.531689 0.000000 0.000000
-3.631926 0.000000 0.000000
-4.527907 0.000000 0.000000
-1.643479 0.000000 0.000000
0.198571 0.000000 0.000000
4.566863 0.000000 0.000000
4.312541 0.000000 0.000000
-3.887405 0.000000 0.000000
2.924042 0.000000 0.000000
-3.547452 0.000000 0.000000
-2.655164 0.000000 0.000000
-3.515177 0.000000 0.000000
-4.604771 0.000000 0.000000
-1.496753 0.000000 0.000000
-2.633619 0.000000 0.000000
0.554148 0.000000 0.000000
0.684187 0.000000 0.000000
0.889934 0.000000 0.000000
-0.609111 0.000000 0.000000
0.788196 0.000000 0.000000
1.145193 0.000000 0.000000
-4.797288 0.000000 0.000000
-3.786516 0.000000 0.000000
1.377827 0.000000 0.000000
-1.449933 0.000000 0.000000
3.588251 0.000000 0.000000
0.994228 0.000000 0.000000
4.190312 0.000000 0.000000
-4.863270 0.000000 0.000000
-3.526644 0.000000 0.000000
1.076856 0.000000 0.000000
2.756336 0.000000 0.000000
-4.797457 0.000000 0.000000
0.906903 0.000000 0.000000
4.044281 0.000000 0.000000
-3.900456 0.000000 0.000000
1.562597 0.000000 0.000000
-1.291327 0.000000 0.000000
-2.593164 0.000000 0.000000
-2.962506 0.000000 0.000000
2.533443 0.000000 0.000000
1.184860 0.000000 0.000000
-3.967371 0.000000 0.000000
2.396961 0.000000 0.000000
1.367507 0.000000 0.000000
-1.089848 0.000000 0.000000
-2.395694 0.000000 0.000000
4.083536 0.000000 0.000000
2.793107 0.000000 0.000000
-1.880394 0.000000 0.000000
2.528610 0.000000 0.000000
-1.466577 0.000000 0.000000
-0.547275 0.000000 0.000000
-0.689544 0.000000 0.000000
1.639340 0.000000 0.000000
-0.245947 0.000000 0.000000
-0.135867 0.000000 0.000000
1.454399 0.000000 0.000000
4.618517 0.000000 0.000000
2.094768 0.000000 0.000000
2.587809 0.000000 0.000000
-0.272052 0.000000 0.000000
-3.984605 0.000000 0.000000
-2.068257 0.000000 0.000000
1.007528 0.000000 0.000000
0.674366 0.000000 0.000000
-3.421120 0.000000 0.000000
1.331593 0.000000 0.000000
-0.099550 0.000000 0.000000
-1.959469 0.000000 0.000000
-4.242162 0.000000 0.000000
-0.995108 0.000000 0.000000
-1.987414 0.000000 0.000000
4.268959 0.000000 0.000000
-3.783484 0.000000 0.000000
1.032423 0.000000 0.000000
4.343997 0.000000 0.000000
4.775148 0.000000 0.000000
-0.257177 0.000000 0.000000
4.359411 0.000000 0.000000
3.288016 0.000000 0.000000
-3.642320 0.000000 0.000000
1.194220 0.000000 0.000000
-3.156731 0.000000 0.000000
2.551457 0.000000 0.000000
-4.809351 0.000000 0.000000
-1.396308 0.000000 0.000000
-2.877115 0.000000 0.000000
0.310104 0.000000 0.000000
-0.185324 0.000000 0.000000
-1.093188 0.000000 0.000000
-4.793336 0.000000 0.000000
-4.510337 0.000000 0.000000
4.736769 0.000000 0.000000
-4.308571 0.000000 0.000000
2.423873 0.000000 0.000000
-0.722927 0.000000 0.000000
0.664844 0.000000 0.000000
0.136784 0.000000 0.000000
0.054291 0.000000 0.000000
1.505209 0.000000 0.000000
0.686294 0.000000 0.000000
-0.349305 0.000000 0.000000
3.141225 0.000000 0.000000
1.876206 0.000000 0.000000
4.945672 0.000000 0.000000
0.821452 0.000000 0.000000
4.642636 0.000000 0.000000
0.139057 0.000000 0.000000
-4.558361 0.000000 0.000000
-2.048447 0.000000 0.000000
3.103967 0.000000 0.000000
0.445126 0.000000 0.000000
0.684856 0.000000 0.000000
-4.070053 0.000000 0.000000
-3.549330 0.000000 0.000000
0.294820 0.000000 0.000000
0.287537 0.000000 0.000000
4.475731 0.000000 0.000000
-0.070649 0.000000 0.000000
4.286298 0.000000 0.000000
-1.678576 0.000000 0.000000
-4.964752 0.000000 0.000000
-3.720034 0.000000 0.000000
-2.311199 0.000000 0.000000
-1.054355 0.000000 0.000000
4.162047 0.000000 0.000000
-2.862341 0.000000 0.000000
-4.152378 0.000000 0.000000
-1.421189 0.000000 0.000000
0.768812 0.000000 0.000000
4.759641 1.000000 0.000000
-1.866468 1.000000 0.000000
-1.505925 1.000000 0.000000
-2.228076 1.000000 0.000000
-0.530194 1.000000 0.000000
2.663387 1.000000 0.000000
2.347190 1.000000 0.000000
0.897326 1.000000 0.000000
-2.860308 1.000000 0.000000
-3.474850 1.000000 0.000000
3.785611 1.000000 0.000000
-3.663027 1.000000 0.000000
-3.429311 1.000000 0.000000
-2.977406 1.000000 0.000000
2.925675 1.000000 0.000000
0.673396 1.000000 0.000000
-3.136675 1.000000 0.000000
-0.713294 1.000000 0.000000
1.251738 1.000000 0.000000
-1.380728 1.000000 0.000000
-1.168184 1.000000 0.000000
0.139283 1.000000 0.000000
-2.164542 1.000000 0.000000
4.250900 1.000000 0.000000
4.669189 1.000000 0.000000
1.960190 1.000000 0.000000
-0.845266 1.000000 0.000000
0.503270 1.000000 0.000000
-3.767632 1.000000 0.000000
-2.394781 1.000000 0.000000
0.413775 1.000000 0.000000
-3.627472 1.000000 0.000000
3.316168 1.000000 0.000000
0.016983 1.000000 0.000000
1.712260 1.000000 0.000000
1.016565 1.000000 0.000000
3.778964 1.000000 0.000000
0.982999 1.000000 0.000000
0.185243 1.000000 0.000000
1.722836 1.000000 0.000000
0.643256 1.000000 0.000000
3.089129 1.000000 0.000000
-0.266440 1.000000 0.000000
-2.504003 1.000000 0.000000
-1.449360 1.000000 0.000000
2.448169 1.000000 0.000000
0.284339 1.000000 0.000000
0.486432 1.000000 0.000000
-1.323587 1.000000 0.000000
-0.998580 1.000000 0.000000
1.251562 1.000000 0.000000
2.204564 1.000000 0.000000
1.341247 1.000000 0.000000
-1.194465 1.000000 0.000000
-2.707560 1.000000 0.000000
2.601055 1.000000 0.000000
-3.435944 1.000000 0.000000
-1.086055 1.000000 0.000000
3.852465 1.000000 0.000000
1.204832 1.000000 0.000000
2.461176 1.000000 0.000000
-1.378045 1.000000 0.000000
4.475520 1.000000 0.000000
1.062703 1.000000 0.000000
-1.602851 1.000000 0.000000
-1.591933 1.000000 0.000000
4.620117 1.000000 0.000000
-4.007662 1.000000 0.000000
4.359550 1.000000 0.000000
4.287111 1.000000 0.000000
-4.012360 1.000000 0.000000
3.419241 1.000000 0.000000
2.928588 1.000000 0.000000
-3.350395 1.000000 0.000000
2.112645 1.000000 0.000000
-1.842420 1.000000 0.000000
-1.082696 1.000000 0.000000
-2.566815 1.000000 0.000000
1.640410 1.000000 0.000000
-2.834925 1.000000 0.000000
-4.957696 1.000000 0.000000
-2.018730 1.000000 0.000000
-0.613271 1.000000 0.000000
-4.926224 1.000000 0.000000
4.922360 1.000000 0.000000
-1.681721 1.000000 0.000000
4.915699 1.000000 0.000000
1.072781 1.000000 0.000000
-3.507299 1.000000 0.000000
4.675738 1.000000 0.000000
3.814461 1.000000 0.000000
3.464185 1.000000 0.000000
1.058095 1.000000 0.000000
-1.011432 1.000000 0.000000
-0.460835 1.000000 0.000000
4.319423 1.000000 0.000000
-2.838240 1.000000 0.000000
0.408940 1.000000 0.000000
1.351693 1.000000 0.000000
2.593471 1.000000 0.000000
4.631148 1.000000 0.000000
1.703470 1.000000 0.000000
0.899231 1.000000 0.000000
3.288096 1.000000 0.000000
3.599873 1.000000 0.000000
-0.921881 1.000000 0.000000
0.870811 1.000000 0.000000
-2.620894 1.000000 0.000000
3.025378 1.000000 0.000000
-0.829340 1.000000 0.000000
0.467120 1.000000 0.000000
-0.023955 1.000000 0.000000
-1.916680 1.000000 0.000000
4.145169 1.000000 0.000000
-0.874590 1.000000 0.000000
-2.308853 1.000000 0.000000
1.484241 1.000000 0.000000
2.128925 1.000000 0.000000
3.349574 1.000000 0.000000
2.892929 1.000000 0.000000
3.506580 1.000000 0.000000
4.484852 1.000000 0.000000
-0.219046 1.000000 0.000000
-3.646337 1.000000 0.000000
-1.483544 1.000000 0.000000
4.344875 1.000000 0.000000
0.539401 1.000000 0.000000
0.294966 1.000000 0.000000
-3.699551 1.000000 0.000000
1.556622 1.000000 0.000000
4.622959 1.000000 0.000000
-2.592343 1.000000 0.000000
-0.369351 1.000000 0.000000
4.824586 1.000000 0.000000
-1.207009 1.000000 0.000000
0.098192 1.000000 0.000000
-2.342358 1.000000 0.000000
-2.151884 1.000000 0.000000
-0.948188 1.000000 0.000000
-1.520802 1.000000 0.000000
-0.382130 1.000000 0.000000
1.761304 1.000000 0.000000
4.604934 1.000000 0.000000
-1.722955 1.000000 0.000000
-0.795436 1.000000 0.000000
0.141846 1.000000 0.000000
-0.371104 1.000000 0.000000
-0.852339 1.000000 0.000000
-4.284438 1.000000 0.000000
1.922766 1.000000 0.000000
-3.218541 1.000000 0.000000
-1.701388 1.000000 0.000000
-2.369818 1.000000 0.000000
4.724576 1.000000 0.000000
2.838528 1.000000 0.000000
-1.514704 1.000000 0.000000
-0.338553 1.000000 0.000000
-4.056689 1.000000 0.000000
0.069546 1.000000 0.000000
-1.217158 1.000000 0.000000
-2.547647 1.000000 0.000000
-3.945237 1.000000 0.000000
-3.063088 1.000000 0.000000
-1.950367 1.000000 0.000000
-2.723418 1.000000 0.000000
-1.618119 1.000000 0.000000
4.535594 1.000000 0.000000
2.276852 1.000000 0.000000
4.006253 1.000000 0.000000
4.333069 1.000000 0.000000
2.012311 1.000000 0.000000
-3.515581 1.000000 0.000000
3.204151 1.000000 0.000000
-3.182777 1.000000 0.000000
-2.671165 1.000000 0.000000
-2.817762 1.000000 0.000000
2.629197 1.000000 0.000000
-0.123738 1.000000 0.000000
2.402326 1.000000 0.000000
4.943083 1.000000 0.000000
3.107374 1.000000 0.000000
4.138780 1.000000 0.000000
-4.269180 1.000000 0.000000
2.018224 1.000000 0.000000
-4.264970 1.000000 0.000000
-4.550582 1.000000 0.000000
0.664172 1.000000 0.000000
-2.657097 1.000000 0.000000
1.944696 1.000000 0.000000
2.272828 1.000000 0.000000
-2.742130 1.000000 0.000000
4.322280 1.000000 0.000000
1.821259 1.000000 0.000000
-4.570754 1.000000 0.000000
4.732966 1.000000 0.000000
1.058731 1.000000 0.000000
-0.787835 1.000000 0.000000
-1.103717 1.000000 0.000000
-1.373431 1.000000 0.000000
2.206984 1.000000 0.000000
3.216265 1.000000 0.000000
-3.314997 1.000000 0.000000
-1.638030 1.000000 0.000000
-4.955834 1.000000 0.000000
2.161767 1.000000 0.000000
3.890102 1.000000 0.000000
-0.677424 1.000000 0.000000
2.278410 1.000000 0.000000
-1.484763 1.000000 0.000000
-2.780045 1.000000 0.000000
-1.346766 1.000000 0.000000
-1.949305 1.000000 0.000000
-3.250089 1.000000 0.000000
-2.562089 1.000000 0.000000
-4.158460 1.000000 0.000000
2.097571 1.000000 0.000000
-3.588830 1.000000 0.000000
3.369717 1.000000 0.000000
-2.244761 1.000000 0.000000
2.074792 1.000000 0.000000
3.509718 1.000000 0.000000
-0.589497 1.000000 0.000000
1.660162 1.000000 0.000000
1.196200 1.000000 0.000000
-2.893809 1.000000 0.000000
-0.530290 1.000000 0.000000
-3.957370 1.000000 0.000000
0.894421 1.000000 0.000000
-4.980513 1.000000 0.000000
4.156136 1.000000 0.000000
-4.257509 1.000000 0.000000
-4.159441 1.000000 0.000000
1.019044 1.000000 0.000000
-1.574747 1.000000 0.000000
1.481932 1.000000 0.000000
-2.801990 1.000000 0.000000
-2.853820 1.000000 0.000000
-4.157667 1.000000 0.000000
-0.719110 1.000000 0.000000
3.976937 1.000000 0.000000
2.959045 1.000000 0.000000
-1.109341 1.000000 0.000000
-4.462089 1.000000 0.000000
-3.589337 1.000000 0.000000
-0.200283 1.000000 0.000000
1.849295 1.000000 0.000000
0.412999 1.000000 0.000000
0.514448 1.000000 0.000000
1.267075 1.000000 0.000000
3.057824 1.000000 0.000000
-3.618040 1.000000 0.000000
-3.645161 1.000000 0.000000
-2.135789 1.000000 0.000000
-1.076838 1.000000 0.000000
-4.263120 1.000000 0.000000
3.863839 1.000000 0.000000
2.738455 1.000000 0.000000
0.742596 1.000000 0.000000
-2.164275 1.000000 0.000000
-4.566392 1.000000 0.000000
-0.902579 1.000000 0.000000
3.305505 1.000000 0.000000
-4.258738 1.000000 0.000000
3.655046 1.000000 0.000000
-3.845581 1.000000 0.000000
-4.787809 1.000000 0.000000
3.309797 1.000000 0.000000
-2.516095 1.000000 0.000000
-0.923326 1.000000 0.000000
2.795131 1.000000 0.000000
1.407358 1.000000 0.000000
-3.312172 1.000000 0.000000
3.159569 1.000000 0.000000
0.156955 1.000000 0.000000
0.180599 1.000000 0.000000
-4.338456 1.000000 0.000000
-3.256118 1.000000 0.000000
-0.214555 1.000000 0.000000
-1.772538 1.000000 0.000000
-4.398569 1.000000 0.000000
4.203471 1.000000 0.000000
-4.765317 1.000000 0.000000
-1.988011 1.000000 0.000000
-2.536448 1.000000 0.000000
3.719679 1.000000 0.000000
-2.128323 1.000000 0.000000
4.463816 1.000000 0.000000
1.747188 1.000000 0.000000
0.335778 1.000000 0.000000
-3.215486 1.000000 0.000000
3.600821 1.000000 0.000000
2.498178 1.000000 0.000000
4.117368 1.000000 0.000000
-4.821513 1.000000 0.000000
1.646309 1.000000 0.000000
3.433234 1.000000 0.000000
1.680734 1.000000 0.000000
-3.252994 1.000000 0.000000
1.919751 1.000000 0.000000
3.530664 1.000000 0.000000
-2.964432 1.000000 0.000000
-2.138151 1.000000 0.000000
4.191838 1.000000 0.000000
4.567215 1.000000 0.000000
1.873911 1.000000 0.000000
-0.169477 1.000000 0.000000
-2.865270 1.000000 0.000000
-3.734059 1.000000 0.000000
2.919964 1.000000 0.000000
-1.488739 1.000000 0.000000
1.158808 1.000000 0.000000
0.824482 1.000000 0.000000
0.492060 1.000000 0.000000
-1.628940 1.000000 0.000000
-0.264572 1.000000 0.000000
-0.062025 1.000000 0.000000
-1.373387 1.000000 0.000000
-4.675189 1.000000 0.000000
4.022338 1.000000 0.000000
-4.678460 1.000000 0.000000
4.900795 1.000000 0.000000
2.256626 1.000000 0.000000
-1.885452 1.000000 0.000000
-1.653183 1.000000 0.000000
2.890337 1.000000 0.000000
1.462523 1.000000 0.000000
-3.464376 1.000000 0.000000
-1.913412 1.000000 0.000000
0.156294 1.000000 0.000000
1.596798 1.000000 0.000000
3.652469 1.000000 0.000000
-0.589620 1.000000 0.000000
3.755812 1.000000 0.000000
-2.222690 1.000000 0.000000
-3.474367 1.000000 0.000000
4.802342 1.000000 0.000000
1.721673 1.000000 0.000000
-0.769391 1.000000 0.000000
-2.607012 1.000000 0.000000
-2.049017 1.000000 0.000000
-1.087202 1.000000 0.000000
-3.396919 1.000000 0.000000
4.134534 1.000000 0.000000
-3.426477 1.000000 0.000000
-3.289460 1.000000 0.000000
1.708263 1.000000 0.000000
-0.353363 1.000000 0.000000
3.649041 1.000000 0.000000
-2.783655 1.000000 0.000000
-0.625137 1.000000 0.000000
-2.904736 1.000000 0.000000
-1.402769 1.000000 0.000000
-4.469315 1.000000 0.000000
1.403305 1.000000 0.000000
2.583493 1.000000 0.000000
-0.184670 1.000000 0.000000
-0.596301 1.000000 0.000000
-3.921084 1.000000 0.000000
0.948634 1.000000 0.000000
-1.373430 1.000000 0.000000
-1.410425 1.000000 0.000000
2.236323 1.000000 0.000000
0.360406 1.000000 0.000000
-2.936223 1.000000 0.000000
0.689799 1.000000 0.000000
-3.746845 1.000000 0.000000
2.388188 1.000000 0.000000
-4.474147 1.000000 0.000000
3.476440 1.000000 0.000000
2.400179 1.000000 0.000000
4.667283 1.000000 0.000000
4.307122 1.000000 0.000000
-1.666359 1.000000 0.000000
-2.094419 1.000000 0.000000
2.845474 1.000000 0.000000
-3.736745 1.000000 0.000000
0.739553 1.000000 0.000000
3.978777 1.000000 0.000000
0.785411 1.000000 0.000000
2.013444 1.000000 0.000000
1.304023 1.000000 0.000000
3.945912 1.000000 0.000000
-0.707555 1.000000 0.000000
0.884776 1.000000 0.000000
-2.801869 1.000000 0.000000
2.405793 1.000000 0.000000
3.965720 1.000000 0.000000
-1.339391 1.000000 0.000000
0.105788 1.000000 0.000000
1.559022 1.000000 0.000000
1.744026 1.000000 0.000000
1.515881 1.000000 0.000000
-3.374496 1.000000 0.000000
-3.955574 1.000000 0.000000
-1.724698 1.000000 0.000000
1.076193 1.000000 0.000000
-3.659621 1.000000 0.000000
1.249014 1.000000 0.000000
-3.042964 1.000000 0.000000
0.692794 1.000000 0.000000
2.120943 1.000000 0.000000
-0.250539 1.000000 0.000000
-1.315208 1.000000 0.000000
1.660306 1.000000 0.000000
4.774158 1.000000 0.000000
1.083293 1.000000 0.000000
4.043130 1.000000 0.000000
-0.898361 1.000000 0.000000
2.062814 1.000000 0.000000
-0.201837 1.000000 0.000000
2.996043 1.000000 0.000000
-2.385728 1.000000 0.000000
0.798096 1.000000 0.000000
0.110149 1.000000 0.000000
-3.905843 1.000000 0.000000
0.382038 1.000000 0.000000
3.146284 1.000000 0.000000
-3.739836 1.000000 0.000000
0.245622 1.000000 0.000000
-1.846930 1.000000 0.000000
-2.166502 1.000000 0.000000
3.823931 1.000000 0.000000
2.665368 1.000000 0.000000
-3.893844 1.000000 0.000000
4.513250 1.000000 0.000000
-1.168735 1.000000 0.000000
0.402598 1.000000 0.000000
-1.965192 1.000000 0.000000
4.912198 1.000000 0.000000
4.996783 1.000000 0.000000
0.771487 1.000000 0.000000
3.135538 1.000000 0.000000
3.721441 1.000000 0.000000
1.622630 1.000000 0.000000
4.096366 1.000000 0.000000
-1.293729 1.000000 0.000000
2.302844 1.000000 0.000000
2.864714 1.000000 0.000000
-0.760243 1.000000 0.000000
1.016176 1.000000 0.000000
-2.576998 1.000000 0.000000
3.925735 1.000000 0.000000
-1.028747 1.000000 0.000000
0.479644 1.000000 0.000000
-0.974847 1.000000 0.000000
-0.520320 1.000000 0.000000
2.349617 1.000000 0.000000
4.189364 1.000000 0.000000
0.258843 1.000000 0.000000
-0.414355 1.000000 0.000000
-4.958553 1.000000 0.000000
2.940973 1.000000 0.000000
-4.957654 1.000000 0.000000
-1.546887 1.000000 0.000000
-2.368829 1.000000 0.000000
-4.598264 1.000000 0.000000
-0.874250 1.000000 0.000000
-3.743694 1.000000 0.000000
4.960785 1.000000 0.000000
0.552494 1.000000 0.000000
-2.677515 1.000000 0.000000
-1.955458 1.000000 0.000000
-4.500894 1.000000 0.000000
-3.946419 1.000000 0.000000
0.042949 1.000000 0.000000
-3.104009 1.000000 0.000000
-2.663161 1.000000 0.000000
0.015338 1.000000 0.000000
3.932435 1.000000 0.000000
1.213443 1.000000 0.000000
3.245133 1.000000 0.000000
1.757679 1.000000 0.000000
-1.291602 1.000000 0.000000
2.505548 1.000000 0.000000
-4.094832 1.000000 0.000000
-3.316415 1.000000 0.000000
-4.611096 1.000000 0.000000
-0.110166 1.000000 0.000000
-1.517023 1.000000 0.000000
-1.741066 1.000000 0.000000
-4.918325 1.000000 0.000000
2.282466 1.000000 0.000000
2.567488 1.000000 0.000000
-0.209397 1.000000 0.000000
-4.772720 1.000000 0.000000
1.962973 1.000000 0.000000
-3.263509 1.000000 0.000000
3.206363 1.000000 0.000000
3.026856 1.000000 0.000000
-2.687008 1.000000 0.000000
4.122628 1.000000 0.000000
-4.109290 1.000000 0.000000
4.430974 1.000000 0.000000
3.699281 1.000000 0.000000
4.117362 1.000000 0.000000
2.428586 1.000000 0.000000
-4.833640 1.000000 0.000000
3.814236 1.000000 0.000000
0.765119 1.000000 0.000000
3.822806 1.000000 0.000000
