977.399292 500.000000 1.000000
502.651001 500.000000 1.000000
811.936523 500.000000 1.000000
739.744019 500.000000 1.000000
683.114929 500.000000 1.000000
447.360413 500.000000 1.000000
508.486755 500.000000 1.000000
453.665924 500.000000 1.000000
732.547363 500.000000 1.000000
364.250519 500.000000 1.000000
621.995422 500.000000 1.000000
656.215637 500.000000 1.000000
987.458496 500.000000 1.000000
531.122925 500.000000 1.000000
910.620972 500.000000 1.000000
570.595703 500.000000 1.000000
467.076019 500.000000 1.000000
559.611755 500.000000 1.000000
963.120544 500.000000 1.000000
439.910034 500.000000 1.000000
539.514587 500.000000 1.000000
447.872864 500.000000 1.000000
555.064209 500.000000 1.000000
1448.659058 500.000000 1.000000
601.418396 500.000000 1.000000
443.750824 500.000000 1.000000
627.345154 500.000000 1.000000
1094.728271 500.000000 1.000000
747.161438 500.000000 1.000000
1035.110352 500.000000 1.000000
560.074646 500.000000 1.000000
1588.559692 500.000000 1.000000
419.212891 500.000000 1.000000
471.940399 500.000000 1.000000
492.388306 500.000000 1.000000
718.842102 500.000000 1.000000
776.056335 500.000000 1.000000
396.722321 500.000000 1.000000
430.217102 500.000000 1.000000
471.791595 500.000000 1.000000
587.537781 500.000000 1.000000
406.605011 500.000000 1.000000
676.129211 500.000000 1.000000
505.819611 500.000000 1.000000
948.528320 500.000000 1.000000
428.706512 500.000000 1.000000
510.743134 500.000000 1.000000
807.645264 500.000000 1.000000
718.403564 500.000000 1.000000
488.771820 500.000000 1.000000
515.185303 500.000000 1.000000
392.323059 500.000000 1.000000
536.816345 500.000000 1.000000
1513.667114 500.000000 1.000000
525.134216 500.000000 1.000000
504.717224 500.000000 1.000000
463.134705 500.000000 1.000000
496.550537 500.000000 1.000000
502.313812 500.000000 1.000000
526.545044 500.000000 1.000000
626.092590 500.000000 1.000000
494.265350 500.000000 1.000000
440.181396 500.000000 1.000000
556.376404 500.000000 1.000000
570.043762 500.000000 1.000000
645.194702 500.000000 1.000000
774.229065 500.000000 1.000000
1456.148071 500.000000 1.000000
430.096375 500.000000 1.000000
924.606445 500.000000 1.000000
1070.783569 500.000000 1.000000
523.101929 500.000000 1.000000
431.676819 500.000000 1.000000
543.394043 500.000000 1.000000
802.838684 500.000000 1.000000
436.552002 500.000000 1.000000
395.484406 500.000000 1.000000
537.442871 500.000000 1.000000
422.766754 500.000000 1.000000
1198.581177 500.000000 1.000000
1406.078247 500.000000 1.000000
3584.921631 500.000000 1.000000
601.540771 500.000000 1.000000
1264.437866 500.000000 1.000000
429.771851 500.000000 1.000000
464.511414 500.000000 1.000000
584.107056 500.000000 1.000000
557.798706 500.000000 1.000000
483.123627 500.000000 1.000000
439.095093 500.000000 1.000000
837.578979 500.000000 1.000000
611.085510 500.000000 1.000000
1200.789917 500.000000 1.000000
1301.365479 500.000000 1.000000
487.073151 500.000000 1.000000
906.605408 500.000000 1.000000
2147.164062 500.000000 1.000000
799.477112 500.000000 1.000000
497.334686 500.000000 1.000000
751.202637 500.000000 1.000000
769.960693 500.000000 1.000000
1004.445496 500.000000 1.000000
594.080566 500.000000 1.000000
422.325897 500.000000 1.000000
469.736237 500.000000 1.000000
397.566559 500.000000 1.000000
515.157288 500.000000 1.000000
490.221588 500.000000 1.000000
445.785522 500.000000 1.000000
587.347656 500.000000 1.000000
1009.973633 500.000000 1.000000
840.939453 500.000000 1.000000
448.293060 500.000000 1.000000
659.351868 500.000000 1.000000
976.048706 500.000000 1.000000
440.476990 500.000000 1.000000
490.648895 500.000000 1.000000
2321.303711 500.000000 1.000000
464.642334 500.000000 1.000000
625.453308 500.000000 1.000000
1128.460327 500.000000 1.000000
895.114502 500.000000 1.000000
524.717834 500.000000 1.000000
648.925781 500.000000 1.000000
532.043823 500.000000 1.000000
654.625000 500.000000 1.000000
633.906738 500.000000 1.000000
486.221832 500.000000 1.000000
496.250824 500.000000 1.000000
852.946777 500.000000 1.000000
1113.248657 500.000000 1.000000
1084.348999 500.000000 1.000000
579.363953 500.000000 1.000000
681.807068 500.000000 1.000000
519.827576 500.000000 1.000000
557.894531 500.000000 1.000000
457.407471 500.000000 1.000000
367.211304 500.000000 1.000000
498.100647 500.000000 1.000000
437.255981 500.000000 1.000000
643.791748 500.000000 1.000000
520.404968 500.000000 1.000000
664.106506 500.000000 1.000000
924.612854 500.000000 1.000000
473.948181 500.000000 1.000000
749.525757 500.000000 1.000000
1290.840088 500.000000 1.000000
518.426514 500.000000 1.000000
1021.124939 500.000000 1.000000
548.121643 500.000000 1.000000
440.761017 500.000000 1.000000
492.553101 500.000000 1.000000
1448.810547 500.000000 1.000000
420.053253 500.000000 1.000000
772.696777 500.000000 1.000000
480.300537 500.000000 1.000000
900.335022 500.000000 1.000000
1502.109985 500.000000 1.000000
595.508057 500.000000 1.000000
559.455383 500.000000 1.000000
463.815216 500.000000 1.000000
878.623718 500.000000 1.000000
528.938293 500.000000 1.000000
438.924225 500.000000 1.000000
590.578613 500.000000 1.000000
642.214844 500.000000 1.000000
558.181396 500.000000 1.000000
554.009277 500.000000 1.000000
904.895935 500.000000 1.000000
505.463715 500.000000 1.000000
682.939941 500.000000 1.000000
704.811890 500.000000 1.000000
809.771973 500.000000 1.000000
500.011566 500.000000 1.000000
864.663818 500.000000 1.000000
765.607178 500.000000 1.000000
933.186218 500.000000 1.000000
1289.328613 500.000000 1.000000
625.798279 500.000000 1.000000
460.695282 500.000000 1.000000
571.668030 500.000000 1.000000
636.977966 500.000000 1.000000
458.311981 500.000000 1.000000
683.656494 500.000000 1.000000
567.418213 500.000000 1.000000
512.168518 500.000000 1.000000
900.685974 500.000000 1.000000
538.010742 500.000000 1.000000
639.811890 500.000000 1.000000
624.127563 500.000000 1.000000
743.803101 500.000000 1.000000
1796.810791 500.000000 1.000000
2674.004883 500.000000 1.000000
624.557190 500.000000 1.000000
1014.165283 500.000000 1.000000
522.804199 500.000000 1.000000
762.215759 500.000000 1.000000
982.243530 500.000000 1.000000
517.277222 500.000000 1.000000
431.729950 500.000000 1.000000
595.498657 500.000000 1.000000
711.012939 500.000000 1.000000
530.232544 500.000000 1.000000
458.197876 500.000000 1.000000
671.382019 500.000000 1.000000
2637.012207 500.000000 1.000000
567.823181 500.000000 1.000000
703.583435 500.000000 1.000000
615.888855 500.000000 1.000000
517.026855 500.000000 1.000000
906.349915 500.000000 1.000000
618.882019 500.000000 1.000000
1179.030884 500.000000 1.000000
540.103333 500.000000 1.000000
404.567749 500.000000 1.000000
638.126343 500.000000 1.000000
470.637024 500.000000 1.000000
465.207214 500.000000 1.000000
494.486542 500.000000 1.000000
465.013824 500.000000 1.000000
492.614563 500.000000 1.000000
514.373413 500.000000 1.000000
1684.536743 500.000000 1.000000
467.354584 500.000000 1.000000
569.035461 500.000000 1.000000
492.047729 500.000000 1.000000
970.769592 500.000000 1.000000
475.267395 500.000000 1.000000
704.119446 500.000000 1.000000
847.101990 500.000000 1.000000
452.987335 500.000000 1.000000
519.977356 500.000000 1.000000
500.835114 500.000000 1.000000
897.897095 500.000000 1.000000
484.660126 500.000000 1.000000
447.685577 500.000000 1.000000
580.318970 500.000000 1.000000
538.869873 500.000000 1.000000
474.078522 500.000000 1.000000
691.013245 500.000000 1.000000
642.760864 500.000000 1.000000
898.067078 500.000000 1.000000
579.968079 500.000000 1.000000
496.396698 500.000000 1.000000
712.134949 500.000000 1.000000
552.394409 500.000000 1.000000
626.700989 500.000000 1.000000
461.690704 500.000000 1.000000
1185.433594 500.000000 1.000000
542.197815 500.000000 1.000000
869.626526 500.000000 1.000000
477.754028 500.000000 1.000000
1022.894653 500.000000 1.000000
464.352203 500.000000 1.000000
729.599731 500.000000 1.000000
492.841675 500.000000 1.000000
499.737610 500.000000 1.000000
537.668274 500.000000 1.000000
450.071350 500.000000 1.000000
736.425903 500.000000 1.000000
594.408508 500.000000 1.000000
657.413208 500.000000 1.000000
636.812134 500.000000 1.000000
519.713806 500.000000 1.000000
894.566406 500.000000 1.000000
461.934662 500.000000 1.000000
882.423279 500.000000 1.000000
556.571960 500.000000 1.000000
559.501831 500.000000 1.000000
419.063446 500.000000 1.000000
2005.008911 500.000000 1.000000
741.754639 500.000000 1.000000
593.136902 500.000000 1.000000
1052.251709 500.000000 1.000000
491.844025 500.000000 1.000000
642.015930 500.000000 1.000000
562.854126 500.000000 1.000000
453.386322 500.000000 1.000000
475.685638 500.000000 1.000000
609.643555 500.000000 1.000000
572.618164 500.000000 1.000000
816.348022 500.000000 1.000000
566.628601 500.000000 1.000000
1318.581177 500.000000 1.000000
556.030640 500.000000 1.000000
711.786133 500.000000 1.000000
1097.577271 500.000000 1.000000
413.719635 500.000000 1.000000
626.688416 500.000000 1.000000
742.697021 500.000000 1.000000
656.100159 500.000000 1.000000
724.168640 500.000000 1.000000
750.588745 500.000000 1.000000
558.096436 500.000000 1.000000
587.873840 500.000000 1.000000
503.212250 500.000000 1.000000
714.450623 500.000000 1.000000
391.826080 500.000000 1.000000
990.707886 500.000000 1.000000
791.022583 500.000000 1.000000
542.812805 500.000000 1.000000
504.260620 500.000000 1.000000
899.403564 500.000000 1.000000
501.123596 500.000000 1.000000
489.312897 500.000000 1.000000
725.588501 500.000000 1.000000
1580.319214 500.000000 1.000000
1357.829468 500.000000 1.000000
656.615784 500.000000 1.000000
1188.415894 500.000000 1.000000
1303.767822 500.000000 1.000000
661.584839 500.000000 1.000000
890.246704 500.000000 1.000000
446.415863 500.000000 1.000000
608.545959 500.000000 1.000000
488.572662 500.000000 1.000000
746.438660 500.000000 1.000000
631.671997 500.000000 1.000000
1774.128174 500.000000 1.000000
653.960815 500.000000 1.000000
450.687897 500.000000 1.000000
486.463135 500.000000 1.000000
454.614746 500.000000 1.000000
648.506775 500.000000 1.000000
535.075989 500.000000 1.000000
805.805603 500.000000 1.000000
907.034729 500.000000 1.000000
666.964050 500.000000 1.000000
642.242737 500.000000 1.000000
534.991333 500.000000 1.000000
467.977295 500.000000 1.000000
429.132019 500.000000 1.000000
668.000732 500.000000 1.000000
428.649902 500.000000 1.000000
426.784698 500.000000 1.000000
788.897522 500.000000 1.000000
491.320160 500.000000 1.000000
532.384277 500.000000 1.000000
539.039978 500.000000 1.000000
1032.613037 500.000000 1.000000
460.233612 500.000000 1.000000
1467.203979 500.000000 1.000000
682.112000 500.000000 1.000000
516.701416 500.000000 1.000000
625.049194 500.000000 1.000000
451.334198 500.000000 1.000000
527.617615 500.000000 1.000000
965.996338 500.000000 1.000000
629.136841 500.000000 1.000000
599.497192 500.000000 1.000000
778.330811 500.000000 1.000000
623.359741 500.000000 1.000000
519.301514 500.000000 1.000000
584.165039 500.000000 1.000000
524.364502 500.000000 1.000000
457.618042 500.000000 1.000000
573.703857 500.000000 1.000000
449.056885 500.000000 1.000000
575.696533 500.000000 1.000000
497.575470 500.000000 1.000000
523.157959 500.000000 1.000000
568.037964 500.000000 1.000000
874.074158 500.000000 1.000000
756.735291 500.000000 1.000000
1133.646484 500.000000 1.000000
504.835968 500.000000 1.000000
436.953186 500.000000 1.000000
468.456970 500.000000 1.000000
465.137878 500.000000 1.000000
810.531006 500.000000 1.000000
923.932434 500.000000 1.000000
477.447052 500.000000 1.000000
374.863098 500.000000 1.000000
477.449432 500.000000 1.000000
1110.228638 500.000000 1.000000
1289.626343 500.000000 1.000000
397.400208 500.000000 1.000000
761.888916 500.000000 1.000000
483.457184 500.000000 1.000000
1408.018311 500.000000 1.000000
480.413696 500.000000 1.000000
504.836548 500.000000 1.000000
1469.141602 500.000000 1.000000
833.304138 500.000000 1.000000
469.206726 500.000000 1.000000
521.675903 500.000000 1.000000
657.302368 500.000000 1.000000
524.988220 500.000000 1.000000
621.499207 500.000000 1.000000
479.958710 500.000000 1.000000
520.838623 500.000000 1.000000
382.655701 500.000000 1.000000
586.549683 500.000000 1.000000
657.376282 500.000000 1.000000
622.394714 500.000000 1.000000
632.656494 500.000000 1.000000
574.224243 500.000000 1.000000
634.622192 500.000000 1.000000
658.197449 500.000000 1.000000
471.611023 500.000000 1.000000
1047.512695 500.000000 1.000000
429.970825 500.000000 1.000000
514.206909 500.000000 1.000000
584.389648 500.000000 1.000000
1091.538452 500.000000 1.000000
640.194946 500.000000 1.000000
443.128510 500.000000 1.000000
468.003357 500.000000 1.000000
771.974243 500.000000 1.000000
639.950134 500.000000 1.000000
467.772705 500.000000 1.000000
475.344910 500.000000 1.000000
838.384766 500.000000 1.000000
796.326843 500.000000 1.000000
525.071289 500.000000 1.000000
561.466797 500.000000 1.000000
1690.914062 500.000000 1.000000
549.791443 500.000000 1.000000
934.770264 500.000000 1.000000
584.234192 500.000000 1.000000
1322.400879 500.000000 1.000000
1049.915649 500.000000 1.000000
478.281647 500.000000 1.000000
795.626282 500.000000 1.000000
602.501526 500.000000 1.000000
472.849548 500.000000 1.000000
445.678162 500.000000 1.000000
2630.498047 500.000000 1.000000
426.252350 500.000000 1.000000
585.779968 500.000000 1.000000
1091.202148 500.000000 1.000000
690.115601 500.000000 1.000000
465.251831 500.000000 1.000000
796.110229 500.000000 1.000000
328.959137 500.000000 1.000000
480.243408 500.000000 1.000000
420.254456 500.000000 1.000000
766.016663 500.000000 1.000000
417.391754 500.000000 1.000000
725.001770 500.000000 1.000000
519.477051 500.000000 1.000000
1026.239746 500.000000 1.000000
485.847412 500.000000 1.000000
689.626465 500.000000 1.000000
803.637207 500.000000 1.000000
643.217651 500.000000 1.000000
528.117310 500.000000 1.000000
457.431091 500.000000 1.000000
988.358521 500.000000 1.000000
496.039490 500.000000 1.000000
473.155975 500.000000 1.000000
449.281158 500.000000 1.000000
560.907166 500.000000 1.000000
1019.191467 500.000000 1.000000
515.308472 500.000000 1.000000
446.713348 500.000000 1.000000
654.998474 500.000000 1.000000
505.707764 500.000000 1.000000
438.100464 500.000000 1.000000
758.300842 500.000000 1.000000
544.743591 500.000000 1.000000
458.010742 500.000000 1.000000
1282.560791 500.000000 1.000000
630.735291 500.000000 1.000000
410.244415 500.000000 1.000000
465.041412 500.000000 1.000000
453.295319 500.000000 1.000000
540.110840 500.000000 1.000000
983.241760 500.000000 1.000000
493.134766 500.000000 1.000000
409.055878 500.000000 1.000000
469.997864 500.000000 1.000000
593.520752 500.000000 1.000000
521.379822 500.000000 1.000000
554.093384 500.000000 1.000000
597.773315 500.000000 1.000000
500.519257 500.000000 1.000000
497.087006 500.000000 1.000000
422.039307 500.000000 1.000000
567.375061 500.000000 1.000000
976.072693 500.000000 1.000000
638.553955 500.000000 1.000000
1571.116333 500.000000 1.000000
446.263824 500.000000 1.000000
964.653320 500.000000 1.000000
479.527222 500.000000 1.000000
486.842865 500.000000 1.000000
570.352905 500.000000 1.000000
773.933777 500.000000 1.000000
755.520630 500.000000 1.000000
643.853455 500.000000 1.000000
432.941345 500.000000 1.000000
627.034912 500.000000 1.000000
449.917694 500.000000 1.000000
594.315857 500.000000 1.000000
552.744934 500.000000 1.000000
763.679077 500.000000 1.000000
490.919403 500.000000 1.000000
636.654968 500.000000 1.000000
496.560699 500.000000 1.000000
452.238983 500.000000 1.000000
552.678894 500.000000 1.000000
647.616577 500.000000 1.000000
1184.489502 500.000000 1.000000
577.862488 500.000000 1.000000
666.206421 500.000000 1.000000
408.125610 500.000000 1.000000
3190.283936 500.000000 1.000000
474.690491 500.000000 1.000000
494.553986 500.000000 1.000000
933.759094 500.000000 1.000000
467.099457 500.000000 1.000000
750.715698 500.000000 1.000000
656.349304 500.000000 1.000000
622.380737 500.000000 1.000000
858.159546 500.000000 1.000000
849.203247 500.000000 1.000000
475.050018 500.000000 1.000000
773.489929 500.000000 1.000000
448.508698 500.000000 1.000000
452.204590 500.000000 1.000000
467.169373 500.000000 1.000000
1118.004761 500.000000 1.000000
563.224731 500.000000 1.000000
520.755920 500.000000 1.000000
375.074982 500.000000 1.000000
1476.463501 500.000000 1.000000
1346.887451 500.000000 1.000000
667.979614 500.000000 1.000000
494.606567 500.000000 1.000000
431.781464 500.000000 1.000000
445.157654 500.000000 1.000000
756.197205 500.000000 1.000000
650.381226 500.000000 1.000000
966.985840 500.000000 1.000000
399.360382 500.000000 1.000000
1297.824463 500.000000 1.000000
558.972046 500.000000 1.000000
729.903503 500.000000 1.000000
887.905396 500.000000 1.000000
471.649719 500.000000 1.000000
606.858032 500.000000 1.000000
1091.928223 500.000000 1.000000
455.316132 500.000000 1.000000
856.453491 500.000000 1.000000
703.486328 500.000000 1.000000
597.225830 500.000000 1.000000
507.087494 500.000000 1.000000
608.563232 500.000000 1.000000
496.858917 500.000000 1.000000
659.422729 500.000000 1.000000
488.603943 500.000000 1.000000
1700.355835 500.000000 1.000000
854.557068 500.000000 1.000000
866.683411 500.000000 1.000000
716.894836 500.000000 1.000000
407.142975 500.000000 1.000000
503.685883 500.000000 1.000000
1410.405151 500.000000 1.000000
442.059113 500.000000 1.000000
897.927673 500.000000 1.000000
671.392395 500.000000 1.000000
1017.280518 500.000000 1.000000
491.931580 500.000000 1.000000
642.628174 500.000000 1.000000
597.889282 500.000000 1.000000
633.817261 500.000000 1.000000
640.511292 500.000000 1.000000
494.707336 500.000000 1.000000
922.722351 500.000000 1.000000
810.627625 500.000000 1.000000
1371.962158 500.000000 1.000000
509.684723 500.000000 1.000000
505.805359 500.000000 1.000000
1013.810425 500.000000 1.000000
433.407867 500.000000 1.000000
784.274841 500.000000 1.000000
497.105682 500.000000 1.000000
493.154510 500.000000 1.000000
685.379333 500.000000 1.000000
475.601135 500.000000 1.000000
596.301270 500.000000 1.000000
425.587036 500.000000 1.000000
545.238892 500.000000 1.000000
462.218689 500.000000 1.000000
623.759094 500.000000 1.000000
1260.402710 500.000000 1.000000
1042.620850 500.000000 1.000000
816.810364 500.000000 1.000000
606.667297 500.000000 1.000000
530.177795 500.000000 1.000000
490.321045 500.000000 1.000000
610.300537 500.000000 1.000000
496.180878 500.000000 1.000000
659.226990 500.000000 1.000000
638.292664 500.000000 1.000000
445.046326 500.000000 1.000000
468.005371 500.000000 1.000000
467.019897 500.000000 1.000000
896.536804 500.000000 1.000000
896.041809 500.000000 1.000000
572.932800 500.000000 1.000000
677.534729 500.000000 1.000000
895.062744 500.000000 1.000000
876.057068 500.000000 1.000000
571.625427 500.000000 1.000000
584.275757 500.000000 1.000000
713.254089 500.000000 1.000000
1031.067017 500.000000 1.000000
454.188354 500.000000 1.000000
463.941010 500.000000 1.000000
473.316711 500.000000 1.000000
923.574524 500.000000 1.000000
591.871277 500.000000 1.000000
602.955017 500.000000 1.000000
621.924805 500.000000 1.000000
382.142334 500.000000 1.000000
413.487915 500.000000 1.000000
501.963440 500.000000 1.000000
779.289429 500.000000 1.000000
536.533264 500.000000 1.000000
538.419678 500.000000 1.000000
487.602478 500.000000 1.000000
817.333130 500.000000 1.000000
894.483765 500.000000 1.000000
503.962097 500.000000 1.000000
905.378662 500.000000 1.000000
502.486145 500.000000 1.000000
454.145966 500.000000 1.000000
431.061371 500.000000 1.000000
476.102264 500.000000 1.000000
340.105591 500.000000 1.000000
684.239075 500.000000 1.000000
476.096924 500.000000 1.000000
551.838867 500.000000 1.000000
485.362762 500.000000 1.000000
487.296265 500.000000 1.000000
620.487549 500.000000 1.000000
509.571472 500.000000 1.000000
1344.151245 500.000000 1.000000
548.669800 500.000000 1.000000
537.525574 500.000000 1.000000
593.258850 500.000000 1.000000
478.847046 500.000000 1.000000
808.394958 500.000000 1.000000
510.958832 500.000000 1.000000
492.223907 500.000000 1.000000
523.061035 500.000000 1.000000
795.523132 500.000000 1.000000
1210.493042 500.000000 1.000000
730.104065 500.000000 1.000000
712.631348 500.000000 1.000000
451.510773 500.000000 1.000000
635.574768 500.000000 1.000000
1503.363525 500.000000 1.000000
989.834839 500.000000 1.000000
501.165710 500.000000 1.000000
579.718933 500.000000 1.000000
637.802307 500.000000 1.000000
559.042542 500.000000 1.000000
541.268372 500.000000 1.000000
452.988770 500.000000 1.000000
464.661682 500.000000 1.000000
1897.806885 500.000000 1.000000
607.109497 500.000000 1.000000
413.991852 500.000000 1.000000
567.439697 500.000000 1.000000
511.762115 500.000000 1.000000
455.323700 500.000000 1.000000
510.810730 500.000000 1.000000
579.463318 500.000000 1.000000
536.870728 500.000000 1.000000
545.186279 500.000000 1.000000
1263.283569 500.000000 1.000000
527.612732 500.000000 1.000000
435.223145 500.000000 1.000000
396.296509 500.000000 1.000000
1216.776123 500.000000 1.000000
448.412598 500.000000 1.000000
473.615936 500.000000 1.000000
706.362732 500.000000 1.000000
764.948364 500.000000 1.000000
524.699097 500.000000 1.000000
493.602600 500.000000 1.000000
398.051605 500.000000 1.000000
541.649475 500.000000 1.000000
546.863586 500.000000 1.000000
449.840179 500.000000 1.000000
1223.430420 500.000000 1.000000
520.694946 500.000000 1.000000
1311.805054 500.000000 1.000000
587.534790 500.000000 1.000000
602.936951 500.000000 1.000000
910.030884 500.000000 1.000000
753.657532 500.000000 1.000000
1136.958130 500.000000 1.000000
677.306702 500.000000 1.000000
578.088867 500.000000 1.000000
1445.655029 500.000000 1.000000
667.360168 500.000000 1.000000
769.132080 500.000000 1.000000
725.389832 500.000000 1.000000
594.518921 500.000000 1.000000
1460.121826 500.000000 1.000000
452.304321 500.000000 1.000000
871.650879 500.000000 1.000000
638.857483 500.000000 1.000000
572.188171 500.000000 1.000000
638.716064 500.000000 1.000000
509.429443 500.000000 1.000000
599.981445 500.000000 1.000000
632.166382 500.000000 1.000000
1077.767700 500.000000 1.000000
467.300354 500.000000 1.000000
332.581757 500.000000 1.000000
471.323853 500.000000 1.000000
546.294678 500.000000 1.000000
542.639404 500.000000 1.000000
485.547638 500.000000 1.000000
499.071930 500.000000 1.000000
470.474365 500.000000 1.000000
455.738464 500.000000 1.000000
492.839355 500.000000 1.000000
575.181335 500.000000 1.000000
674.656311 500.000000 1.000000
1155.626221 500.000000 1.000000
524.178833 500.000000 1.000000
1523.219360 500.000000 1.000000
457.146912 500.000000 1.000000
728.426575 500.000000 1.000000
434.261078 500.000000 1.000000
889.168213 500.000000 1.000000
415.444489 500.000000 1.000000
431.540039 500.000000 1.000000
1469.455933 500.000000 1.000000
534.217041 500.000000 1.000000
630.436890 500.000000 1.000000
435.368317 500.000000 1.000000
834.525574 500.000000 1.000000
596.218506 500.000000 1.000000
491.756378 500.000000 1.000000
1947.953857 500.000000 1.000000
468.368713 500.000000 1.000000
2013.005981 500.000000 1.000000
503.207703 500.000000 1.000000
869.034180 500.000000 1.000000
579.466797 500.000000 1.000000
993.439392 500.000000 1.000000
1032.949829 500.000000 1.000000
490.960175 500.000000 1.000000
451.321716 500.000000 1.000000
509.978912 500.000000 1.000000
573.168335 500.000000 1.000000
591.759216 500.000000 1.000000
616.189880 500.000000 1.000000
520.409851 500.000000 1.000000
1031.599976 500.000000 1.000000
707.174377 500.000000 1.000000
527.144592 500.000000 1.000000
459.950623 500.000000 1.000000
463.029541 500.000000 1.000000
520.360107 500.000000 1.000000
1180.407227 500.000000 1.000000
1132.117920 500.000000 1.000000
485.191956 500.000000 1.000000
1110.402710 500.000000 1.000000
479.526825 500.000000 1.000000
465.213043 500.000000 1.000000
528.961487 500.000000 1.000000
437.976135 500.000000 1.000000
932.996887 500.000000 1.000000
520.212708 500.000000 1.000000
565.315308 500.000000 1.000000
1056.861206 500.000000 1.000000
616.065796 500.000000 1.000000
802.163818 500.000000 1.000000
798.044373 500.000000 1.000000
450.247223 500.000000 1.000000
494.964508 500.000000 1.000000
950.426941 500.000000 1.000000
431.428284 500.000000 1.000000
707.222229 500.000000 1.000000
472.275665 500.000000 1.000000
649.908630 500.000000 1.000000
754.561401 500.000000 1.000000
504.997742 500.000000 1.000000
756.135315 500.000000 1.000000
584.186157 500.000000 1.000000
682.416687 500.000000 1.000000
701.418030 500.000000 1.000000
1273.691162 500.000000 1.000000
552.700623 500.000000 1.000000
476.788940 500.000000 1.000000
589.368286 500.000000 1.000000
598.369690 500.000000 1.000000
555.412781 500.000000 1.000000
423.494934 500.000000 1.000000
537.638489 500.000000 1.000000
459.231842 500.000000 1.000000
465.583984 500.000000 1.000000
488.888702 500.000000 1.000000
1204.131470 500.000000 1.000000
1065.239136 500.000000 1.000000
803.266174 500.000000 1.000000
504.946106 500.000000 1.000000
1141.966309 500.000000 1.000000
359.589905 500.000000 1.000000
739.980530 500.000000 1.000000
392.366241 500.000000 1.000000
617.499329 500.000000 1.000000
602.908447 500.000000 1.000000
526.201233 500.000000 1.000000
563.004700 500.000000 1.000000
487.059021 500.000000 1.000000
710.636108 500.000000 1.000000
1106.642090 500.000000 1.000000
642.881958 500.000000 1.000000
536.643799 500.000000 1.000000
514.476990 500.000000 1.000000
428.805786 500.000000 1.000000
1467.745239 500.000000 1.000000
615.853760 500.000000 1.000000
483.235352 500.000000 1.000000
1028.477417 500.000000 1.000000
678.330933 500.000000 1.000000
545.722229 500.000000 1.000000
846.169922 500.000000 1.000000
715.343872 500.000000 1.000000
502.131042 500.000000 1.000000
514.717651 500.000000 1.000000
538.350281 500.000000 1.000000
942.429626 500.000000 1.000000
932.937561 500.000000 1.000000
455.955841 500.000000 1.000000
926.312500 500.000000 1.000000
1106.784302 500.000000 1.000000
798.820557 500.000000 1.000000
353.688354 500.000000 1.000000
447.971985 500.000000 1.000000
455.459137 500.000000 1.000000
995.623413 500.000000 1.000000
476.361115 500.000000 1.000000
545.885864 500.000000 1.000000
454.082092 500.000000 1.000000
432.827972 500.000000 1.000000
508.439301 500.000000 1.000000
548.501465 500.000000 1.000000
862.893250 500.000000 1.000000
450.521606 500.000000 1.000000
1328.585571 500.000000 1.000000
478.733978 500.000000 1.000000
684.576416 500.000000 1.000000
553.129822 500.000000 1.000000
493.870392 500.000000 1.000000
1100.884766 500.000000 1.000000
800.290771 500.000000 1.000000
370.234436 500.000000 1.000000
588.966187 500.000000 1.000000
477.618042 500.000000 1.000000
1060.022095 500.000000 1.000000
484.239960 500.000000 1.000000
696.890747 500.000000 1.000000
950.964783 500.000000 1.000000
480.621277 500.000000 1.000000
441.287354 500.000000 1.000000
449.313171 500.000000 1.000000
605.525818 500.000000 1.000000
572.140076 500.000000 1.000000
1134.092529 500.000000 1.000000
414.065155 500.000000 1.000000
790.641174 500.000000 1.000000
1587.277710 500.000000 1.000000
497.575836 500.000000 1.000000
1048.541016 500.000000 1.000000
795.199707 500.000000 1.000000
746.020203 500.000000 1.000000
1121.081055 500.000000 1.000000
504.909454 500.000000 1.000000
966.280090 500.000000 1.000000
877.038818 500.000000 1.000000
1113.357300 500.000000 1.000000
598.455078 500.000000 1.000000
421.515015 500.000000 1.000000
612.003479 500.000000 1.000000
488.097107 500.000000 1.000000
950.875488 500.000000 1.000000
524.934998 500.000000 1.000000
473.013428 500.000000 1.000000
608.306030 500.000000 1.000000
770.377319 500.000000 1.000000
796.049988 500.000000 1.000000
1696.677490 500.000000 1.000000
667.645752 500.000000 1.000000
690.469543 500.000000 1.000000
638.377747 500.000000 1.000000
467.439758 500.000000 1.000000
736.599792 500.000000 1.000000
485.896973 500.000000 1.000000
458.341736 500.000000 1.000000
380.925140 500.000000 1.000000
493.992584 500.000000 1.000000
635.117737 500.000000 1.000000
2120.049072 500.000000 1.000000
701.030762 500.000000 1.000000
531.016174 500.000000 1.000000
558.559021 500.000000 1.000000
356.411163 500.000000 1.000000
1066.435547 500.000000 1.000000
534.272644 500.000000 1.000000
1943.919312 500.000000 1.000000
430.516754 500.000000 1.000000
708.174927 500.000000 1.000000
2003.547852 500.000000 1.000000
426.161285 500.000000 1.000000
1290.040771 500.000000 1.000000
680.244751 500.000000 1.000000
542.977478 500.000000 1.000000
980.578430 500.000000 1.000000
565.355896 500.000000 1.000000
546.845459 500.000000 1.000000
785.272522 500.000000 1.000000
1008.452942 500.000000 1.000000
588.641968 500.000000 1.000000
559.726562 500.000000 1.000000
480.012604 500.000000 1.000000
447.113678 500.000000 1.000000
527.674988 500.000000 1.000000
632.280029 500.000000 1.000000
536.068054 500.000000 1.000000
569.567444 500.000000 1.000000
491.463898 500.000000 1.000000
526.599670 500.000000 1.000000
484.224518 500.000000 1.000000
1380.590820 500.000000 1.000000
443.419434 500.000000 1.000000
557.557617 500.000000 1.000000
509.810791 500.000000 1.000000
495.468231 500.000000 1.000000
1323.384766 500.000000 1.000000
549.686523 500.000000 1.000000
393.708038 500.000000 1.000000
472.135956 500.000000 1.000000
1145.034668 500.000000 1.000000
476.948547 500.000000 1.000000
613.196533 500.000000 1.000000
843.657776 500.000000 1.000000
1047.082764 500.000000 1.000000
514.550232 500.000000 1.000000
678.273987 500.000000 1.000000
485.903564 500.000000 1.000000
506.425720 500.000000 1.000000
601.154297 500.000000 1.000000
487.440948 500.000000 1.000000
1289.602905 500.000000 1.000000
457.375366 500.000000 1.000000
496.286011 500.000000 1.000000
593.553894 500.000000 1.000000
705.765503 500.000000 1.000000
848.490173 500.000000 1.000000
2072.833496 500.000000 1.000000
581.693420 500.000000 1.000000
580.289368 500.000000 1.000000
454.665680 500.000000 1.000000
487.073395 500.000000 1.000000
466.685272 500.000000 1.000000
642.434631 500.000000 1.000000
494.814270 500.000000 1.000000
421.955933 500.000000 1.000000
476.786041 500.000000 1.000000
527.328064 500.000000 1.000000
1756.276367 500.000000 1.000000
441.187561 500.000000 1.000000
635.393555 500.000000 1.000000
678.527283 500.000000 1.000000
468.580811 500.000000 1.000000
482.552734 500.000000 1.000000
482.764862 500.000000 1.000000
1366.873779 500.000000 1.000000
1342.257690 500.000000 1.000000
570.214111 500.000000 1.000000
427.731995 500.000000 1.000000
1022.215637 500.000000 1.000000
992.620483 500.000000 1.000000
549.981812 500.000000 1.000000
468.676147 500.000000 1.000000
1309.120483 500.000000 1.000000
470.403992 500.000000 1.000000
800.799805 500.000000 1.000000
583.970459 500.000000 1.000000
506.126892 500.000000 1.000000
891.925476 500.000000 1.000000
898.341614 500.000000 1.000000
506.522858 500.000000 1.000000
374.874847 500.000000 1.000000
442.937714 500.000000 1.000000
781.769958 500.000000 1.000000
395.910858 500.000000 1.000000
493.165741 500.000000 1.000000
1152.341309 500.000000 1.000000
455.512177 500.000000 1.000000
456.343262 500.000000 1.000000
528.846375 500.000000 1.000000
557.084351 500.000000 1.000000
514.135681 500.000000 1.000000
1060.275879 500.000000 1.000000
514.486938 500.000000 1.000000
521.175659 500.000000 1.000000
484.048462 500.000000 1.000000
1472.621948 500.000000 1.000000
799.629272 500.000000 1.000000
479.325531 500.000000 1.000000
474.940125 500.000000 1.000000
541.907776 500.000000 1.000000
586.809143 500.000000 1.000000
451.869904 500.000000 1.000000
445.359863 500.000000 1.000000
517.775879 500.000000 1.000000
2226.429443 500.000000 1.000000
430.965515 500.000000 1.000000
937.172607 500.000000 1.000000
502.912689 500.000000 1.000000
693.916748 500.000000 1.000000
1801.000977 500.000000 1.000000
545.154785 500.000000 1.000000
457.957428 500.000000 1.000000
519.727722 500.000000 1.000000
983.552124 500.000000 1.000000
1270.453003 500.000000 1.000000
509.113007 500.000000 1.000000
488.108612 500.000000 1.000000
528.999390 500.000000 1.000000
657.185181 500.000000 1.000000
531.211548 500.000000 1.000000
891.657898 500.000000 1.000000
556.194580 500.000000 1.000000
1456.670410 500.000000 1.000000
642.163025 500.000000 1.000000
1277.657715 500.000000 1.000000
432.288055 500.000000 1.000000
710.717529 500.000000 1.000000
600.375183 500.000000 1.000000
437.862427 500.000000 1.000000
446.541473 500.000000 1.000000
596.596863 500.000000 1.000000
1177.599731 500.000000 1.000000
344.071259 500.000000 1.000000
1268.802612 500.000000 1.000000
1262.213379 500.000000 1.000000
1513.702759 500.000000 1.000000
512.365112 500.000000 1.000000
466.001373 500.000000 1.000000
823.743469 500.000000 1.000000
536.200562 500.000000 1.000000
665.137634 500.000000 1.000000
1235.922729 500.000000 1.000000
531.069763 500.000000 1.000000
489.904602 500.000000 1.000000
934.988342 500.000000 1.000000
545.625061 500.000000 1.000000
493.680908 500.000000 1.000000
689.650146 500.000000 1.000000
894.731445 500.000000 1.000000
617.050842 500.000000 1.000000
748.078796 500.000000 1.000000
902.221436 500.000000 1.000000
509.079620 500.000000 1.000000
417.248932 500.000000 1.000000
526.311462 500.000000 1.000000
967.927734 500.000000 1.000000
490.825226 500.000000 1.000000
941.899414 500.000000 1.000000
782.755981 500.000000 1.000000
470.936371 500.000000 1.000000
635.276855 500.000000 1.000000
424.820770 500.000000 1.000000
758.315735 500.000000 1.000000
622.629150 500.000000 1.000000
462.541901 500.000000 1.000000
454.986664 500.000000 1.000000
499.185669 500.000000 1.000000
654.096436 500.000000 1.000000
468.339783 500.000000 1.000000
508.232727 500.000000 1.000000
456.107697 500.000000 1.000000
607.926453 500.000000 1.000000
486.392609 500.000000 1.000000
835.329651 500.000000 1.000000
1211.621460 500.000000 1.000000
1127.404175 500.000000 1.000000
545.606201 500.000000 1.000000
657.755249 500.000000 1.000000
461.707916 500.000000 1.000000
647.069641 500.000000 1.000000
464.583984 500.000000 1.000000
491.108856 500.000000 1.000000
417.252716 500.000000 1.000000
634.866699 500.000000 1.000000
675.126709 500.000000 1.000000
445.302094 500.000000 1.000000
550.758423 500.000000 1.000000
1020.009583 500.000000 1.000000
716.624329 500.000000 1.000000
523.540466 500.000000 1.000000
761.443604 500.000000 1.000000
442.761932 500.000000 1.000000
551.894470 500.000000 1.000000
693.358337 500.000000 1.000000
985.362915 500.000000 1.000000
712.187012 500.000000 1.000000
547.030334 500.000000 1.000000
585.835571 500.000000 1.000000
449.895081 500.000000 1.000000
470.544922 500.000000 1.000000
497.366119 500.000000 1.000000
521.404358 500.000000 1.000000
431.755035 500.000000 1.000000
1097.732788 500.000000 1.000000
635.648987 500.000000 1.000000
723.722107 500.000000 1.000000
610.732666 500.000000 1.000000
473.906067 500.000000 1.000000
753.767944 500.000000 1.000000
678.906677 500.000000 1.000000
1624.852905 500.000000 1.000000
973.252930 500.000000 1.000000
1014.974915 500.000000 1.000000
382.229736 500.000000 1.000000
1651.373657 500.000000 1.000000
561.579651 500.000000 1.000000
737.313538 500.000000 1.000000
464.741547 500.000000 1.000000
595.957886 500.000000 1.000000
455.844543 500.000000 1.000000
598.191895 500.000000 1.000000
769.735413 500.000000 1.000000
882.011292 500.000000 1.000000
672.911621 500.000000 1.000000
461.817444 500.000000 1.000000
483.496979 500.000000 1.000000
738.329834 500.000000 1.000000
515.243469 500.000000 1.000000
467.303375 500.000000 1.000000
593.779663 500.000000 1.000000
510.193085 500.000000 1.000000
765.420471 500.000000 1.000000
953.479309 500.000000 1.000000
527.345398 500.000000 1.000000
614.486084 500.000000 1.000000
916.575439 500.000000 1.000000
776.698547 500.000000 1.000000
424.596222 500.000000 1.000000
635.903076 500.000000 1.000000
701.389893 500.000000 1.000000
518.521362 500.000000 1.000000
1037.554688 500.000000 1.000000
617.815369 500.000000 1.000000
634.984985 500.000000 1.000000
734.491455 500.000000 1.000000
461.144470 500.000000 1.000000
509.641174 500.000000 1.000000
491.070953 500.000000 1.000000
586.482239 500.000000 1.000000
1187.879272 500.000000 1.000000
818.932312 500.000000 1.000000
527.514832 500.000000 1.000000
708.836792 500.000000 1.000000
499.470917 500.000000 1.000000
494.383820 500.000000 1.000000
657.713745 500.000000 1.000000
591.035400 500.000000 1.000000
423.216278 500.000000 1.000000
472.669891 500.000000 1.000000
548.008484 500.000000 1.000000
496.310150 500.000000 1.000000
477.487030 500.000000 1.000000
844.561340 500.000000 1.000000
741.113647 500.000000 1.000000
528.369873 500.000000 1.000000
1285.473145 500.000000 1.000000
789.593445 500.000000 1.000000
649.702820 500.000000 1.000000
432.345398 500.000000 1.000000
507.941742 500.000000 1.000000
442.982361 500.000000 1.000000
427.560333 500.000000 1.000000
578.942993 500.000000 1.000000
488.869568 500.000000 1.000000
433.878113 500.000000 1.000000
1158.822632 500.000000 1.000000
1236.626709 500.000000 1.000000
535.804077 500.000000 1.000000
643.228821 500.000000 1.000000
511.579315 500.000000 1.000000
589.505737 500.000000 1.000000
729.927734 500.000000 1.000000
435.800537 500.000000 1.000000
595.554321 500.000000 1.000000
625.801453 500.000000 1.000000
521.718872 500.000000 1.000000
499.772705 500.000000 1.000000
484.247467 500.000000 1.000000
606.564880 500.000000 1.000000
467.272736 500.000000 1.000000
670.849304 500.000000 1.000000
375.259155 500.000000 1.000000
550.246643 500.000000 1.000000
572.165649 500.000000 1.000000
510.730621 500.000000 1.000000
429.959991 500.000000 1.000000
578.935669 500.000000 1.000000
513.057495 500.000000 1.000000
1373.018555 500.000000 1.000000
580.413879 500.000000 1.000000
557.626465 500.000000 1.000000
1039.248047 500.000000 1.000000
454.632751 500.000000 1.000000
415.215668 500.000000 1.000000
493.118896 500.000000 1.000000
928.757263 500.000000 1.000000
625.480469 500.000000 1.000000
491.912262 500.000000 1.000000
518.579224 500.000000 1.000000
927.607971 500.000000 1.000000
730.210938 500.000000 1.000000
1023.471375 500.000000 1.000000
475.055725 500.000000 1.000000
536.033081 500.000000 1.000000
547.854736 500.000000 1.000000
915.434082 500.000000 1.000000
678.049622 500.000000 1.000000
483.920319 500.000000 1.000000
468.757507 500.000000 1.000000
636.913330 500.000000 1.000000
682.186462 500.000000 1.000000
502.541931 500.000000 1.000000
850.678284 500.000000 1.000000
492.480438 500.000000 1.000000
610.061890 500.000000 1.000000
352.657806 500.000000 1.000000
537.282837 500.000000 1.000000
505.298615 500.000000 1.000000
479.827667 500.000000 1.000000
568.476562 500.000000 1.000000
456.092499 500.000000 1.000000
1125.436157 500.000000 1.000000
838.086792 500.000000 1.000000
460.365784 500.000000 1.000000
448.354675 500.000000 1.000000
781.468811 500.000000 1.000000
487.335999 500.000000 1.000000
437.680176 500.000000 1.000000
709.132935 500.000000 1.000000
865.645630 500.000000 1.000000
478.643494 500.000000 1.000000
972.972351 500.000000 1.000000
724.017212 500.000000 1.000000
1783.141724 500.000000 1.000000
519.187500 500.000000 1.000000
521.748230 500.000000 1.000000
756.357605 500.000000 1.000000
625.226624 500.000000 1.000000
728.765198 500.000000 1.000000
615.217224 500.000000 1.000000
851.462158 500.000000 1.000000
738.082764 500.000000 1.000000
800.998474 500.000000 1.000000
459.515594 500.000000 1.000000
898.666382 500.000000 1.000000
448.120819 500.000000 1.000000
533.732117 500.000000 1.000000
546.066345 500.000000 1.000000
544.522156 500.000000 1.000000
430.158752 500.000000 1.000000
433.615234 500.000000 1.000000
1128.154785 500.000000 1.000000
659.184204 500.000000 1.000000
670.655823 500.000000 1.000000
469.578583 500.000000 1.000000
508.056610 500.000000 1.000000
423.638275 500.000000 1.000000
839.892883 500.000000 1.000000
672.529297 500.000000 1.000000
493.806824 500.000000 1.000000
1173.127319 500.000000 1.000000
378.373535 500.000000 1.000000
544.412048 500.000000 1.000000
907.223145 500.000000 1.000000
886.542603 500.000000 1.000000
810.775024 500.000000 1.000000
415.978119 500.000000 1.000000
544.057922 500.000000 1.000000
395.341858 500.000000 1.000000
528.957825 500.000000 1.000000
788.387634 500.000000 1.000000
1160.434326 500.000000 1.000000
519.774963 500.000000 1.000000
851.678101 500.000000 1.000000
498.619141 500.000000 1.000000
1263.806396 500.000000 1.000000
513.226990 500.000000 1.000000
717.558838 500.000000 1.000000
910.340820 500.000000 1.000000
1640.413086 500.000000 1.000000
545.722412 500.000000 1.000000
772.167053 500.000000 1.000000
642.617920 500.000000 1.000000
590.862671 500.000000 1.000000
513.178101 500.000000 1.000000
877.094421 500.000000 1.000000
1546.616089 500.000000 1.000000
1281.365112 500.000000 1.000000
687.035400 500.000000 1.000000
428.737427 500.000000 1.000000
325.548157 500.000000 1.000000
742.733215 500.000000 1.000000
448.148071 500.000000 1.000000
521.958740 500.000000 1.000000
1362.023926 500.000000 1.000000
351.478668 500.000000 1.000000
547.201477 500.000000 1.000000
1064.922729 500.000000 1.000000
1179.438477 500.000000 1.000000
542.616638 500.000000 1.000000
552.358032 500.000000 1.000000
530.696289 500.000000 1.000000
477.113312 500.000000 1.000000
1594.299194 500.000000 1.000000
809.408020 500.000000 1.000000
470.445404 500.000000 1.000000
373.426086 500.000000 1.000000
689.426331 500.000000 1.000000
491.619202 500.000000 1.000000
586.988953 500.000000 1.000000
610.716370 500.000000 1.000000
698.227356 500.000000 1.000000
462.037811 500.000000 1.000000
656.887573 500.000000 1.000000
373.647888 500.000000 1.000000
501.761841 500.000000 1.000000
2047.077393 500.000000 1.000000
483.877533 500.000000 1.000000
794.248230 500.000000 1.000000
1571.188232 500.000000 1.000000
483.436188 500.000000 1.000000
522.107178 500.000000 1.000000
434.417847 500.000000 1.000000
466.635162 500.000000 1.000000
851.673157 500.000000 1.000000
745.047180 500.000000 1.000000
770.393066 500.000000 1.000000
1187.197754 500.000000 1.000000
481.893158 500.000000 1.000000
394.780365 500.000000 1.000000
475.269714 500.000000 1.000000
502.058594 500.000000 1.000000
1765.170410 500.000000 1.000000
600.843262 500.000000 1.000000
545.606873 500.000000 1.000000
682.252563 500.000000 1.000000
471.751678 500.000000 1.000000
460.502930 500.000000 1.000000
420.738098 500.000000 1.000000
499.037720 500.000000 1.000000
598.498413 500.000000 1.000000
434.101227 500.000000 1.000000
464.024841 500.000000 1.000000
706.323486 500.000000 1.000000
489.971436 500.000000 1.000000
452.442688 500.000000 1.000000
445.043884 500.000000 1.000000
373.157745 500.000000 1.000000
1455.404663 500.000000 1.000000
422.628357 500.000000 1.000000
976.314636 500.000000 1.000000
1540.342896 500.000000 1.000000
574.274231 500.000000 1.000000
1088.754639 500.000000 1.000000
458.096527 500.000000 1.000000
574.805786 500.000000 1.000000
1380.436646 500.000000 1.000000
411.591766 500.000000 1.000000
628.300293 500.000000 1.000000
390.706543 500.000000 1.000000
582.215027 500.000000 1.000000
459.167175 500.000000 1.000000
1218.487427 500.000000 1.000000
553.622620 500.000000 1.000000
1071.310791 500.000000 1.000000
893.693115 500.000000 1.000000
605.000549 500.000000 1.000000
649.218933 500.000000 1.000000
488.649139 500.000000 1.000000
783.243896 500.000000 1.000000
794.422791 500.000000 1.000000
715.361816 500.000000 1.000000
784.748535 500.000000 1.000000
515.777771 500.000000 1.000000
553.177795 500.000000 1.000000
456.777893 500.000000 1.000000
482.404877 500.000000 1.000000
1264.473022 500.000000 1.000000
696.944946 500.000000 1.000000
837.971008 500.000000 1.000000
617.683472 500.000000 1.000000
593.722107 500.000000 1.000000
433.639862 500.000000 1.000000
496.041656 500.000000 1.000000
812.716736 500.000000 1.000000
612.078674 500.000000 1.000000
449.608063 500.000000 1.000000
1453.869873 500.000000 1.000000
487.290527 500.000000 1.000000
515.760986 500.000000 1.000000
1227.237793 500.000000 1.000000
1503.827637 500.000000 1.000000
431.915222 500.000000 1.000000
615.244019 500.000000 1.000000
514.870911 500.000000 1.000000
764.339905 500.000000 1.000000
892.120361 500.000000 1.000000
545.995422 500.000000 1.000000
1106.267700 500.000000 1.000000
854.809937 500.000000 1.000000
458.065277 500.000000 1.000000
548.830872 500.000000 1.000000
702.469238 500.000000 1.000000
1160.790771 500.000000 1.000000
1095.209717 500.000000 1.000000
572.192322 500.000000 1.000000
576.590942 500.000000 1.000000
561.746094 500.000000 1.000000
1086.952515 500.000000 1.000000
1076.435425 500.000000 1.000000
522.509460 500.000000 1.000000
452.651642 500.000000 1.000000
488.499146 500.000000 1.000000
743.590881 500.000000 1.000000
826.482727 500.000000 1.000000
700.890808 500.000000 1.000000
1104.256226 500.000000 1.000000
916.689453 500.000000 1.000000
620.254211 500.000000 1.000000
453.999817 500.000000 1.000000
794.748596 500.000000 1.000000
580.983276 500.000000 1.000000
1204.554443 500.000000 1.000000
676.308838 500.000000 1.000000
790.384094 500.000000 1.000000
404.508789 500.000000 1.000000
1070.889282 500.000000 1.000000
434.046326 500.000000 1.000000
511.423431 500.000000 1.000000
589.559814 500.000000 1.000000
485.229004 500.000000 1.000000
422.355865 500.000000 1.000000
547.153748 500.000000 1.000000
544.079285 500.000000 1.000000
481.243866 500.000000 1.000000
872.424255 500.000000 1.000000
555.722229 500.000000 1.000000
717.454041 500.000000 1.000000
548.195251 500.000000 1.000000
512.088684 500.000000 1.000000
459.991333 500.000000 1.000000
1124.012695 500.000000 1.000000
1572.916992 500.000000 1.000000
482.225311 500.000000 1.000000
749.513550 500.000000 1.000000
779.290955 500.000000 1.000000
497.598145 500.000000 1.000000
715.648743 500.000000 1.000000
430.081573 500.000000 1.000000
464.839996 500.000000 1.000000
515.548157 500.000000 1.000000
469.104279 500.000000 1.000000
852.565063 500.000000 1.000000
499.799530 500.000000 1.000000
775.393555 500.000000 1.000000
432.672577 500.000000 1.000000
642.431396 500.000000 1.000000
783.444702 500.000000 1.000000
475.980225 500.000000 1.000000
448.808777 500.000000 1.000000
910.501404 500.000000 1.000000
453.626526 500.000000 1.000000
505.538086 500.000000 1.000000
607.314331 500.000000 1.000000
575.583923 500.000000 1.000000
590.665100 500.000000 1.000000
809.517822 500.000000 1.000000
621.323547 500.000000 1.000000
880.203369 500.000000 1.000000
937.067383 500.000000 1.000000
955.925903 500.000000 1.000000
476.364746 500.000000 1.000000
555.103394 500.000000 1.000000
2337.557129 500.000000 1.000000
555.761230 500.000000 1.000000
473.128021 500.000000 1.000000
814.757507 500.000000 1.000000
583.787231 500.000000 1.000000
949.034485 500.000000 1.000000
412.717010 500.000000 1.000000
1423.872681 500.000000 1.000000
1188.549072 500.000000 1.000000
450.837067 500.000000 1.000000
1235.476807 500.000000 1.000000
405.037567 500.000000 1.000000
719.077271 500.000000 1.000000
443.828705 500.000000 1.000000
1553.358521 500.000000 1.000000
479.489380 500.000000 1.000000
373.670441 500.000000 1.000000
981.659363 500.000000 1.000000
442.767395 500.000000 1.000000
404.267365 500.000000 1.000000
657.395203 500.000000 1.000000
913.578308 500.000000 1.000000
592.625000 500.000000 1.000000
903.036133 500.000000 1.000000
536.843262 500.000000 1.000000
951.124146 500.000000 1.000000
477.727203 500.000000 1.000000
423.714752 500.000000 1.000000
561.629822 500.000000 1.000000
822.990601 500.000000 1.000000
466.159790 500.000000 1.000000
534.934570 500.000000 1.000000
515.554504 500.000000 1.000000
493.795441 500.000000 1.000000
966.078552 500.000000 1.000000
723.562439 500.000000 1.000000
1405.827148 500.000000 1.000000
503.968079 500.000000 1.000000
477.325043 500.000000 1.000000
490.597443 500.000000 1.000000
378.323975 500.000000 1.000000
572.137085 500.000000 1.000000
671.458130 500.000000 1.000000
1099.227173 500.000000 1.000000
358.650055 500.000000 1.000000
442.836731 500.000000 1.000000
782.329956 500.000000 1.000000
1664.031982 500.000000 1.000000
973.529968 500.000000 1.000000
558.163818 500.000000 1.000000
348.276245 500.000000 1.000000
605.456726 500.000000 1.000000
621.982056 500.000000 1.000000
1335.860962 500.000000 1.000000
910.857361 500.000000 1.000000
497.747528 500.000000 1.000000
500.492706 500.000000 1.000000
949.513000 500.000000 1.000000
447.841064 500.000000 1.000000
478.471252 500.000000 1.000000
437.349518 500.000000 1.000000
385.345551 500.000000 1.000000
894.046997 500.000000 1.000000
507.079010 500.000000 1.000000
726.842346 500.000000 1.000000
540.850403 500.000000 1.000000
605.347107 500.000000 1.000000
591.645020 500.000000 1.000000
1109.767578 500.000000 1.000000
495.641602 500.000000 1.000000
394.150330 500.000000 1.000000
503.163544 500.000000 1.000000
351.953827 500.000000 1.000000
737.371887 500.000000 1.000000
544.413086 500.000000 1.000000
676.940308 500.000000 1.000000
693.474182 500.000000 1.000000
430.876892 500.000000 1.000000
527.435364 500.000000 1.000000
498.283081 500.000000 1.000000
563.876038 500.000000 1.000000
459.982819 500.000000 1.000000
402.778717 500.000000 1.000000
486.719727 500.000000 1.000000
425.183014 500.000000 1.000000
1068.556519 500.000000 1.000000
678.808777 500.000000 1.000000
524.545593 500.000000 1.000000
413.868042 500.000000 1.000000
470.863037 500.000000 1.000000
494.179382 500.000000 1.000000
498.307495 500.000000 1.000000
427.131836 500.000000 1.000000
805.029480 500.000000 1.000000
691.089844 500.000000 1.000000
818.662415 500.000000 1.000000
398.992859 500.000000 1.000000
713.292847 500.000000 1.000000
538.170044 500.000000 1.000000
591.059265 500.000000 1.000000
1045.463379 500.000000 1.000000
879.046631 500.000000 1.000000
643.837097 500.000000 1.000000
411.018677 500.000000 1.000000
529.659912 500.000000 1.000000
332.761749 500.000000 1.000000
627.610718 500.000000 1.000000
1022.741638 500.000000 1.000000
612.279785 500.000000 1.000000
368.876495 500.000000 1.000000
556.104614 500.000000 1.000000
931.232422 500.000000 1.000000
510.004181 500.000000 1.000000
603.232544 500.000000 1.000000
433.087067 500.000000 1.000000
575.651550 500.000000 1.000000
730.751160 500.000000 1.000000
490.368591 500.000000 1.000000
597.125916 500.000000 1.000000
572.352844 500.000000 1.000000
469.932129 500.000000 1.000000
460.668030 500.000000 1.000000
584.411621 500.000000 1.000000
508.590698 500.000000 1.000000
566.101807 500.000000 1.000000
820.034485 500.000000 1.000000
473.309753 500.000000 1.000000
698.177185 500.000000 1.000000
495.195526 500.000000 1.000000
580.338379 500.000000 1.000000
588.647766 500.000000 1.000000
820.322327 500.000000 1.000000
778.484375 500.000000 1.000000
866.238708 500.000000 1.000000
874.875549 500.000000 1.000000
610.655701 500.000000 1.000000
488.231110 500.000000 1.000000
582.853516 500.000000 1.000000
712.717346 500.000000 1.000000
469.115143 500.000000 1.000000
440.885651 500.000000 1.000000
447.160278 500.000000 1.000000
628.703857 500.000000 1.000000
1648.051758 500.000000 1.000000
964.676758 500.000000 1.000000
550.919006 500.000000 1.000000
566.487549 500.000000 1.000000
783.653015 500.000000 1.000000
442.406372 500.000000 1.000000
600.871338 500.000000 1.000000
1087.876953 500.000000 1.000000
558.473389 500.000000 1.000000
403.755585 500.000000 1.000000
491.309174 500.000000 1.000000
533.296448 500.000000 1.000000
703.776428 500.000000 1.000000
1022.667847 500.000000 1.000000
704.680542 500.000000 1.000000
528.933655 500.000000 1.000000
989.369812 500.000000 1.000000
525.067505 500.000000 1.000000
1351.450317 500.000000 1.000000
991.991028 500.000000 1.000000
630.659363 500.000000 1.000000
706.232300 500.000000 1.000000
1069.076782 500.000000 1.000000
797.857849 500.000000 1.000000
523.148987 500.000000 1.000000
917.961792 500.000000 1.000000
557.177490 500.000000 1.000000
1108.698242 500.000000 1.000000
604.623901 500.000000 1.000000
413.138214 500.000000 1.000000
555.270874 500.000000 1.000000
469.143738 500.000000 1.000000
461.953735 500.000000 1.000000
685.045837 500.000000 1.000000
568.020691 500.000000 1.000000
616.499878 500.000000 1.000000
525.112854 500.000000 1.000000
492.656708 500.000000 1.000000
715.274536 500.000000 1.000000
1088.296143 500.000000 1.000000
1085.372192 500.000000 1.000000
1132.835327 500.000000 1.000000
1317.682007 500.000000 1.000000
397.421570 500.000000 1.000000
542.353271 500.000000 1.000000
498.152161 500.000000 1.000000
758.195374 500.000000 1.000000
582.022217 500.000000 1.000000
551.562561 500.000000 1.000000
470.294434 500.000000 1.000000
480.713593 500.000000 1.000000
469.376312 500.000000 1.000000
734.666748 500.000000 1.000000
467.651093 500.000000 1.000000
595.893494 500.000000 1.000000
405.091064 500.000000 1.000000
4998.708745 500.000000 0.000000
814.549377 500.000000 0.000000
1413.089026 500.000000 0.000000
4736.005410 500.000000 0.000000
1158.282714 500.000000 0.000000
2424.868072 500.000000 0.000000
4787.384783 500.000000 0.000000
3721.526716 500.000000 0.000000
2700.218292 500.000000 0.000000
3699.764907 500.000000 0.000000
3799.718991 500.000000 0.000000
3293.183072 500.000000 0.000000
1578.188108 500.000000 0.000000
4022.015074 500.000000 0.000000
2598.360576 500.000000 0.000000
842.862109 500.000000 0.000000
2377.648652 500.000000 0.000000
1961.569970 500.000000 0.000000
1108.338436 500.000000 0.000000
1065.952295 500.000000 0.000000
151.676021 500.000000 0.000000
1667.696249 500.000000 0.000000
970.744253 500.000000 0.000000
4718.583904 500.000000 0.000000
2899.658375 500.000000 0.000000
4491.524289 500.000000 0.000000
3327.819657 500.000000 0.000000
2493.051549 500.000000 0.000000
2803.141286 500.000000 0.000000
911.423228 500.000000 0.000000
1482.627654 500.000000 0.000000
587.044667 500.000000 0.000000
314.588329 500.000000 0.000000
3240.627873 500.000000 0.000000
3627.092643 500.000000 0.000000
3185.655791 500.000000 0.000000
3569.425312 500.000000 0.000000
497.881216 500.000000 0.000000
3496.335981 500.000000 0.000000
539.062349 500.000000 0.000000
646.213756 500.000000 0.000000
2512.015193 500.000000 0.000000
1038.899532 500.000000 0.000000
1444.551529 500.000000 0.000000
415.873972 500.000000 0.000000
640.621077 500.000000 0.000000
2736.857055 500.000000 0.000000
411.597998 500.000000 0.000000
1460.707133 500.000000 0.000000
4458.118685 500.000000 0.000000
1135.589195 500.000000 0.000000
2159.227313 500.000000 0.000000
703.665004 500.000000 0.000000
2001.960675 500.000000 0.000000
3434.734505 500.000000 0.000000
853.354553 500.000000 0.000000
2204.104338 500.000000 0.000000
226.682825 500.000000 0.000000
1556.482069 500.000000 0.000000
2530.905257 500.000000 0.000000
912.054200 500.000000 0.000000
2555.160077 500.000000 0.000000
3703.941026 500.000000 0.000000
1829.943134 500.000000 0.000000
804.044184 500.000000 0.000000
2300.533926 500.000000 0.000000
3139.182358 500.000000 0.000000
3388.018440 500.000000 0.000000
3490.982613 500.000000 0.000000
2392.684339 500.000000 0.000000
450.537971 500.000000 0.000000
1693.642609 500.000000 0.000000
476.068984 500.000000 0.000000
2182.709819 500.000000 0.000000
2373.366762 500.000000 0.000000
2096.229632 500.000000 0.000000
3887.684260 500.000000 0.000000
3123.052823 500.000000 0.000000
4902.182749 500.000000 0.000000
1852.151006 500.000000 0.000000
4154.063181 500.000000 0.000000
704.032237 500.000000 0.000000
3720.426537 500.000000 0.000000
4148.698399 500.000000 0.000000
1955.521592 500.000000 0.000000
3109.781960 500.000000 0.000000
1733.497388 500.000000 0.000000
230.847623 500.000000 0.000000
3065.331607 500.000000 0.000000
2836.870240 500.000000 0.000000
2494.470129 500.000000 0.000000
3619.010394 500.000000 0.000000
722.752624 500.000000 0.000000
211.515817 500.000000 0.000000
1553.935113 500.000000 0.000000
608.205769 500.000000 0.000000
1210.348355 500.000000 0.000000
1905.294277 500.000000 0.000000
2200.642686 500.000000 0.000000
2998.979508 500.000000 0.000000
3222.873270 500.000000 0.000000
2163.131083 500.000000 0.000000
2779.841310 500.000000 0.000000
3584.205840 500.000000 0.000000
3211.812574 500.000000 0.000000
3428.883627 500.000000 0.000000
480.790731 500.000000 0.000000
614.667318 500.000000 0.000000
284.987076 500.000000 0.000000
4100.360222 500.000000 0.000000
627.696429 500.000000 0.000000
1578.725354 500.000000 0.000000
902.834624 500.000000 0.000000
711.136097 500.000000 0.000000
3322.148066 500.000000 0.000000
3425.946115 500.000000 0.000000
955.009663 500.000000 0.000000
2181.715093 500.000000 0.000000
4822.296123 500.000000 0.000000
4340.817952 500.000000 0.000000
654.399827 500.000000 0.000000
2422.211398 500.000000 0.000000
1873.272256 500.000000 0.000000
4502.375611 500.000000 0.000000
893.283935 500.000000 0.000000
3398.175653 500.000000 0.000000
3114.371550 500.000000 0.000000
4918.279748 500.000000 0.000000
2203.573899 500.000000 0.000000
4023.686387 500.000000 0.000000
4974.225304 500.000000 0.000000
2707.754807 500.000000 0.000000
1279.527277 500.000000 0.000000
3194.728177 500.000000 0.000000
2879.551352 500.000000 0.000000
1293.607098 500.000000 0.000000
957.965006 500.000000 0.000000
2228.315234 500.000000 0.000000
746.332547 500.000000 0.000000
4983.618446 500.000000 0.000000
608.811111 500.000000 0.000000
3257.696398 500.000000 0.000000
138.975489 500.000000 0.000000
1949.888011 500.000000 0.000000
4139.565220 500.000000 0.000000
1419.069536 500.000000 0.000000
3051.018218 500.000000 0.000000
1182.063748 500.000000 0.000000
2054.105251 500.000000 0.000000
3388.573083 500.000000 0.000000
4235.632941 500.000000 0.000000
3246.281139 500.000000 0.000000
406.913256 500.000000 0.000000
604.152418 500.000000 0.000000
2395.996321 500.000000 0.000000
3889.391788 500.000000 0.000000
2359.888505 500.000000 0.000000
4716.687554 500.000000 0.000000
4904.004962 500.000000 0.000000
1672.773653 500.000000 0.000000
1013.339619 500.000000 0.000000
1714.206170 500.000000 0.000000
3267.721222 500.000000 0.000000
3413.793984 500.000000 0.000000
3049.680699 500.000000 0.000000
499.635515 500.000000 0.000000
3831.274905 500.000000 0.000000
3677.907641 500.000000 0.000000
1205.695700 500.000000 0.000000
1315.893556 500.000000 0.000000
4804.349493 500.000000 0.000000
2116.978683 500.000000 0.000000
1680.290729 500.000000 0.000000
1.247489 500.000000 0.000000
4344.205083 500.000000 0.000000
18.765752 500.000000 0.000000
829.231553 500.000000 0.000000
59.104206 500.000000 0.000000
3032.275368 500.000000 0.000000
3649.860095 500.000000 0.000000
3069.122785 500.000000 0.000000
4828.840921 500.000000 0.000000
2485.491306 500.000000 0.000000
2649.427014 500.000000 0.000000
2308.037659 500.000000 0.000000
3565.168503 500.000000 0.000000
2899.798838 500.000000 0.000000
3414.012777 500.000000 0.000000
4769.607570 500.000000 0.000000
118.276018 500.000000 0.000000
1400.550734 500.000000 0.000000
4347.631767 500.000000 0.000000
1496.666369 500.000000 0.000000
1597.768017 500.000000 0.000000
1504.758544 500.000000 0.000000
4705.557432 500.000000 0.000000
4240.635319 500.000000 0.000000
3766.730647 500.000000 0.000000
2691.220436 500.000000 0.000000
2042.406907 500.000000 0.000000
1061.856580 500.000000 0.000000
380.702011 500.000000 0.000000
1449.674541 500.000000 0.000000
98.909169 500.000000 0.000000
1206.239497 500.000000 0.000000
1923.095824 500.000000 0.000000
2274.534432 500.000000 0.000000
1869.912605 500.000000 0.000000
2200.943980 500.000000 0.000000
589.484039 500.000000 0.000000
4027.149223 500.000000 0.000000
824.463207 500.000000 0.000000
1412.649682 500.000000 0.000000
863.426997 500.000000 0.000000
4679.211648 500.000000 0.000000
3404.765298 500.000000 0.000000
668.483694 500.000000 0.000000
1273.806114 500.000000 0.000000
1997.224380 500.000000 0.000000
1846.176825 500.000000 0.000000
3631.809459 500.000000 0.000000
1389.187297 500.000000 0.000000
3467.845520 500.000000 0.000000
2501.773444 500.000000 0.000000
592.027691 500.000000 0.000000
756.516675 500.000000 0.000000
3407.234714 500.000000 0.000000
3603.329592 500.000000 0.000000
4898.234695 500.000000 0.000000
3483.895556 500.000000 0.000000
2786.050362 500.000000 0.000000
3404.107409 500.000000 0.000000
4776.760249 500.000000 0.000000
2991.044782 500.000000 0.000000
3852.269476 500.000000 0.000000
4567.987428 500.000000 0.000000
3294.793246 500.000000 0.000000
3354.873067 500.000000 0.000000
2890.925877 500.000000 0.000000
4765.196451 500.000000 0.000000
814.617290 500.000000 0.000000
1675.284930 500.000000 0.000000
4759.123520 500.000000 0.000000
548.308218 500.000000 0.000000
3096.511515 500.000000 0.000000
4784.083712 500.000000 0.000000
4926.215471 500.000000 0.000000
353.688744 500.000000 0.000000
2511.651950 500.000000 0.000000
3403.606130 500.000000 0.000000
2766.600328 500.000000 0.000000
2935.027907 500.000000 0.000000
3458.102808 500.000000 0.000000
2313.239549 500.000000 0.000000
2871.271468 500.000000 0.000000
364.450440 500.000000 0.000000
3191.332591 500.000000 0.000000
1938.786441 500.000000 0.000000
1104.801086 500.000000 0.000000
11.159012 500.000000 0.000000
2478.283877 500.000000 0.000000
956.582616 500.000000 0.000000
111.325040 500.000000 0.000000
4517.945104 500.000000 0.000000
3693.140877 500.000000 0.000000
2222.654449 500.000000 0.000000
2088.511216 500.000000 0.000000
3804.305611 500.000000 0.000000
2188.766111 500.000000 0.000000
954.914307 500.000000 0.000000
2885.564812 500.000000 0.000000
663.441715 500.000000 0.000000
1589.121735 500.000000 0.000000
2434.582451 500.000000 0.000000
4695.455346 500.000000 0.000000
4669.731404 500.000000 0.000000
368.300675 500.000000 0.000000
3062.181476 500.000000 0.000000
2573.743622 500.000000 0.000000
3123.317908 500.000000 0.000000
653.226310 500.000000 0.000000
3226.052204 500.000000 0.000000
670.742752 500.000000 0.000000
3264.629840 500.000000 0.000000
1326.050046 500.000000 0.000000
1909.026343 500.000000 0.000000
2951.075302 500.000000 0.000000
3348.520411 500.000000 0.000000
2771.662400 500.000000 0.000000
97.523801 500.000000 0.000000
921.734812 500.000000 0.000000
4955.902311 500.000000 0.000000
2868.388819 500.000000 0.000000
3188.810427 500.000000 0.000000
2974.287989 500.000000 0.000000
2576.223441 500.000000 0.000000
1653.467546 500.000000 0.000000
1983.712248 500.000000 0.000000
4419.827402 500.000000 0.000000
3857.426330 500.000000 0.000000
2995.376904 500.000000 0.000000
123.633149 500.000000 0.000000
61.293948 500.000000 0.000000
3492.261597 500.000000 0.000000
1329.955045 500.000000 0.000000
3683.503607 500.000000 0.000000
4999.863094 500.000000 0.000000
3748.961578 500.000000 0.000000
2424.777945 500.000000 0.000000
4118.502643 500.000000 0.000000
3113.885449 500.000000 0.000000
4512.560470 500.000000 0.000000
282.525644 500.000000 0.000000
3695.386946 500.000000 0.000000
1880.881099 500.000000 0.000000
184.003825 500.000000 0.000000
3880.991093 500.000000 0.000000
4186.770931 500.000000 0.000000
1725.409651 500.000000 0.000000
409.213238 500.000000 0.000000
1113.107724 500.000000 0.000000
762.381593 500.000000 0.000000
2005.885977 500.000000 0.000000
2658.063041 500.000000 0.000000
4058.533009 500.000000 0.000000
203.887831 500.000000 0.000000
589.445041 500.000000 0.000000
2875.949827 500.000000 0.000000
4161.811038 500.000000 0.000000
1023.209264 500.000000 0.000000
1193.608865 500.000000 0.000000
4984.643498 500.000000 0.000000
1292.952978 500.000000 0.000000
4460.279838 500.000000 0.000000
4234.298941 500.000000 0.000000
1532.918531 500.000000 0.000000
166.812459 500.000000 0.000000
3532.102492 500.000000 0.000000
968.078041 500.000000 0.000000
2544.890688 500.000000 0.000000
107.725734 500.000000 0.000000
3363.663966 500.000000 0.000000
4067.812222 500.000000 0.000000
4036.420260 500.000000 0.000000
2407.634216 500.000000 0.000000
2687.595476 500.000000 0.000000
3904.243031 500.000000 0.000000
1679.244541 500.000000 0.000000
3496.296856 500.000000 0.000000
2129.276497 500.000000 0.000000
4126.203316 500.000000 0.000000
4728.068459 500.000000 0.000000
2774.206251 500.000000 0.000000
3552.475942 500.000000 0.000000
1891.801829 500.000000 0.000000
3241.693653 500.000000 0.000000
228.363584 500.000000 0.000000
777.386617 500.000000 0.000000
4426.769838 500.000000 0.000000
3607.828623 500.000000 0.000000
4808.336007 500.000000 0.000000
2151.504426 500.000000 0.000000
660.156769 500.000000 0.000000
2196.656044 500.000000 0.000000
2335.938681 500.000000 0.000000
2050.416083 500.000000 0.000000
1385.983555 500.000000 0.000000
1392.547796 500.000000 0.000000
4773.104029 500.000000 0.000000
4021.787457 500.000000 0.000000
4842.552331 500.000000 0.000000
4998.613957 500.000000 0.000000
4735.801416 500.000000 0.000000
1242.755688 500.000000 0.000000
33.524930 500.000000 0.000000
2223.636576 500.000000 0.000000
3370.243891 500.000000 0.000000
2482.401804 500.000000 0.000000
105.046250 500.000000 0.000000
4158.816109 500.000000 0.000000
542.729261 500.000000 0.000000
465.758197 500.000000 0.000000
4451.028202 500.000000 0.000000
2229.726053 500.000000 0.000000
4534.533842 500.000000 0.000000
2770.199105 500.000000 0.000000
3797.171747 500.000000 0.000000
4077.756919 500.000000 0.000000
2664.842514 500.000000 0.000000
275.675731 500.000000 0.000000
269.928271 500.000000 0.000000
4495.940951 500.000000 0.000000
734.536869 500.000000 0.000000
2413.236571 500.000000 0.000000
336.514905 500.000000 0.000000
1405.809323 500.000000 0.000000
4664.245826 500.000000 0.000000
2536.589665 500.000000 0.000000
2822.515072 500.000000 0.000000
4003.566001 500.000000 0.000000
3229.437494 500.000000 0.000000
1546.097489 500.000000 0.000000
239.033033 500.000000 0.000000
1259.829149 500.000000 0.000000
3569.405711 500.000000 0.000000
3354.970086 500.000000 0.000000
3026.428799 500.000000 0.000000
741.359496 500.000000 0.000000
3976.251748 500.000000 0.000000
3326.386766 500.000000 0.000000
4271.510214 500.000000 0.000000
4052.668384 500.000000 0.000000
355.719919 500.000000 0.000000
343.967839 500.000000 0.000000
4452.332866 500.000000 0.000000
3790.229784 500.000000 0.000000
351.552936 500.000000 0.000000
4260.472390 500.000000 0.000000
3876.784508 500.000000 0.000000
3424.476013 500.000000 0.000000
1172.763936 500.000000 0.000000
2307.878472 500.000000 0.000000
4682.177287 500.000000 0.000000
3324.732095 500.000000 0.000000
2298.397949 500.000000 0.000000
4439.117552 500.000000 0.000000
2873.111303 500.000000 0.000000
150.843117 500.000000 0.000000
3836.773604 500.000000 0.000000
1727.392776 500.000000 0.000000
3045.615717 500.000000 0.000000
1087.714352 500.000000 0.000000
3218.802804 500.000000 0.000000
2856.963243 500.000000 0.000000
4011.555244 500.000000 0.000000
4811.677736 500.000000 0.000000
2008.849279 500.000000 0.000000
4982.767090 500.000000 0.000000
3729.729058 500.000000 0.000000
2242.055917 500.000000 0.000000
1978.921402 500.000000 0.000000
616.949630 500.000000 0.000000
2663.074564 500.000000 0.000000
4166.898011 500.000000 0.000000
4588.365648 500.000000 0.000000
4128.037833 500.000000 0.000000
2229.576998 500.000000 0.000000
1335.681006 500.000000 0.000000
3321.994498 500.000000 0.000000
3834.303471 500.000000 0.000000
3329.841375 500.000000 0.000000
2519.775525 500.000000 0.000000
4175.768509 500.000000 0.000000
3112.026893 500.000000 0.000000
2287.694591 500.000000 0.000000
2774.916389 500.000000 0.000000
1829.068550 500.000000 0.000000
3281.511156 500.000000 0.000000
4585.193347 500.000000 0.000000
1380.272957 500.000000 0.000000
606.072207 500.000000 0.000000
4830.891270 500.000000 0.000000
3487.195042 500.000000 0.000000
2217.738947 500.000000 0.000000
3150.979121 500.000000 0.000000
1841.733374 500.000000 0.000000
1190.959781 500.000000 0.000000
1501.369103 500.000000 0.000000
3551.660859 500.000000 0.000000
237.374190 500.000000 0.000000
2462.627217 500.000000 0.000000
406.269899 500.000000 0.000000
610.083910 500.000000 0.000000
4965.510900 500.000000 0.000000
1775.455136 500.000000 0.000000
3824.318653 500.000000 0.000000
4520.497714 500.000000 0.000000
1980.548063 500.000000 0.000000
4085.674281 500.000000 0.000000
1744.871108 500.000000 0.000000
1330.968168 500.000000 0.000000
1837.509788 500.000000 0.000000
3761.581066 500.000000 0.000000
2939.000119 500.000000 0.000000
2447.105474 500.000000 0.000000
3367.370304 500.000000 0.000000
1641.480696 500.000000 0.000000
4269.729196 500.000000 0.000000
4161.903682 500.000000 0.000000
797.943432 500.000000 0.000000
1612.055108 500.000000 0.000000
4750.868536 500.000000 0.000000
476.883560 500.000000 0.000000
1155.099276 500.000000 0.000000
4303.038762 500.000000 0.000000
1798.135961 500.000000 0.000000
4924.218495 500.000000 0.000000
159.878340 500.000000 0.000000
4143.249572 500.000000 0.000000
2584.047448 500.000000 0.000000
2447.039618 500.000000 0.000000
4819.886490 500.000000 0.000000
4800.658695 500.000000 0.000000
3409.083955 500.000000 0.000000
4303.940844 500.000000 0.000000
2279.146408 500.000000 0.000000
1661.953279 500.000000 0.000000
295.749021 500.000000 0.000000
2261.229884 500.000000 0.000000
1086.771080 500.000000 0.000000
1728.037200 500.000000 0.000000
2749.859967 500.000000 0.000000
1588.111258 500.000000 0.000000
4464.882213 500.000000 0.000000
2450.227252 500.000000 0.000000
1282.395048 500.000000 0.000000
4844.993191 500.000000 0.000000
4553.182324 500.000000 0.000000
1133.587989 500.000000 0.000000
1639.142861 500.000000 0.000000
1433.510450 500.000000 0.000000
712.575272 500.000000 0.000000
496.408696 500.000000 0.000000
961.662045 500.000000 0.000000
1541.884346 500.000000 0.000000
4357.079795 500.000000 0.000000
1955.743929 500.000000 0.000000
3943.304410 500.000000 0.000000
1004.080203 500.000000 0.000000
4932.379795 500.000000 0.000000
4414.310629 500.000000 0.000000
549.312255 500.000000 0.000000
1771.416275 500.000000 0.000000
2778.713410 500.000000 0.000000
3453.492289 500.000000 0.000000
3219.078761 500.000000 0.000000
1815.521425 500.000000 0.000000
394.313555 500.000000 0.000000
1004.102069 500.000000 0.000000
3584.867651 500.000000 0.000000
3721.768729 500.000000 0.000000
3838.182151 500.000000 0.000000
1227.212253 500.000000 0.000000
3340.045596 500.000000 0.000000
4434.946886 500.000000 0.000000
1834.249654 500.000000 0.000000
2657.783140 500.000000 0.000000
2514.219894 500.000000 0.000000
1572.718348 500.000000 0.000000
3112.706821 500.000000 0.000000
99.519291 500.000000 0.000000
3381.775672 500.000000 0.000000
2149.093108 500.000000 0.000000
1164.176059 500.000000 0.000000
4938.097285 500.000000 0.000000
1532.860677 500.000000 0.000000
2473.185188 500.000000 0.000000
3743.074466 500.000000 0.000000
4459.217804 500.000000 0.000000
226.427480 500.000000 0.000000
2137.805360 500.000000 0.000000
1134.892212 500.000000 0.000000
2420.364926 500.000000 0.000000
823.228150 500.000000 0.000000
449.037441 500.000000 0.000000
1921.318687 500.000000 0.000000
119.177361 500.000000 0.000000
1648.672734 500.000000 0.000000
2656.153679 500.000000 0.000000
2383.416804 500.000000 0.000000
4387.412368 500.000000 0.000000
2277.508138 500.000000 0.000000
2486.512475 500.000000 0.000000
1980.921503 500.000000 0.000000
4430.623640 500.000000 0.000000
3680.350460 500.000000 0.000000
544.587976 500.000000 0.000000
1989.609511 500.000000 0.000000
4212.875105 500.000000 0.000000
4131.001600 500.000000 0.000000
4683.275827 500.000000 0.000000
1227.948051 500.000000 0.000000
3198.443082 500.000000 0.000000
2466.675155 500.000000 0.000000
367.247534 500.000000 0.000000
3900.690506 500.000000 0.000000
210.560616 500.000000 0.000000
3505.582383 500.000000 0.000000
4702.616334 500.000000 0.000000
3502.740852 500.000000 0.000000
3883.801359 500.000000 0.000000
963.712904 500.000000 0.000000
34.626344 500.000000 0.000000
4214.918128 500.000000 0.000000
4596.620882 500.000000 0.000000
1210.416344 500.000000 0.000000
950.503370 500.000000 0.000000
3675.423195 500.000000 0.000000
822.611594 500.000000 0.000000
4951.532250 500.000000 0.000000
4914.239699 500.000000 0.000000
3285.847694 500.000000 0.000000
93.868221 500.000000 0.000000
3797.982412 500.000000 0.000000
1787.838053 500.000000 0.000000
2545.081719 500.000000 0.000000
3694.498405 500.000000 0.000000
2839.615818 500.000000 0.000000
1445.283170 500.000000 0.000000
2075.085702 500.000000 0.000000
4905.272806 500.000000 0.000000
1829.422395 500.000000 0.000000
2589.391307 500.000000 0.000000
4221.045109 500.000000 0.000000
4840.613264 500.000000 0.000000
1294.472642 500.000000 0.000000
2391.552204 500.000000 0.000000
2186.704932 500.000000 0.000000
1896.990003 500.000000 0.000000
1015.409419 500.000000 0.000000
2754.103742 500.000000 0.000000
1277.713613 500.000000 0.000000
2750.490153 500.000000 0.000000
4352.389695 500.000000 0.000000
1206.151068 500.000000 0.000000
785.541188 500.000000 0.000000
1091.304137 500.000000 0.000000
581.388687 500.000000 0.000000
3745.091377 500.000000 0.000000
791.453293 500.000000 0.000000
2381.769533 500.000000 0.000000
2726.636617 500.000000 0.000000
4394.890607 500.000000 0.000000
85.721085 500.000000 0.000000
2714.909937 500.000000 0.000000
1590.090408 500.000000 0.000000
3944.026714 500.000000 0.000000
4358.606871 500.000000 0.000000
3692.452047 500.000000 0.000000
461.665073 500.000000 0.000000
1506.993215 500.000000 0.000000
3185.516432 500.000000 0.000000
2857.821357 500.000000 0.000000
3564.051710 500.000000 0.000000
3221.446211 500.000000 0.000000
1152.380039 500.000000 0.000000
4858.477932 500.000000 0.000000
4830.797141 500.000000 0.000000
1459.419543 500.000000 0.000000
876.429089 500.000000 0.000000
1564.412761 500.000000 0.000000
4923.256399 500.000000 0.000000
2841.956771 500.000000 0.000000
4222.342819 500.000000 0.000000
722.169540 500.000000 0.000000
2299.703048 500.000000 0.000000
3039.489526 500.000000 0.000000
920.613526 500.000000 0.000000
1714.027465 500.000000 0.000000
3032.164988 500.000000 0.000000
4190.982927 500.000000 0.000000
930.942589 500.000000 0.000000
151.372345 500.000000 0.000000
1536.959289 500.000000 0.000000
626.430145 500.000000 0.000000
1351.974824 500.000000 0.000000
4370.807403 500.000000 0.000000
1852.547787 500.000000 0.000000
4471.166850 500.000000 0.000000
2039.978369 500.000000 0.000000
4409.392343 500.000000 0.000000
3239.756192 500.000000 0.000000
1184.933637 500.000000 0.000000
2644.036679 500.000000 0.000000
1468.657712 500.000000 0.000000
471.602126 500.000000 0.000000
4672.693129 500.000000 0.000000
608.396662 500.000000 0.000000
1748.408802 500.000000 0.000000
335.134289 500.000000 0.000000
3210.983846 500.000000 0.000000
3462.235688 500.000000 0.000000
1674.633666 500.000000 0.000000
1871.220968 500.000000 0.000000
1569.425256 500.000000 0.000000
2693.691473 500.000000 0.000000
492.962615 500.000000 0.000000
2452.571127 500.000000 0.000000
1643.678352 500.000000 0.000000
3548.628968 500.000000 0.000000
4408.490148 500.000000 0.000000
1965.002405 500.000000 0.000000
4271.216365 500.000000 0.000000
2318.882965 500.000000 0.000000
2635.281949 500.000000 0.000000
2466.549462 500.000000 0.000000
1338.921681 500.000000 0.000000
2915.387381 500.000000 0.000000
286.757083 500.000000 0.000000
4796.681842 500.000000 0.000000
3857.085867 500.000000 0.000000
213.592316 500.000000 0.000000
2492.166844 500.000000 0.000000
261.471351 500.000000 0.000000
2807.757248 500.000000 0.000000
4801.809547 500.000000 0.000000
3099.086570 500.000000 0.000000
2643.141841 500.000000 0.000000
3491.175893 500.000000 0.000000
930.810208 500.000000 0.000000
2769.990838 500.000000 0.000000
3330.601458 500.000000 0.000000
763.655243 500.000000 0.000000
4743.750787 500.000000 0.000000
934.128945 500.000000 0.000000
2902.563320 500.000000 0.000000
4255.122208 500.000000 0.000000
534.329218 500.000000 0.000000
3379.308684 500.000000 0.000000
3980.226200 500.000000 0.000000
3288.230515 500.000000 0.000000
46.747619 500.000000 0.000000
1031.337939 500.000000 0.000000
3182.101840 500.000000 0.000000
191.282302 500.000000 0.000000
3388.551251 500.000000 0.000000
3389.589627 500.000000 0.000000
3358.421343 500.000000 0.000000
1981.588580 500.000000 0.000000
3307.985237 500.000000 0.000000
3166.801917 500.000000 0.000000
4810.621194 500.000000 0.000000
4963.557089 500.000000 0.000000
496.724132 500.000000 0.000000
339.466371 500.000000 0.000000
2130.065758 500.000000 0.000000
4735.227511 500.000000 0.000000
3541.630047 500.000000 0.000000
2334.089231 500.000000 0.000000
224.181443 500.000000 0.000000
3742.904608 500.000000 0.000000
3391.853472 500.000000 0.000000
1054.606716 500.000000 0.000000
1992.451531 500.000000 0.000000
4768.377923 500.000000 0.000000
144.511424 500.000000 0.000000
4678.832847 500.000000 0.000000
4234.652368 500.000000 0.000000
3313.800879 500.000000 0.000000
4339.554517 500.000000 0.000000
3261.796618 500.000000 0.000000
2264.024701 500.000000 0.000000
1526.144912 500.000000 0.000000
1760.174935 500.000000 0.000000
1398.217011 500.000000 0.000000
1180.227970 500.000000 0.000000
135.017304 500.000000 0.000000
3260.311943 500.000000 0.000000
3560.001133 500.000000 0.000000
3099.654334 500.000000 0.000000
627.195388 500.000000 0.000000
2263.949817 500.000000 0.000000
4611.657548 500.000000 0.000000
604.221796 500.000000 0.000000
2019.044873 500.000000 0.000000
1301.452230 500.000000 0.000000
3894.218192 500.000000 0.000000
3339.205998 500.000000 0.000000
133.947186 500.000000 0.000000
2456.661504 500.000000 0.000000
4575.304438 500.000000 0.000000
3520.126733 500.000000 0.000000
3141.004265 500.000000 0.000000
2891.692333 500.000000 0.000000
3145.782078 500.000000 0.000000
3652.053245 500.000000 0.000000
3206.591670 500.000000 0.000000
2318.546673 500.000000 0.000000
3071.456196 500.000000 0.000000
1272.353278 500.000000 0.000000
4043.413459 500.000000 0.000000
1144.918652 500.000000 0.000000
2252.389981 500.000000 0.000000
4371.175709 500.000000 0.000000
1013.869529 500.000000 0.000000
2618.555961 500.000000 0.000000
632.591329 500.000000 0.000000
2897.014495 500.000000 0.000000
1309.423352 500.000000 0.000000
1038.845285 500.000000 0.000000
2764.190801 500.000000 0.000000
4256.976820 500.000000 0.000000
2567.972187 500.000000 0.000000
2791.299223 500.000000 0.000000
3330.742677 500.000000 0.000000
4994.873285 500.000000 0.000000
891.370372 500.000000 0.000000
583.698179 500.000000 0.000000
342.127716 500.000000 0.000000
3113.566887 500.000000 0.000000
1572.414752 500.000000 0.000000
4449.139666 500.000000 0.000000
4032.388300 500.000000 0.000000
2149.584745 500.000000 0.000000
2623.477288 500.000000 0.000000
2263.377651 500.000000 0.000000
3153.715607 500.000000 0.000000
2832.972427 500.000000 0.000000
4794.303316 500.000000 0.000000
4540.261432 500.000000 0.000000
3504.491311 500.000000 0.000000
1885.126921 500.000000 0.000000
3418.981129 500.000000 0.000000
990.442311 500.000000 0.000000
3087.003496 500.000000 0.000000
2068.630792 500.000000 0.000000
4117.942083 500.000000 0.000000
3777.889740 500.000000 0.000000
3515.486586 500.000000 0.000000
1821.471389 500.000000 0.000000
4098.934931 500.000000 0.000000
3757.908817 500.000000 0.000000
243.847545 500.000000 0.000000
2642.845016 500.000000 0.000000
3083.740962 500.000000 0.000000
1354.714155 500.000000 0.000000
4004.208733 500.000000 0.000000
1175.871113 500.000000 0.000000
4518.932762 500.000000 0.000000
1294.007846 500.000000 0.000000
956.682062 500.000000 0.000000
62.051710 500.000000 0.000000
4267.069991 500.000000 0.000000
3105.043558 500.000000 0.000000
4279.309656 500.000000 0.000000
700.531005 500.000000 0.000000
4363.439820 500.000000 0.000000
3544.198677 500.000000 0.000000
463.204946 500.000000 0.000000
103.752097 500.000000 0.000000
3913.182592 500.000000 0.000000
150.412618 500.000000 0.000000
2523.053160 500.000000 0.000000
408.110891 500.000000 0.000000
3867.468724 500.000000 0.000000
4362.886408 500.000000 0.000000
4400.156240 500.000000 0.000000
4417.621496 500.000000 0.000000
4362.136641 500.000000 0.000000
2293.611127 500.000000 0.000000
4511.494206 500.000000 0.000000
2739.524759 500.000000 0.000000
279.942176 500.000000 0.000000
2955.899439 500.000000 0.000000
2819.708547 500.000000 0.000000
3880.650379 500.000000 0.000000
1477.848892 500.000000 0.000000
204.268267 500.000000 0.000000
1992.835916 500.000000 0.000000
1411.373101 500.000000 0.000000
4033.581605 500.000000 0.000000
2535.796810 500.000000 0.000000
3440.754823 500.000000 0.000000
2473.320202 500.000000 0.000000
2272.730202 500.000000 0.000000
2107.400456 500.000000 0.000000
196.258664 500.000000 0.000000
455.981016 500.000000 0.000000
1969.076546 500.000000 0.000000
676.865974 500.000000 0.000000
4843.252915 500.000000 0.000000
4058.380554 500.000000 0.000000
1629.827055 500.000000 0.000000
4809.995890 500.000000 0.000000
501.406010 500.000000 0.000000
514.623062 500.000000 0.000000
1536.295452 500.000000 0.000000
1668.410298 500.000000 0.000000
4289.830668 500.000000 0.000000
2614.608681 500.000000 0.000000
3077.500205 500.000000 0.000000
4907.793419 500.000000 0.000000
3987.423693 500.000000 0.000000
994.048371 500.000000 0.000000
2283.520951 500.000000 0.000000
2854.853985 500.000000 0.000000
1074.543482 500.000000 0.000000
3432.166571 500.000000 0.000000
1393.010576 500.000000 0.000000
898.699241 500.000000 0.000000
1987.489731 500.000000 0.000000
814.294675 500.000000 0.000000
4013.108810 500.000000 0.000000
418.229566 500.000000 0.000000
3191.353761 500.000000 0.000000
1154.282592 500.000000 0.000000
2900.471897 500.000000 0.000000
4321.462569 500.000000 0.000000
4663.691436 500.000000 0.000000
4106.965618 500.000000 0.000000
2402.952363 500.000000 0.000000
3181.865079 500.000000 0.000000
907.543279 500.000000 0.000000
2346.002506 500.000000 0.000000
1546.382206 500.000000 0.000000
3344.052156 500.000000 0.000000
3611.705806 500.000000 0.000000
2874.283345 500.000000 0.000000
2639.272565 500.000000 0.000000
4046.157793 500.000000 0.000000
4934.413307 500.000000 0.000000
1619.302480 500.000000 0.000000
3031.982294 500.000000 0.000000
3797.794828 500.000000 0.000000
3954.840901 500.000000 0.000000
349.649071 500.000000 0.000000
2752.327070 500.000000 0.000000
46.491412 500.000000 0.000000
3923.147374 500.000000 0.000000
3445.220572 500.000000 0.000000
4817.940454 500.000000 0.000000
2582.207988 500.000000 0.000000
1785.891523 500.000000 0.000000
2411.684459 500.000000 0.000000
2149.798010 500.000000 0.000000
4981.530737 500.000000 0.000000
3005.880055 500.000000 0.000000
3925.021035 500.000000 0.000000
4852.710606 500.000000 0.000000
2439.272745 500.000000 0.000000
474.633761 500.000000 0.000000
4896.658866 500.000000 0.000000
604.388696 500.000000 0.000000
3151.301681 500.000000 0.000000
971.237698 500.000000 0.000000
1065.408515 500.000000 0.000000
72.993899 500.000000 0.000000
1833.355575 500.000000 0.000000
1700.503887 500.000000 0.000000
3608.931737 500.000000 0.000000
1837.665563 500.000000 0.000000
105.167686 500.000000 0.000000
658.439962 500.000000 0.000000
2933.798379 500.000000 0.000000
3668.023201 500.000000 0.000000
4318.175754 500.000000 0.000000
684.973228 500.000000 0.000000
262.134889 500.000000 0.000000
2031.117042 500.000000 0.000000
1208.284735 500.000000 0.000000
2362.253515 500.000000 0.000000
4361.079896 500.000000 0.000000
2273.596163 500.000000 0.000000
357.895348 500.000000 0.000000
1570.306221 500.000000 0.000000
2464.115571 500.000000 0.000000
3708.605669 500.000000 0.000000
3473.918317 500.000000 0.000000
4914.339359 500.000000 0.000000
1598.740686 500.000000 0.000000
4021.018520 500.000000 0.000000
267.339076 500.000000 0.000000
3730.776741 500.000000 0.000000
1517.374654 500.000000 0.000000
465.407569 500.000000 0.000000
4672.658321 500.000000 0.000000
3734.340931 500.000000 0.000000
500.242357 500.000000 0.000000
3601.482540 500.000000 0.000000
1053.768699 500.000000 0.000000
4815.483748 500.000000 0.000000
3745.947056 500.000000 0.000000
3698.109660 500.000000 0.000000
2550.361636 500.000000 0.000000
436.464932 500.000000 0.000000
3250.102347 500.000000 0.000000
411.824248 500.000000 0.000000
3634.603727 500.000000 0.000000
2663.091327 500.000000 0.000000
3746.529332 500.000000 0.000000
4306.334700 500.000000 0.000000
173.497241 500.000000 0.000000
465.612292 500.000000 0.000000
3276.285476 500.000000 0.000000
4797.589236 500.000000 0.000000
2435.286155 500.000000 0.000000
4299.478724 500.000000 0.000000
423.972105 500.000000 0.000000
3592.708575 500.000000 0.000000
4254.591640 500.000000 0.000000
4094.423908 500.000000 0.000000
3581.372299 500.000000 0.000000
2041.119649 500.000000 0.000000
3182.928350 500.000000 0.000000
2619.193515 500.000000 0.000000
1860.194362 500.000000 0.000000
1767.130484 500.000000 0.000000
2990.245235 500.000000 0.000000
487.434373 500.000000 0.000000
1381.765191 500.000000 0.000000
