1094.778442 1200.000000 1.000000
948.062744 1200.000000 1.000000
1238.842041 1200.000000 1.000000
1082.522583 1200.000000 1.000000
1263.301758 1200.000000 1.000000
1028.083374 1200.000000 1.000000
1775.285889 1200.000000 1.000000
1497.294312 1200.000000 1.000000
1320.675415 1200.000000 1.000000
1686.367676 1200.000000 1.000000
830.100464 1200.000000 1.000000
1220.738037 1200.000000 1.000000
1110.982788 1200.000000 1.000000
1450.318237 1200.000000 1.000000
867.755310 1200.000000 1.000000
1051.918701 1200.000000 1.000000
1077.113281 1200.000000 1.000000
1217.124268 1200.000000 1.000000
989.110352 1200.000000 1.000000
1487.755615 1200.000000 1.000000
1492.536133 1200.000000 1.000000
1314.117310 1200.000000 1.000000
2552.368896 1200.000000 1.000000
1104.201172 1200.000000 1.000000
2241.773926 1200.000000 1.000000
1186.626465 1200.000000 1.000000
1037.628174 1200.000000 1.000000
1924.802612 1200.000000 1.000000
2186.196045 1200.000000 1.000000
1321.957764 1200.000000 1.000000
2214.138916 1200.000000 1.000000
1348.574097 1200.000000 1.000000
2955.608643 1200.000000 1.000000
1469.033081 1200.000000 1.000000
1091.350830 1200.000000 1.000000
1169.293457 1200.000000 1.000000
1366.418213 1200.000000 1.000000
1149.725708 1200.000000 1.000000
1079.405396 1200.000000 1.000000
1511.903564 1200.000000 1.000000
1173.183960 1200.000000 1.000000
1262.758545 1200.000000 1.000000
1243.385986 1200.000000 1.000000
1079.348755 1200.000000 1.000000
1176.419922 1200.000000 1.000000
1443.861938 1200.000000 1.000000
1457.687500 1200.000000 1.000000
737.941467 1200.000000 1.000000
1285.693237 1200.000000 1.000000
1228.849243 1200.000000 1.000000
1016.723755 1200.000000 1.000000
2557.272461 1200.000000 1.000000
908.954956 1200.000000 1.000000
1113.047852 1200.000000 1.000000
1297.721436 1200.000000 1.000000
933.897644 1200.000000 1.000000
1250.542358 1200.000000 1.000000
1701.873901 1200.000000 1.000000
1181.829346 1200.000000 1.000000
1323.991699 1200.000000 1.000000
1048.339233 1200.000000 1.000000
1230.848389 1200.000000 1.000000
1260.394287 1200.000000 1.000000
1878.870239 1200.000000 1.000000
1375.281616 1200.000000 1.000000
2136.094727 1200.000000 1.000000
1312.046387 1200.000000 1.000000
1217.105835 1200.000000 1.000000
1514.040283 1200.000000 1.000000
1186.851685 1200.000000 1.000000
1312.862671 1200.000000 1.000000
1715.831055 1200.000000 1.000000
1189.959351 1200.000000 1.000000
1462.630127 1200.000000 1.000000
1370.141602 1200.000000 1.000000
1056.336426 1200.000000 1.000000
1133.179443 1200.000000 1.000000
1340.496094 1200.000000 1.000000
1734.317993 1200.000000 1.000000
1280.720703 1200.000000 1.000000
1362.590088 1200.000000 1.000000
1183.666382 1200.000000 1.000000
1259.040283 1200.000000 1.000000
1707.479858 1200.000000 1.000000
1931.000488 1200.000000 1.000000
1531.560059 1200.000000 1.000000
1327.179443 1200.000000 1.000000
1586.174805 1200.000000 1.000000
1202.255615 1200.000000 1.000000
1597.099609 1200.000000 1.000000
1240.545288 1200.000000 1.000000
1522.913818 1200.000000 1.000000
1235.880981 1200.000000 1.000000
1116.786865 1200.000000 1.000000
1877.944458 1200.000000 1.000000
1244.596313 1200.000000 1.000000
1705.640747 1200.000000 1.000000
2042.660645 1200.000000 1.000000
2203.068115 1200.000000 1.000000
1298.895508 1200.000000 1.000000
859.908020 1200.000000 1.000000
2196.857178 1200.000000 1.000000
1310.197021 1200.000000 1.000000
1361.045654 1200.000000 1.000000
1062.145996 1200.000000 1.000000
1203.955322 1200.000000 1.000000
1682.674072 1200.000000 1.000000
1188.887329 1200.000000 1.000000
1239.588745 1200.000000 1.000000
1063.432495 1200.000000 1.000000
1495.411011 1200.000000 1.000000
1804.338623 1200.000000 1.000000
1290.511841 1200.000000 1.000000
2035.596558 1200.000000 1.000000
1943.339111 1200.000000 1.000000
1455.728760 1200.000000 1.000000
974.805115 1200.000000 1.000000
1057.262817 1200.000000 1.000000
2919.370605 1200.000000 1.000000
1164.300537 1200.000000 1.000000
1195.438843 1200.000000 1.000000
1532.708984 1200.000000 1.000000
1180.312866 1200.000000 1.000000
970.586060 1200.000000 1.000000
1150.113281 1200.000000 1.000000
1255.072632 1200.000000 1.000000
1194.222168 1200.000000 1.000000
1312.321411 1200.000000 1.000000
1047.678711 1200.000000 1.000000
1373.059326 1200.000000 1.000000
1518.167603 1200.000000 1.000000
2859.020752 1200.000000 1.000000
1482.421631 1200.000000 1.000000
1643.476074 1200.000000 1.000000
1259.379639 1200.000000 1.000000
1242.433105 1200.000000 1.000000
1147.282715 1200.000000 1.000000
1606.851074 1200.000000 1.000000
2662.010498 1200.000000 1.000000
1202.241455 1200.000000 1.000000
1184.235840 1200.000000 1.000000
2376.161621 1200.000000 1.000000
1289.194580 1200.000000 1.000000
1583.956177 1200.000000 1.000000
1222.281006 1200.000000 1.000000
1293.225708 1200.000000 1.000000
1345.464233 1200.000000 1.000000
1879.457031 1200.000000 1.000000
1200.506470 1200.000000 1.000000
1457.411133 1200.000000 1.000000
1019.925415 1200.000000 1.000000
1773.146118 1200.000000 1.000000
1201.978516 1200.000000 1.000000
1213.020264 1200.000000 1.000000
1385.240356 1200.000000 1.000000
1418.887329 1200.000000 1.000000
1791.903076 1200.000000 1.000000
1420.058472 1200.000000 1.000000
1601.232544 1200.000000 1.000000
1404.526611 1200.000000 1.000000
1077.809448 1200.000000 1.000000
2556.760742 1200.000000 1.000000
1325.937256 1200.000000 1.000000
1113.773682 1200.000000 1.000000
1999.760254 1200.000000 1.000000
1033.425659 1200.000000 1.000000
1435.640259 1200.000000 1.000000
1145.925903 1200.000000 1.000000
1409.622925 1200.000000 1.000000
902.311890 1200.000000 1.000000
1101.021362 1200.000000 1.000000
698.627869 1200.000000 1.000000
2047.052246 1200.000000 1.000000
1526.225220 1200.000000 1.000000
1708.623657 1200.000000 1.000000
1888.407104 1200.000000 1.000000
1389.249023 1200.000000 1.000000
1602.168823 1200.000000 1.000000
1180.571899 1200.000000 1.000000
1641.083984 1200.000000 1.000000
4177.360840 1200.000000 1.000000
1326.979614 1200.000000 1.000000
1208.255737 1200.000000 1.000000
2043.766602 1200.000000 1.000000
1305.666382 1200.000000 1.000000
952.796387 1200.000000 1.000000
1404.014038 1200.000000 1.000000
1053.142822 1200.000000 1.000000
1337.307129 1200.000000 1.000000
1099.560303 1200.000000 1.000000
2622.364014 1200.000000 1.000000
1456.426392 1200.000000 1.000000
1055.501099 1200.000000 1.000000
1335.041870 1200.000000 1.000000
1093.809082 1200.000000 1.000000
1590.912598 1200.000000 1.000000
1432.162598 1200.000000 1.000000
1113.546509 1200.000000 1.000000
812.270264 1200.000000 1.000000
1574.519287 1200.000000 1.000000
2539.038818 1200.000000 1.000000
1497.706055 1200.000000 1.000000
1412.298462 1200.000000 1.000000
1248.772949 1200.000000 1.000000
981.501465 1200.000000 1.000000
1795.509521 1200.000000 1.000000
776.081665 1200.000000 1.000000
1561.794434 1200.000000 1.000000
2237.103027 1200.000000 1.000000
827.702148 1200.000000 1.000000
1128.159302 1200.000000 1.000000
1186.690674 1200.000000 1.000000
1339.614624 1200.000000 1.000000
1857.520508 1200.000000 1.000000
1402.149536 1200.000000 1.000000
1123.760132 1200.000000 1.000000
1147.429565 1200.000000 1.000000
1336.970947 1200.000000 1.000000
1753.322632 1200.000000 1.000000
1682.895874 1200.000000 1.000000
1060.752075 1200.000000 1.000000
1056.894043 1200.000000 1.000000
1046.521240 1200.000000 1.000000
1148.465576 1200.000000 1.000000
1616.527466 1200.000000 1.000000
1440.014648 1200.000000 1.000000
1581.596436 1200.000000 1.000000
1183.136719 1200.000000 1.000000
1045.059692 1200.000000 1.000000
2410.697754 1200.000000 1.000000
1604.378906 1200.000000 1.000000
1059.998657 1200.000000 1.000000
1499.324341 1200.000000 1.000000
1860.177490 1200.000000 1.000000
992.857300 1200.000000 1.000000
1206.084106 1200.000000 1.000000
1203.771973 1200.000000 1.000000
1777.383545 1200.000000 1.000000
1213.167358 1200.000000 1.000000
1095.964600 1200.000000 1.000000
1108.978638 1200.000000 1.000000
1179.323364 1200.000000 1.000000
1875.037354 1200.000000 1.000000
2154.975098 1200.000000 1.000000
1105.638672 1200.000000 1.000000
1208.750488 1200.000000 1.000000
1050.093140 1200.000000 1.000000
916.297363 1200.000000 1.000000
1285.632080 1200.000000 1.000000
2268.724121 1200.000000 1.000000
1366.205933 1200.000000 1.000000
1188.809692 1200.000000 1.000000
1365.193481 1200.000000 1.000000
1738.326538 1200.000000 1.000000
2293.699463 1200.000000 1.000000
1452.053711 1200.000000 1.000000
894.663147 1200.000000 1.000000
978.780273 1200.000000 1.000000
1855.759399 1200.000000 1.000000
1100.936401 1200.000000 1.000000
2327.503174 1200.000000 1.000000
831.633240 1200.000000 1.000000
2000.176880 1200.000000 1.000000
1775.811646 1200.000000 1.000000
1083.078857 1200.000000 1.000000
1665.151367 1200.000000 1.000000
1042.670532 1200.000000 1.000000
1472.900635 1200.000000 1.000000
1115.999146 1200.000000 1.000000
1134.976440 1200.000000 1.000000
1187.557129 1200.000000 1.000000
1181.502686 1200.000000 1.000000
1304.278564 1200.000000 1.000000
1258.059326 1200.000000 1.000000
1548.653076 1200.000000 1.000000
968.245300 1200.000000 1.000000
1460.219971 1200.000000 1.000000
2978.934814 1200.000000 1.000000
2066.235596 1200.000000 1.000000
1152.756714 1200.000000 1.000000
1274.348511 1200.000000 1.000000
1894.391602 1200.000000 1.000000
1169.685303 1200.000000 1.000000
3446.662109 1200.000000 1.000000
1115.523560 1200.000000 1.000000
1322.060303 1200.000000 1.000000
1260.288696 1200.000000 1.000000
1331.474976 1200.000000 1.000000
1102.939819 1200.000000 1.000000
2193.256348 1200.000000 1.000000
898.107361 1200.000000 1.000000
1025.676514 1200.000000 1.000000
1042.195557 1200.000000 1.000000
1410.485474 1200.000000 1.000000
1239.815308 1200.000000 1.000000
2099.265137 1200.000000 1.000000
1058.489014 1200.000000 1.000000
1125.851196 1200.000000 1.000000
1423.351074 1200.000000 1.000000
1282.004883 1200.000000 1.000000
2098.322998 1200.000000 1.000000
1149.511841 1200.000000 1.000000
2611.653809 1200.000000 1.000000
1196.830933 1200.000000 1.000000
998.179626 1200.000000 1.000000
901.084778 1200.000000 1.000000
840.780273 1200.000000 1.000000
1200.593384 1200.000000 1.000000
1195.509521 1200.000000 1.000000
1220.279053 1200.000000 1.000000
2535.176514 1200.000000 1.000000
957.442871 1200.000000 1.000000
1079.286133 1200.000000 1.000000
1184.721069 1200.000000 1.000000
1277.821655 1200.000000 1.000000
1060.183472 1200.000000 1.000000
1787.250366 1200.000000 1.000000
1110.384521 1200.000000 1.000000
2143.884033 1200.000000 1.000000
1389.660278 1200.000000 1.000000
1204.478271 1200.000000 1.000000
1137.810425 1200.000000 1.000000
1170.616699 1200.000000 1.000000
1061.644165 1200.000000 1.000000
859.764404 1200.000000 1.000000
1200.795166 1200.000000 1.000000
1458.342529 1200.000000 1.000000
1145.159058 1200.000000 1.000000
1623.543945 1200.000000 1.000000
1191.459106 1200.000000 1.000000
1256.103882 1200.000000 1.000000
1582.685425 1200.000000 1.000000
1214.496338 1200.000000 1.000000
1208.588135 1200.000000 1.000000
1136.922485 1200.000000 1.000000
941.114624 1200.000000 1.000000
909.477478 1200.000000 1.000000
1069.075195 1200.000000 1.000000
2359.290771 1200.000000 1.000000
1169.172852 1200.000000 1.000000
1494.550537 1200.000000 1.000000
1397.777466 1200.000000 1.000000
1100.439697 1200.000000 1.000000
1248.654785 1200.000000 1.000000
1481.831543 1200.000000 1.000000
1349.899414 1200.000000 1.000000
1093.885986 1200.000000 1.000000
1220.709839 1200.000000 1.000000
2219.606689 1200.000000 1.000000
1724.870117 1200.000000 1.000000
2129.491699 1200.000000 1.000000
1059.442627 1200.000000 1.000000
1664.470581 1200.000000 1.000000
1095.842407 1200.000000 1.000000
2085.731445 1200.000000 1.000000
1482.483765 1200.000000 1.000000
1267.727783 1200.000000 1.000000
770.774902 1200.000000 1.000000
1436.586548 1200.000000 1.000000
1169.030029 1200.000000 1.000000
1336.790527 1200.000000 1.000000
1145.783203 1200.000000 1.000000
1056.277344 1200.000000 1.000000
1382.256958 1200.000000 1.000000
1504.015869 1200.000000 1.000000
1675.472290 1200.000000 1.000000
1069.455200 1200.000000 1.000000
1332.056763 1200.000000 1.000000
2117.975342 1200.000000 1.000000
1185.032837 1200.000000 1.000000
1536.020386 1200.000000 1.000000
983.914124 1200.000000 1.000000
845.968201 1200.000000 1.000000
958.596619 1200.000000 1.000000
1192.950317 1200.000000 1.000000
1002.075623 1200.000000 1.000000
1308.685669 1200.000000 1.000000
1465.074585 1200.000000 1.000000
825.955444 1200.000000 1.000000
1030.585083 1200.000000 1.000000
1595.221191 1200.000000 1.000000
1182.556763 1200.000000 1.000000
1058.202515 1200.000000 1.000000
1031.797241 1200.000000 1.000000
1156.049927 1200.000000 1.000000
1682.107544 1200.000000 1.000000
1011.328491 1200.000000 1.000000
1209.107300 1200.000000 1.000000
2465.710205 1200.000000 1.000000
1177.167603 1200.000000 1.000000
1334.401733 1200.000000 1.000000
1793.759644 1200.000000 1.000000
974.988525 1200.000000 1.000000
1007.366089 1200.000000 1.000000
1003.903931 1200.000000 1.000000
1123.840576 1200.000000 1.000000
1236.157349 1200.000000 1.000000
1408.439697 1200.000000 1.000000
1259.643188 1200.000000 1.000000
1221.962646 1200.000000 1.000000
1358.180542 1200.000000 1.000000
2543.832275 1200.000000 1.000000
1046.990112 1200.000000 1.000000
1064.399902 1200.000000 1.000000
1059.269409 1200.000000 1.000000
1014.069275 1200.000000 1.000000
1154.962158 1200.000000 1.000000
1157.314697 1200.000000 1.000000
2423.965332 1200.000000 1.000000
1083.421387 1200.000000 1.000000
1709.198242 1200.000000 1.000000
1481.126465 1200.000000 1.000000
1564.113770 1200.000000 1.000000
1363.881226 1200.000000 1.000000
2282.182129 1200.000000 1.000000
1483.740723 1200.000000 1.000000
1505.323853 1200.000000 1.000000
1297.594238 1200.000000 1.000000
934.087097 1200.000000 1.000000
1138.791382 1200.000000 1.000000
973.531433 1200.000000 1.000000
1091.063721 1200.000000 1.000000
1764.007202 1200.000000 1.000000
1036.738281 1200.000000 1.000000
1650.736572 1200.000000 1.000000
789.753357 1200.000000 1.000000
2060.971680 1200.000000 1.000000
1927.945801 1200.000000 1.000000
1246.127686 1200.000000 1.000000
1227.161499 1200.000000 1.000000
1197.879761 1200.000000 1.000000
863.694519 1200.000000 1.000000
1275.981689 1200.000000 1.000000
1318.045166 1200.000000 1.000000
1064.838867 1200.000000 1.000000
989.328979 1200.000000 1.000000
1550.316284 1200.000000 1.000000
1189.689697 1200.000000 1.000000
1084.963745 1200.000000 1.000000
1161.272461 1200.000000 1.000000
2955.920654 1200.000000 1.000000
1370.178955 1200.000000 1.000000
1168.931763 1200.000000 1.000000
1198.334106 1200.000000 1.000000
1470.158691 1200.000000 1.000000
1946.840820 1200.000000 1.000000
979.728943 1200.000000 1.000000
2666.056152 1200.000000 1.000000
823.815796 1200.000000 1.000000
1074.055054 1200.000000 1.000000
1102.945801 1200.000000 1.000000
1001.795776 1200.000000 1.000000
1822.995483 1200.000000 1.000000
1157.310303 1200.000000 1.000000
981.633911 1200.000000 1.000000
1634.298950 1200.000000 1.000000
2566.207031 1200.000000 1.000000
3609.125000 1200.000000 1.000000
1743.591675 1200.000000 1.000000
1146.904663 1200.000000 1.000000
1214.848267 1200.000000 1.000000
1473.731445 1200.000000 1.000000
1754.629028 1200.000000 1.000000
1745.570312 1200.000000 1.000000
2792.864746 1200.000000 1.000000
1314.823120 1200.000000 1.000000
969.282593 1200.000000 1.000000
1603.659424 1200.000000 1.000000
1065.537964 1200.000000 1.000000
1471.575806 1200.000000 1.000000
1757.135010 1200.000000 1.000000
960.874939 1200.000000 1.000000
956.604248 1200.000000 1.000000
1093.963989 1200.000000 1.000000
1527.222412 1200.000000 1.000000
943.818665 1200.000000 1.000000
1250.794800 1200.000000 1.000000
834.909668 1200.000000 1.000000
1002.638611 1200.000000 1.000000
2177.903564 1200.000000 1.000000
1180.330444 1200.000000 1.000000
1491.084229 1200.000000 1.000000
1092.822388 1200.000000 1.000000
1811.330444 1200.000000 1.000000
1073.303467 1200.000000 1.000000
1557.076782 1200.000000 1.000000
1085.646606 1200.000000 1.000000
1468.890503 1200.000000 1.000000
881.051453 1200.000000 1.000000
1167.104980 1200.000000 1.000000
1133.126343 1200.000000 1.000000
1328.601685 1200.000000 1.000000
1342.648682 1200.000000 1.000000
1501.388794 1200.000000 1.000000
905.059631 1200.000000 1.000000
1453.895752 1200.000000 1.000000
1103.297729 1200.000000 1.000000
1509.219604 1200.000000 1.000000
978.577148 1200.000000 1.000000
1219.946533 1200.000000 1.000000
1359.237061 1200.000000 1.000000
1983.910034 1200.000000 1.000000
1204.833374 1200.000000 1.000000
1600.894165 1200.000000 1.000000
1412.593628 1200.000000 1.000000
929.595337 1200.000000 1.000000
1001.591919 1200.000000 1.000000
1192.221680 1200.000000 1.000000
1286.728394 1200.000000 1.000000
1253.185425 1200.000000 1.000000
1992.405762 1200.000000 1.000000
878.396667 1200.000000 1.000000
1664.885376 1200.000000 1.000000
1295.683838 1200.000000 1.000000
940.558716 1200.000000 1.000000
1574.799805 1200.000000 1.000000
1020.592102 1200.000000 1.000000
1726.402832 1200.000000 1.000000
1682.393066 1200.000000 1.000000
1845.043823 1200.000000 1.000000
1407.675781 1200.000000 1.000000
903.251709 1200.000000 1.000000
1118.122437 1200.000000 1.000000
1120.998535 1200.000000 1.000000
1295.085815 1200.000000 1.000000
1836.087036 1200.000000 1.000000
907.554932 1200.000000 1.000000
1311.686157 1200.000000 1.000000
1499.026855 1200.000000 1.000000
1512.357300 1200.000000 1.000000
1017.841003 1200.000000 1.000000
1206.496582 1200.000000 1.000000
1381.685059 1200.000000 1.000000
1357.146729 1200.000000 1.000000
1422.104858 1200.000000 1.000000
1554.082031 1200.000000 1.000000
1366.083618 1200.000000 1.000000
1736.106323 1200.000000 1.000000
1086.320435 1200.000000 1.000000
1036.558350 1200.000000 1.000000
1647.611206 1200.000000 1.000000
1359.513916 1200.000000 1.000000
1185.655151 1200.000000 1.000000
1225.921997 1200.000000 1.000000
1583.206421 1200.000000 1.000000
2538.778809 1200.000000 1.000000
1220.535522 1200.000000 1.000000
1197.385376 1200.000000 1.000000
1078.976196 1200.000000 1.000000
1170.354492 1200.000000 1.000000
2123.406738 1200.000000 1.000000
1056.918823 1200.000000 1.000000
1131.007935 1200.000000 1.000000
921.280945 1200.000000 1.000000
1727.041870 1200.000000 1.000000
968.792480 1200.000000 1.000000
1468.286011 1200.000000 1.000000
1065.635132 1200.000000 1.000000
1385.224121 1200.000000 1.000000
950.763611 1200.000000 1.000000
838.854309 1200.000000 1.000000
1563.368530 1200.000000 1.000000
745.020569 1200.000000 1.000000
1368.309937 1200.000000 1.000000
852.502502 1200.000000 1.000000
1139.783203 1200.000000 1.000000
1840.036377 1200.000000 1.000000
879.255981 1200.000000 1.000000
1352.747437 1200.000000 1.000000
2882.525635 1200.000000 1.000000
1474.052734 1200.000000 1.000000
1088.443237 1200.000000 1.000000
939.474854 1200.000000 1.000000
884.359680 1200.000000 1.000000
1093.751709 1200.000000 1.000000
2710.802979 1200.000000 1.000000
735.908325 1200.000000 1.000000
1012.459778 1200.000000 1.000000
961.452820 1200.000000 1.000000
1351.836914 1200.000000 1.000000
1480.051392 1200.000000 1.000000
2061.716553 1200.000000 1.000000
1294.704224 1200.000000 1.000000
756.249084 1200.000000 1.000000
1435.882812 1200.000000 1.000000
1817.938721 1200.000000 1.000000
1067.601807 1200.000000 1.000000
1471.386841 1200.000000 1.000000
1037.126587 1200.000000 1.000000
1614.394287 1200.000000 1.000000
1343.196777 1200.000000 1.000000
2051.806152 1200.000000 1.000000
1539.122070 1200.000000 1.000000
1295.706909 1200.000000 1.000000
869.173828 1200.000000 1.000000
1889.077148 1200.000000 1.000000
1102.294189 1200.000000 1.000000
916.364685 1200.000000 1.000000
821.855591 1200.000000 1.000000
1593.584473 1200.000000 1.000000
2013.663086 1200.000000 1.000000
1613.489502 1200.000000 1.000000
1604.523804 1200.000000 1.000000
1609.831909 1200.000000 1.000000
1193.847168 1200.000000 1.000000
901.131531 1200.000000 1.000000
3006.263672 1200.000000 1.000000
1714.236328 1200.000000 1.000000
2424.715576 1200.000000 1.000000
1739.098999 1200.000000 1.000000
2254.333252 1200.000000 1.000000
1455.470337 1200.000000 1.000000
1120.559937 1200.000000 1.000000
1446.394287 1200.000000 1.000000
1265.275146 1200.000000 1.000000
1227.553223 1200.000000 1.000000
1369.845215 1200.000000 1.000000
990.380554 1200.000000 1.000000
1757.457153 1200.000000 1.000000
1318.099854 1200.000000 1.000000
1282.073242 1200.000000 1.000000
1854.427490 1200.000000 1.000000
1177.918335 1200.000000 1.000000
1089.221313 1200.000000 1.000000
1536.473511 1200.000000 1.000000
1103.992920 1200.000000 1.000000
1082.290039 1200.000000 1.000000
1541.030396 1200.000000 1.000000
1425.323242 1200.000000 1.000000
1526.455444 1200.000000 1.000000
1116.730591 1200.000000 1.000000
1270.885254 1200.000000 1.000000
1392.456787 1200.000000 1.000000
1175.682861 1200.000000 1.000000
1350.451782 1200.000000 1.000000
1229.433716 1200.000000 1.000000
1197.414917 1200.000000 1.000000
1429.486450 1200.000000 1.000000
1477.110840 1200.000000 1.000000
1310.802368 1200.000000 1.000000
1361.619995 1200.000000 1.000000
1250.412720 1200.000000 1.000000
3079.992432 1200.000000 1.000000
1259.863892 1200.000000 1.000000
1315.382324 1200.000000 1.000000
714.595459 1200.000000 1.000000
1204.676514 1200.000000 1.000000
1471.644775 1200.000000 1.000000
1208.274292 1200.000000 1.000000
1903.619507 1200.000000 1.000000
984.846497 1200.000000 1.000000
1881.342529 1200.000000 1.000000
1398.110718 1200.000000 1.000000
1663.292603 1200.000000 1.000000
1382.250122 1200.000000 1.000000
1508.024414 1200.000000 1.000000
1171.251831 1200.000000 1.000000
1356.610840 1200.000000 1.000000
1428.722900 1200.000000 1.000000
1263.770020 1200.000000 1.000000
1187.590332 1200.000000 1.000000
1203.043579 1200.000000 1.000000
1233.726685 1200.000000 1.000000
1395.065308 1200.000000 1.000000
1372.751831 1200.000000 1.000000
1116.964722 1200.000000 1.000000
1052.247559 1200.000000 1.000000
1548.574951 1200.000000 1.000000
1100.020752 1200.000000 1.000000
1327.283203 1200.000000 1.000000
950.270386 1200.000000 1.000000
1559.829590 1200.000000 1.000000
1197.547607 1200.000000 1.000000
855.414917 1200.000000 1.000000
1445.828125 1200.000000 1.000000
1245.279175 1200.000000 1.000000
757.649292 1200.000000 1.000000
1268.020386 1200.000000 1.000000
1796.675781 1200.000000 1.000000
1362.725952 1200.000000 1.000000
1185.143555 1200.000000 1.000000
1321.748047 1200.000000 1.000000
1327.031372 1200.000000 1.000000
1098.132080 1200.000000 1.000000
1152.081055 1200.000000 1.000000
1397.949585 1200.000000 1.000000
1413.527954 1200.000000 1.000000
1605.832764 1200.000000 1.000000
1190.425659 1200.000000 1.000000
2320.496094 1200.000000 1.000000
1792.349487 1200.000000 1.000000
1005.831482 1200.000000 1.000000
1087.057495 1200.000000 1.000000
2225.724854 1200.000000 1.000000
1262.900024 1200.000000 1.000000
1070.291626 1200.000000 1.000000
1225.628906 1200.000000 1.000000
1190.825928 1200.000000 1.000000
957.070435 1200.000000 1.000000
953.430359 1200.000000 1.000000
2241.511963 1200.000000 1.000000
1162.372437 1200.000000 1.000000
1722.474121 1200.000000 1.000000
2290.705566 1200.000000 1.000000
991.574829 1200.000000 1.000000
1203.929688 1200.000000 1.000000
1188.036743 1200.000000 1.000000
2753.450195 1200.000000 1.000000
874.385803 1200.000000 1.000000
1349.640503 1200.000000 1.000000
1202.500366 1200.000000 1.000000
1873.892822 1200.000000 1.000000
1399.680786 1200.000000 1.000000
1869.367676 1200.000000 1.000000
916.661926 1200.000000 1.000000
1219.139038 1200.000000 1.000000
1162.979858 1200.000000 1.000000
2579.617920 1200.000000 1.000000
1422.636719 1200.000000 1.000000
1508.411255 1200.000000 1.000000
955.507935 1200.000000 1.000000
1159.465820 1200.000000 1.000000
1916.293335 1200.000000 1.000000
2192.299316 1200.000000 1.000000
2602.552002 1200.000000 1.000000
1832.592651 1200.000000 1.000000
2263.478027 1200.000000 1.000000
1267.831787 1200.000000 1.000000
694.922241 1200.000000 1.000000
2202.699707 1200.000000 1.000000
896.744080 1200.000000 1.000000
1471.198486 1200.000000 1.000000
1529.710815 1200.000000 1.000000
1238.125732 1200.000000 1.000000
1457.795288 1200.000000 1.000000
2235.795166 1200.000000 1.000000
1164.578979 1200.000000 1.000000
1711.730469 1200.000000 1.000000
1263.158203 1200.000000 1.000000
1569.747070 1200.000000 1.000000
1285.266846 1200.000000 1.000000
923.153320 1200.000000 1.000000
1271.913330 1200.000000 1.000000
928.457886 1200.000000 1.000000
1796.567505 1200.000000 1.000000
4282.159180 1200.000000 1.000000
1241.550537 1200.000000 1.000000
1673.206421 1200.000000 1.000000
1417.457275 1200.000000 1.000000
1145.987183 1200.000000 1.000000
803.437988 1200.000000 1.000000
1041.918213 1200.000000 1.000000
1216.953613 1200.000000 1.000000
1145.145630 1200.000000 1.000000
2016.620483 1200.000000 1.000000
1660.305786 1200.000000 1.000000
998.185669 1200.000000 1.000000
1053.878540 1200.000000 1.000000
1154.218384 1200.000000 1.000000
2958.455078 1200.000000 1.000000
1194.320068 1200.000000 1.000000
1048.017944 1200.000000 1.000000
1059.644409 1200.000000 1.000000
1228.534180 1200.000000 1.000000
1727.008667 1200.000000 1.000000
1179.633667 1200.000000 1.000000
1953.108398 1200.000000 1.000000
1350.353271 1200.000000 1.000000
1199.412231 1200.000000 1.000000
1481.377808 1200.000000 1.000000
1583.912720 1200.000000 1.000000
1368.770264 1200.000000 1.000000
1126.762573 1200.000000 1.000000
3309.648193 1200.000000 1.000000
743.959717 1200.000000 1.000000
892.348145 1200.000000 1.000000
1733.015259 1200.000000 1.000000
1018.353149 1200.000000 1.000000
1177.041870 1200.000000 1.000000
1803.127197 1200.000000 1.000000
1553.439697 1200.000000 1.000000
1355.099121 1200.000000 1.000000
1172.286987 1200.000000 1.000000
1473.917114 1200.000000 1.000000
1465.269531 1200.000000 1.000000
1137.368774 1200.000000 1.000000
1260.171875 1200.000000 1.000000
1361.084717 1200.000000 1.000000
1749.724976 1200.000000 1.000000
1498.928223 1200.000000 1.000000
2365.503418 1200.000000 1.000000
1096.615723 1200.000000 1.000000
1019.975952 1200.000000 1.000000
1024.627930 1200.000000 1.000000
1221.229980 1200.000000 1.000000
1307.407715 1200.000000 1.000000
2116.637695 1200.000000 1.000000
1014.380859 1200.000000 1.000000
954.394531 1200.000000 1.000000
1277.256226 1200.000000 1.000000
1674.903198 1200.000000 1.000000
1279.014526 1200.000000 1.000000
987.202698 1200.000000 1.000000
955.725403 1200.000000 1.000000
1939.414917 1200.000000 1.000000
966.328064 1200.000000 1.000000
1069.865479 1200.000000 1.000000
1027.878052 1200.000000 1.000000
1126.954468 1200.000000 1.000000
1243.546997 1200.000000 1.000000
1436.123657 1200.000000 1.000000
1285.551758 1200.000000 1.000000
1107.932861 1200.000000 1.000000
1070.503418 1200.000000 1.000000
1061.949829 1200.000000 1.000000
4893.709473 1200.000000 1.000000
1290.514282 1200.000000 1.000000
1644.574341 1200.000000 1.000000
949.947754 1200.000000 1.000000
1089.544556 1200.000000 1.000000
889.922913 1200.000000 1.000000
2396.595947 1200.000000 1.000000
1016.312988 1200.000000 1.000000
1067.906982 1200.000000 1.000000
1806.454346 1200.000000 1.000000
1192.955566 1200.000000 1.000000
1114.533203 1200.000000 1.000000
1243.920654 1200.000000 1.000000
2117.069580 1200.000000 1.000000
1140.566528 1200.000000 1.000000
1414.717163 1200.000000 1.000000
1348.973755 1200.000000 1.000000
1965.520996 1200.000000 1.000000
1837.150269 1200.000000 1.000000
1482.026001 1200.000000 1.000000
1067.874512 1200.000000 1.000000
1726.523438 1200.000000 1.000000
2116.883301 1200.000000 1.000000
936.496277 1200.000000 1.000000
1063.481812 1200.000000 1.000000
1390.859009 1200.000000 1.000000
762.708496 1200.000000 1.000000
1212.583374 1200.000000 1.000000
1224.510986 1200.000000 1.000000
1151.446899 1200.000000 1.000000
1111.357300 1200.000000 1.000000
2044.497314 1200.000000 1.000000
1832.941772 1200.000000 1.000000
1568.121582 1200.000000 1.000000
885.717041 1200.000000 1.000000
1152.612549 1200.000000 1.000000
1086.000366 1200.000000 1.000000
1191.833984 1200.000000 1.000000
906.175049 1200.000000 1.000000
1144.461548 1200.000000 1.000000
905.665649 1200.000000 1.000000
1045.334961 1200.000000 1.000000
1010.653687 1200.000000 1.000000
1427.602295 1200.000000 1.000000
1218.372314 1200.000000 1.000000
1879.128052 1200.000000 1.000000
1133.951172 1200.000000 1.000000
1339.914551 1200.000000 1.000000
1033.031616 1200.000000 1.000000
1480.168213 1200.000000 1.000000
2600.870850 1200.000000 1.000000
1944.214355 1200.000000 1.000000
1331.043701 1200.000000 1.000000
1135.516724 1200.000000 1.000000
1255.352783 1200.000000 1.000000
1272.365601 1200.000000 1.000000
1676.831543 1200.000000 1.000000
1167.209351 1200.000000 1.000000
2021.825073 1200.000000 1.000000
1250.460815 1200.000000 1.000000
1080.160522 1200.000000 1.000000
1167.983765 1200.000000 1.000000
1247.612427 1200.000000 1.000000
1112.380127 1200.000000 1.000000
1174.183838 1200.000000 1.000000
1150.093628 1200.000000 1.000000
2599.011963 1200.000000 1.000000
1602.371948 1200.000000 1.000000
1273.749634 1200.000000 1.000000
1044.503418 1200.000000 1.000000
1096.770874 1200.000000 1.000000
1157.191040 1200.000000 1.000000
1209.923584 1200.000000 1.000000
1391.365112 1200.000000 1.000000
1578.266968 1200.000000 1.000000
1278.998657 1200.000000 1.000000
1614.744385 1200.000000 1.000000
1474.668335 1200.000000 1.000000
1551.494141 1200.000000 1.000000
1602.932861 1200.000000 1.000000
858.439819 1200.000000 1.000000
1266.775391 1200.000000 1.000000
1138.429688 1200.000000 1.000000
1254.798584 1200.000000 1.000000
1614.886963 1200.000000 1.000000
1193.406616 1200.000000 1.000000
1508.847412 1200.000000 1.000000
1171.171387 1200.000000 1.000000
1481.651123 1200.000000 1.000000
2330.020996 1200.000000 1.000000
1117.725952 1200.000000 1.000000
2942.539551 1200.000000 1.000000
1151.492432 1200.000000 1.000000
1292.573853 1200.000000 1.000000
1015.429016 1200.000000 1.000000
1021.324585 1200.000000 1.000000
1142.342651 1200.000000 1.000000
1013.988953 1200.000000 1.000000
1368.512939 1200.000000 1.000000
1692.680420 1200.000000 1.000000
1281.599365 1200.000000 1.000000
1159.502563 1200.000000 1.000000
1147.453491 1200.000000 1.000000
1312.922974 1200.000000 1.000000
3356.642334 1200.000000 1.000000
1190.117554 1200.000000 1.000000
1338.226318 1200.000000 1.000000
1126.311523 1200.000000 1.000000
1242.488647 1200.000000 1.000000
1199.109863 1200.000000 1.000000
1187.700684 1200.000000 1.000000
1388.938965 1200.000000 1.000000
969.452271 1200.000000 1.000000
1317.492188 1200.000000 1.000000
1041.701416 1200.000000 1.000000
859.780396 1200.000000 1.000000
1517.083618 1200.000000 1.000000
1309.111816 1200.000000 1.000000
3257.140137 1200.000000 1.000000
1204.417114 1200.000000 1.000000
1296.389160 1200.000000 1.000000
1778.298828 1200.000000 1.000000
1209.103638 1200.000000 1.000000
1171.266724 1200.000000 1.000000
1221.109863 1200.000000 1.000000
1458.567017 1200.000000 1.000000
3276.380371 1200.000000 1.000000
2508.848633 1200.000000 1.000000
1142.201782 1200.000000 1.000000
1563.797974 1200.000000 1.000000
1086.568115 1200.000000 1.000000
1501.234009 1200.000000 1.000000
1647.111572 1200.000000 1.000000
1706.548584 1200.000000 1.000000
2149.014160 1200.000000 1.000000
1908.711792 1200.000000 1.000000
1773.952271 1200.000000 1.000000
1635.459473 1200.000000 1.000000
1203.210205 1200.000000 1.000000
1495.900879 1200.000000 1.000000
1795.749146 1200.000000 1.000000
1308.100830 1200.000000 1.000000
1276.422729 1200.000000 1.000000
1069.345581 1200.000000 1.000000
1076.941895 1200.000000 1.000000
2005.734497 1200.000000 1.000000
856.591431 1200.000000 1.000000
1495.787109 1200.000000 1.000000
1078.623169 1200.000000 1.000000
2508.020996 1200.000000 1.000000
1018.480469 1200.000000 1.000000
1063.303467 1200.000000 1.000000
1066.286133 1200.000000 1.000000
1137.140137 1200.000000 1.000000
1365.795044 1200.000000 1.000000
1179.833984 1200.000000 1.000000
944.477051 1200.000000 1.000000
1243.333862 1200.000000 1.000000
1056.250000 1200.000000 1.000000
1224.554199 1200.000000 1.000000
2465.705566 1200.000000 1.000000
1177.098633 1200.000000 1.000000
1355.815552 1200.000000 1.000000
1195.939087 1200.000000 1.000000
1514.674927 1200.000000 1.000000
1101.431763 1200.000000 1.000000
1205.674438 1200.000000 1.000000
1056.142578 1200.000000 1.000000
1402.861694 1200.000000 1.000000
1155.301392 1200.000000 1.000000
1382.377686 1200.000000 1.000000
1136.272705 1200.000000 1.000000
1135.155151 1200.000000 1.000000
1069.768188 1200.000000 1.000000
1066.168213 1200.000000 1.000000
1358.462646 1200.000000 1.000000
4743.267090 1200.000000 1.000000
1503.791382 1200.000000 1.000000
1069.891846 1200.000000 1.000000
1031.387939 1200.000000 1.000000
1017.104736 1200.000000 1.000000
1025.289062 1200.000000 1.000000
970.763245 1200.000000 1.000000
1064.585327 1200.000000 1.000000
828.851135 1200.000000 1.000000
1023.512024 1200.000000 1.000000
1320.922607 1200.000000 1.000000
1471.832886 1200.000000 1.000000
1183.188965 1200.000000 1.000000
2323.276611 1200.000000 1.000000
1199.416260 1200.000000 1.000000
1182.965210 1200.000000 1.000000
2585.439209 1200.000000 1.000000
812.669067 1200.000000 1.000000
1260.591431 1200.000000 1.000000
1481.960938 1200.000000 1.000000
1020.813049 1200.000000 1.000000
1307.572998 1200.000000 1.000000
1022.015930 1200.000000 1.000000
1498.040527 1200.000000 1.000000
1397.600708 1200.000000 1.000000
3094.498535 1200.000000 1.000000
1109.352905 1200.000000 1.000000
1140.937500 1200.000000 1.000000
1095.779663 1200.000000 1.000000
1487.819458 1200.000000 1.000000
1112.782715 1200.000000 1.000000
3469.603271 1200.000000 1.000000
1073.963745 1200.000000 1.000000
1563.873657 1200.000000 1.000000
1253.042969 1200.000000 1.000000
1554.896973 1200.000000 1.000000
1103.227783 1200.000000 1.000000
1752.031616 1200.000000 1.000000
1565.192261 1200.000000 1.000000
1708.300537 1200.000000 1.000000
1516.949341 1200.000000 1.000000
1165.397705 1200.000000 1.000000
1438.978271 1200.000000 1.000000
1209.889893 1200.000000 1.000000
933.766113 1200.000000 1.000000
1544.427856 1200.000000 1.000000
1123.869507 1200.000000 1.000000
749.903564 1200.000000 1.000000
1650.014038 1200.000000 1.000000
957.749146 1200.000000 1.000000
3599.249268 1200.000000 1.000000
1362.686279 1200.000000 1.000000
1893.945190 1200.000000 1.000000
1459.274048 1200.000000 1.000000
1123.142578 1200.000000 1.000000
1468.826050 1200.000000 1.000000
1157.947144 1200.000000 1.000000
738.171326 1200.000000 1.000000
1113.706299 1200.000000 1.000000
2130.950195 1200.000000 1.000000
1336.860474 1200.000000 1.000000
1904.338867 1200.000000 1.000000
1488.094971 1200.000000 1.000000
1053.501953 1200.000000 1.000000
1046.147339 1200.000000 1.000000
887.310242 1200.000000 1.000000
1103.584106 1200.000000 1.000000
1414.493408 1200.000000 1.000000
1322.948120 1200.000000 1.000000
1746.771606 1200.000000 1.000000
2191.176025 1200.000000 1.000000
1230.963745 1200.000000 1.000000
1460.535767 1200.000000 1.000000
1274.784668 1200.000000 1.000000
1430.146240 1200.000000 1.000000
1531.499146 1200.000000 1.000000
856.817017 1200.000000 1.000000
1583.876465 1200.000000 1.000000
3491.030762 1200.000000 1.000000
1214.356567 1200.000000 1.000000
1307.169800 1200.000000 1.000000
1178.089600 1200.000000 1.000000
1528.137451 1200.000000 1.000000
1019.523315 1200.000000 1.000000
1173.442749 1200.000000 1.000000
2263.501953 1200.000000 1.000000
1538.857544 1200.000000 1.000000
1633.977539 1200.000000 1.000000
1141.809082 1200.000000 1.000000
1091.150879 1200.000000 1.000000
1189.660278 1200.000000 1.000000
1306.534424 1200.000000 1.000000
1420.625488 1200.000000 1.000000
1379.494141 1200.000000 1.000000
1056.121216 1200.000000 1.000000
1657.848267 1200.000000 1.000000
1548.339111 1200.000000 1.000000
1135.354736 1200.000000 1.000000
983.712402 1200.000000 1.000000
1202.521118 1200.000000 1.000000
895.355286 1200.000000 1.000000
1324.865723 1200.000000 1.000000
1021.483093 1200.000000 1.000000
1339.788574 1200.000000 1.000000
1055.875854 1200.000000 1.000000
1430.531738 1200.000000 1.000000
1875.372559 1200.000000 1.000000
998.325500 1200.000000 1.000000
1062.153931 1200.000000 1.000000
2038.710327 1200.000000 1.000000
1215.830933 1200.000000 1.000000
878.948608 1200.000000 1.000000
1780.061646 1200.000000 1.000000
1151.316284 1200.000000 1.000000
2350.601318 1200.000000 1.000000
2211.105957 1200.000000 1.000000
1334.570312 1200.000000 1.000000
1034.927490 1200.000000 1.000000
1264.832275 1200.000000 1.000000
1791.358032 1200.000000 1.000000
2109.206299 1200.000000 1.000000
1112.814453 1200.000000 1.000000
2642.065674 1200.000000 1.000000
1128.095947 1200.000000 1.000000
1310.248413 1200.000000 1.000000
1360.370850 1200.000000 1.000000
1537.283691 1200.000000 1.000000
1135.327515 1200.000000 1.000000
1116.088013 1200.000000 1.000000
1220.031006 1200.000000 1.000000
1298.819214 1200.000000 1.000000
935.624939 1200.000000 1.000000
1392.610107 1200.000000 1.000000
1084.514526 1200.000000 1.000000
1666.814819 1200.000000 1.000000
1463.519287 1200.000000 1.000000
1208.272339 1200.000000 1.000000
1230.720459 1200.000000 1.000000
1298.314453 1200.000000 1.000000
1260.500854 1200.000000 1.000000
1502.105957 1200.000000 1.000000
991.845459 1200.000000 1.000000
1144.881714 1200.000000 1.000000
1087.532959 1200.000000 1.000000
1317.993530 1200.000000 1.000000
1075.586792 1200.000000 1.000000
1252.561890 1200.000000 1.000000
1907.630005 1200.000000 1.000000
971.148987 1200.000000 1.000000
1120.893188 1200.000000 1.000000
1862.957886 1200.000000 1.000000
1108.266479 1200.000000 1.000000
2171.650146 1200.000000 1.000000
1033.489014 1200.000000 1.000000
1416.386719 1200.000000 1.000000
819.687744 1200.000000 1.000000
1544.090698 1200.000000 1.000000
1403.616943 1200.000000 1.000000
1418.490234 1200.000000 1.000000
1355.599121 1200.000000 1.000000
885.098572 1200.000000 1.000000
1300.169312 1200.000000 1.000000
1778.774780 1200.000000 1.000000
934.322510 1200.000000 1.000000
1229.812866 1200.000000 1.000000
1183.685303 1200.000000 1.000000
1170.853638 1200.000000 1.000000
2975.034180 1200.000000 1.000000
1297.385010 1200.000000 1.000000
1201.017578 1200.000000 1.000000
986.934265 1200.000000 1.000000
1176.319946 1200.000000 1.000000
1531.779907 1200.000000 1.000000
1120.108032 1200.000000 1.000000
1212.305664 1200.000000 1.000000
1945.790161 1200.000000 1.000000
1033.854004 1200.000000 1.000000
1316.966187 1200.000000 1.000000
985.600342 1200.000000 1.000000
1587.142334 1200.000000 1.000000
1366.691772 1200.000000 1.000000
921.484558 1200.000000 1.000000
1332.898682 1200.000000 1.000000
1226.959351 1200.000000 1.000000
2074.613770 1200.000000 1.000000
1578.961304 1200.000000 1.000000
2334.388916 1200.000000 1.000000
1057.910767 1200.000000 1.000000
1221.362061 1200.000000 1.000000
1200.271118 1200.000000 1.000000
1556.093384 1200.000000 1.000000
1217.834473 1200.000000 1.000000
1590.771851 1200.000000 1.000000
1601.760620 1200.000000 1.000000
1249.635132 1200.000000 1.000000
1181.074829 1200.000000 1.000000
1414.515991 1200.000000 1.000000
1309.638550 1200.000000 1.000000
1315.254150 1200.000000 1.000000
1362.545654 1200.000000 1.000000
1182.458618 1200.000000 1.000000
1769.829712 1200.000000 1.000000
1134.951538 1200.000000 1.000000
1122.059326 1200.000000 1.000000
1284.637207 1200.000000 1.000000
1529.422241 1200.000000 1.000000
1512.814575 1200.000000 1.000000
1697.622925 1200.000000 1.000000
1918.896484 1200.000000 1.000000
1121.634399 1200.000000 1.000000
1675.565918 1200.000000 1.000000
1037.160400 1200.000000 1.000000
1881.812256 1200.000000 1.000000
1301.533447 1200.000000 1.000000
912.579590 1200.000000 1.000000
1177.219849 1200.000000 1.000000
1209.609253 1200.000000 1.000000
1757.737061 1200.000000 1.000000
1263.894775 1200.000000 1.000000
1131.786499 1200.000000 1.000000
1214.166992 1200.000000 1.000000
1260.142822 1200.000000 1.000000
1527.145264 1200.000000 1.000000
2780.908447 1200.000000 1.000000
1698.923950 1200.000000 1.000000
1124.814697 1200.000000 1.000000
1434.135132 1200.000000 1.000000
1314.994019 1200.000000 1.000000
1063.187744 1200.000000 1.000000
975.847412 1200.000000 1.000000
2454.005127 1200.000000 1.000000
1331.812500 1200.000000 1.000000
1567.277100 1200.000000 1.000000
1416.794556 1200.000000 1.000000
1153.603027 1200.000000 1.000000
2417.575195 1200.000000 1.000000
1209.379639 1200.000000 1.000000
1960.176392 1200.000000 1.000000
1205.154053 1200.000000 1.000000
2111.896729 1200.000000 1.000000
1574.175781 1200.000000 1.000000
2048.609863 1200.000000 1.000000
2155.829102 1200.000000 1.000000
1131.044678 1200.000000 1.000000
2407.820801 1200.000000 1.000000
1473.098511 1200.000000 1.000000
1935.169678 1200.000000 1.000000
1225.234863 1200.000000 1.000000
1352.862549 1200.000000 1.000000
1702.255371 1200.000000 1.000000
1320.676392 1200.000000 1.000000
1052.827148 1200.000000 1.000000
1467.941528 1200.000000 1.000000
1099.149292 1200.000000 1.000000
1267.413330 1200.000000 1.000000
1294.045410 1200.000000 1.000000
2573.800049 1200.000000 1.000000
1794.330078 1200.000000 1.000000
1197.749634 1200.000000 1.000000
1339.653564 1200.000000 1.000000
1341.250610 1200.000000 1.000000
1411.650757 1200.000000 1.000000
2175.531250 1200.000000 1.000000
1607.124878 1200.000000 1.000000
1592.787231 1200.000000 1.000000
1037.465088 1200.000000 1.000000
1447.325806 1200.000000 1.000000
959.909729 1200.000000 1.000000
1040.233032 1200.000000 1.000000
1360.449707 1200.000000 1.000000
1709.155762 1200.000000 1.000000
1512.986450 1200.000000 1.000000
2074.294678 1200.000000 1.000000
1927.420410 1200.000000 1.000000
1063.143188 1200.000000 1.000000
1213.059937 1200.000000 1.000000
870.223999 1200.000000 1.000000
1472.886597 1200.000000 1.000000
1261.070068 1200.000000 1.000000
1846.842285 1200.000000 1.000000
2526.376709 1200.000000 1.000000
992.039551 1200.000000 1.000000
996.006226 1200.000000 1.000000
1248.114380 1200.000000 1.000000
1220.884277 1200.000000 1.000000
1587.042603 1200.000000 1.000000
1173.498657 1200.000000 1.000000
1024.223511 1200.000000 1.000000
1387.879639 1200.000000 1.000000
2056.959473 1200.000000 1.000000
1230.759033 1200.000000 1.000000
1628.303467 1200.000000 1.000000
1378.432495 1200.000000 1.000000
1305.578491 1200.000000 1.000000
893.193909 1200.000000 1.000000
1357.110352 1200.000000 1.000000
1236.088867 1200.000000 1.000000
1602.403687 1200.000000 1.000000
3560.071289 1200.000000 1.000000
1337.080566 1200.000000 1.000000
960.800049 1200.000000 1.000000
1598.303589 1200.000000 1.000000
957.156982 1200.000000 1.000000
935.938660 1200.000000 1.000000
1651.331177 1200.000000 1.000000
1475.762329 1200.000000 1.000000
1340.217896 1200.000000 1.000000
952.682434 1200.000000 1.000000
1292.268677 1200.000000 1.000000
1098.708984 1200.000000 1.000000
997.381470 1200.000000 1.000000
1287.312622 1200.000000 1.000000
1419.132324 1200.000000 1.000000
2150.862793 1200.000000 1.000000
1316.658081 1200.000000 1.000000
1649.486084 1200.000000 1.000000
1160.910034 1200.000000 1.000000
1803.077026 1200.000000 1.000000
1159.655273 1200.000000 1.000000
1803.110962 1200.000000 1.000000
1265.298340 1200.000000 1.000000
2227.412842 1200.000000 1.000000
1120.703003 1200.000000 1.000000
1434.759888 1200.000000 1.000000
1295.394165 1200.000000 1.000000
1767.370239 1200.000000 1.000000
1115.407715 1200.000000 1.000000
1634.957764 1200.000000 1.000000
1645.614258 1200.000000 1.000000
1272.068604 1200.000000 1.000000
1213.123413 1200.000000 1.000000
1106.612427 1200.000000 1.000000
1608.877686 1200.000000 1.000000
1848.651978 1200.000000 1.000000
1293.255859 1200.000000 1.000000
1132.547363 1200.000000 1.000000
1660.730713 1200.000000 1.000000
1177.562378 1200.000000 1.000000
1820.253174 1200.000000 1.000000
1387.772217 1200.000000 1.000000
1663.197266 1200.000000 1.000000
1278.654419 1200.000000 1.000000
1255.847168 1200.000000 1.000000
1217.409058 1200.000000 1.000000
1004.569702 1200.000000 1.000000
2022.244751 1200.000000 1.000000
1563.989502 1200.000000 1.000000
985.286377 1200.000000 1.000000
1111.899414 1200.000000 1.000000
1173.073120 1200.000000 1.000000
1147.202393 1200.000000 1.000000
1117.772705 1200.000000 1.000000
2434.190186 1200.000000 1.000000
1324.750610 1200.000000 1.000000
1024.240723 1200.000000 1.000000
1692.583008 1200.000000 1.000000
1594.780029 1200.000000 1.000000
1345.354614 1200.000000 1.000000
1944.323608 1200.000000 1.000000
1490.728516 1200.000000 1.000000
1804.596069 1200.000000 1.000000
1166.688843 1200.000000 1.000000
1323.202637 1200.000000 1.000000
1144.329102 1200.000000 1.000000
1061.723511 1200.000000 1.000000
1262.210571 1200.000000 1.000000
1196.681030 1200.000000 1.000000
1549.669800 1200.000000 1.000000
2118.632324 1200.000000 1.000000
1535.348145 1200.000000 1.000000
1428.648315 1200.000000 1.000000
1778.189331 1200.000000 1.000000
1298.340332 1200.000000 1.000000
1532.368164 1200.000000 1.000000
2036.938477 1200.000000 1.000000
862.901306 1200.000000 1.000000
1363.906616 1200.000000 1.000000
1395.843628 1200.000000 1.000000
1279.747314 1200.000000 1.000000
1374.456421 1200.000000 1.000000
1475.546021 1200.000000 1.000000
905.812439 1200.000000 1.000000
1577.341553 1200.000000 1.000000
1900.748535 1200.000000 1.000000
937.266479 1200.000000 1.000000
793.613953 1200.000000 1.000000
632.451843 1200.000000 1.000000
1506.868652 1200.000000 1.000000
1575.833984 1200.000000 1.000000
1250.016968 1200.000000 1.000000
1192.047729 1200.000000 1.000000
1622.919922 1200.000000 1.000000
1171.708130 1200.000000 1.000000
1170.104004 1200.000000 1.000000
2229.713379 1200.000000 1.000000
1176.395752 1200.000000 1.000000
1355.049927 1200.000000 1.000000
743.027771 1200.000000 1.000000
1553.009888 1200.000000 1.000000
1386.413452 1200.000000 1.000000
1392.432495 1200.000000 1.000000
1052.738281 1200.000000 1.000000
856.799133 1200.000000 1.000000
1476.857300 1200.000000 1.000000
1012.337219 1200.000000 1.000000
990.922302 1200.000000 1.000000
1358.664795 1200.000000 1.000000
2798.400879 1200.000000 1.000000
1339.779419 1200.000000 1.000000
1195.660400 1200.000000 1.000000
1884.607666 1200.000000 1.000000
1706.377441 1200.000000 1.000000
2058.010742 1200.000000 1.000000
1144.887695 1200.000000 1.000000
1197.632568 1200.000000 1.000000
1038.458008 1200.000000 1.000000
1541.085083 1200.000000 1.000000
1445.865356 1200.000000 1.000000
1001.434021 1200.000000 1.000000
1913.592285 1200.000000 1.000000
1735.947388 1200.000000 1.000000
1037.270386 1200.000000 1.000000
1098.239014 1200.000000 1.000000
880.128967 1200.000000 1.000000
1211.384155 1200.000000 1.000000
1677.944702 1200.000000 1.000000
1750.813721 1200.000000 1.000000
1313.741333 1200.000000 1.000000
1206.933105 1200.000000 1.000000
2419.915527 1200.000000 1.000000
2010.450195 1200.000000 1.000000
1521.581909 1200.000000 1.000000
1330.749756 1200.000000 1.000000
1227.133911 1200.000000 1.000000
1108.547363 1200.000000 1.000000
1304.226807 1200.000000 1.000000
1025.639404 1200.000000 1.000000
1221.991699 1200.000000 1.000000
1248.499390 1200.000000 1.000000
1034.098022 1200.000000 1.000000
1115.920288 1200.000000 1.000000
1048.216309 1200.000000 1.000000
2017.298828 1200.000000 1.000000
1283.574463 1200.000000 1.000000
1620.565186 1200.000000 1.000000
1178.927002 1200.000000 1.000000
1404.413818 1200.000000 1.000000
1024.010132 1200.000000 1.000000
2647.614990 1200.000000 1.000000
1258.557129 1200.000000 1.000000
1193.069824 1200.000000 1.000000
1379.498413 1200.000000 1.000000
1012.363220 1200.000000 1.000000
1108.500610 1200.000000 1.000000
797.608093 1200.000000 1.000000
908.401855 1200.000000 1.000000
1217.307251 1200.000000 1.000000
1090.855835 1200.000000 1.000000
1302.854858 1200.000000 1.000000
1889.624268 1200.000000 1.000000
1240.092163 1200.000000 1.000000
1189.260742 1200.000000 1.000000
1541.184326 1200.000000 1.000000
1218.443970 1200.000000 1.000000
1173.472778 1200.000000 1.000000
1134.757080 1200.000000 1.000000
1293.825684 1200.000000 1.000000
1192.630737 1200.000000 1.000000
1154.672974 1200.000000 1.000000
1798.190063 1200.000000 1.000000
1125.607544 1200.000000 1.000000
1741.285767 1200.000000 1.000000
1094.421387 1200.000000 1.000000
1061.323242 1200.000000 1.000000
886.607117 1200.000000 1.000000
1683.291382 1200.000000 1.000000
1089.547119 1200.000000 1.000000
2480.900391 1200.000000 1.000000
1617.621948 1200.000000 1.000000
1780.507690 1200.000000 1.000000
1350.948853 1200.000000 1.000000
992.959534 1200.000000 1.000000
1253.708130 1200.000000 1.000000
2756.607910 1200.000000 1.000000
1100.485840 1200.000000 1.000000
1448.958984 1200.000000 1.000000
1626.968872 1200.000000 1.000000
1447.840942 1200.000000 1.000000
1144.387817 1200.000000 1.000000
1692.409424 1200.000000 1.000000
2064.804932 1200.000000 1.000000
2439.096436 1200.000000 1.000000
899.032959 1200.000000 1.000000
1197.588013 1200.000000 1.000000
1337.282959 1200.000000 1.000000
1173.409058 1200.000000 1.000000
2610.720703 1200.000000 1.000000
1056.728516 1200.000000 1.000000
1655.758667 1200.000000 1.000000
1079.877563 1200.000000 1.000000
1401.555664 1200.000000 1.000000
1989.167969 1200.000000 1.000000
3843.322021 1200.000000 1.000000
1736.798096 1200.000000 1.000000
2358.452637 1200.000000 1.000000
1489.902954 1200.000000 1.000000
1372.673340 1200.000000 1.000000
1254.150146 1200.000000 1.000000
1597.685425 1200.000000 1.000000
1123.329590 1200.000000 1.000000
1458.446167 1200.000000 1.000000
1050.682495 1200.000000 1.000000
1398.247803 1200.000000 1.000000
1121.682861 1200.000000 1.000000
1431.019165 1200.000000 1.000000
940.273621 1200.000000 1.000000
2416.794434 1200.000000 1.000000
1391.864380 1200.000000 1.000000
921.471313 1200.000000 1.000000
1353.270508 1200.000000 1.000000
2763.370605 1200.000000 1.000000
1923.996460 1200.000000 1.000000
1209.048096 1200.000000 1.000000
2667.994141 1200.000000 1.000000
1228.776001 1200.000000 1.000000
1614.457153 1200.000000 1.000000
807.291870 1200.000000 1.000000
1241.595581 1200.000000 1.000000
1171.411743 1200.000000 1.000000
952.759583 1200.000000 1.000000
2090.997559 1200.000000 1.000000
891.454651 1200.000000 1.000000
1477.921509 1200.000000 1.000000
906.103882 1200.000000 1.000000
1705.184448 1200.000000 1.000000
1285.606934 1200.000000 1.000000
1087.305908 1200.000000 1.000000
2397.703613 1200.000000 1.000000
976.274780 1200.000000 1.000000
1478.448120 1200.000000 1.000000
1783.532227 1200.000000 1.000000
901.420715 1200.000000 1.000000
1350.669189 1200.000000 1.000000
1368.107056 1200.000000 1.000000
1035.749878 1200.000000 1.000000
1562.901733 1200.000000 1.000000
1232.381348 1200.000000 1.000000
1534.726685 1200.000000 1.000000
1178.881836 1200.000000 1.000000
1318.081177 1200.000000 1.000000
1724.061279 1200.000000 1.000000
1384.758545 1200.000000 1.000000
1150.185791 1200.000000 1.000000
779.538635 1200.000000 1.000000
1337.040649 1200.000000 1.000000
1963.465942 1200.000000 1.000000
1110.200439 1200.000000 1.000000
1170.960449 1200.000000 1.000000
977.533508 1200.000000 1.000000
936.600708 1200.000000 1.000000
1912.011597 1200.000000 1.000000
4998.708745 1200.000000 0.000000
814.549377 1200.000000 0.000000
1413.089026 1200.000000 0.000000
4736.005410 1200.000000 0.000000
1158.282714 1200.000000 0.000000
2424.868072 1200.000000 0.000000
4787.384783 1200.000000 0.000000
3721.526716 1200.000000 0.000000
2700.218292 1200.000000 0.000000
3699.764907 1200.000000 0.000000
3799.718991 1200.000000 0.000000
3293.183072 1200.000000 0.000000
1578.188108 1200.000000 0.000000
4022.015074 1200.000000 0.000000
2598.360576 1200.000000 0.000000
842.862109 1200.000000 0.000000
2377.648652 1200.000000 0.000000
1961.569970 1200.000000 0.000000
1108.338436 1200.000000 0.000000
1065.952295 1200.000000 0.000000
151.676021 1200.000000 0.000000
1667.696249 1200.000000 0.000000
970.744253 1200.000000 0.000000
4718.583904 1200.000000 0.000000
2899.658375 1200.000000 0.000000
4491.524289 1200.000000 0.000000
3327.819657 1200.000000 0.000000
2493.051549 1200.000000 0.000000
2803.141286 1200.000000 0.000000
911.423228 1200.000000 0.000000
1482.627654 1200.000000 0.000000
587.044667 1200.000000 0.000000
314.588329 1200.000000 0.000000
3240.627873 1200.000000 0.000000
3627.092643 1200.000000 0.000000
3185.655791 1200.000000 0.000000
3569.425312 1200.000000 0.000000
497.881216 1200.000000 0.000000
3496.335981 1200.000000 0.000000
539.062349 1200.000000 0.000000
646.213756 1200.000000 0.000000
2512.015193 1200.000000 0.000000
1038.899532 1200.000000 0.000000
1444.551529 1200.000000 0.000000
415.873972 1200.000000 0.000000
640.621077 1200.000000 0.000000
2736.857055 1200.000000 0.000000
411.597998 1200.000000 0.000000
1460.707133 1200.000000 0.000000
4458.118685 1200.000000 0.000000
1135.589195 1200.000000 0.000000
2159.227313 1200.000000 0.000000
703.665004 1200.000000 0.000000
2001.960675 1200.000000 0.000000
3434.734505 1200.000000 0.000000
853.354553 1200.000000 0.000000
2204.104338 1200.000000 0.000000
226.682825 1200.000000 0.000000
1556.482069 1200.000000 0.000000
2530.905257 1200.000000 0.000000
912.054200 1200.000000 0.000000
2555.160077 1200.000000 0.000000
3703.941026 1200.000000 0.000000
1829.943134 1200.000000 0.000000
804.044184 1200.000000 0.000000
2300.533926 1200.000000 0.000000
3139.182358 1200.000000 0.000000
3388.018440 1200.000000 0.000000
3490.982613 1200.000000 0.000000
2392.684339 1200.000000 0.000000
450.537971 1200.000000 0.000000
1693.642609 1200.000000 0.000000
476.068984 1200.000000 0.000000
2182.709819 1200.000000 0.000000
2373.366762 1200.000000 0.000000
2096.229632 1200.000000 0.000000
3887.684260 1200.000000 0.000000
3123.052823 1200.000000 0.000000
4902.182749 1200.000000 0.000000
1852.151006 1200.000000 0.000000
4154.063181 1200.000000 0.000000
704.032237 1200.000000 0.000000
3720.426537 1200.000000 0.000000
4148.698399 1200.000000 0.000000
1955.521592 1200.000000 0.000000
3109.781960 1200.000000 0.000000
1733.497388 1200.000000 0.000000
230.847623 1200.000000 0.000000
3065.331607 1200.000000 0.000000
2836.870240 1200.000000 0.000000
2494.470129 1200.000000 0.000000
3619.010394 1200.000000 0.000000
722.752624 1200.000000 0.000000
211.515817 1200.000000 0.000000
1553.935113 1200.000000 0.000000
608.205769 1200.000000 0.000000
1210.348355 1200.000000 0.000000
1905.294277 1200.000000 0.000000
2200.642686 1200.000000 0.000000
2998.979508 1200.000000 0.000000
3222.873270 1200.000000 0.000000
2163.131083 1200.000000 0.000000
2779.841310 1200.000000 0.000000
3584.205840 1200.000000 0.000000
3211.812574 1200.000000 0.000000
3428.883627 1200.000000 0.000000
480.790731 1200.000000 0.000000
614.667318 1200.000000 0.000000
284.987076 1200.000000 0.000000
4100.360222 1200.000000 0.000000
627.696429 1200.000000 0.000000
1578.725354 1200.000000 0.000000
902.834624 1200.000000 0.000000
711.136097 1200.000000 0.000000
3322.148066 1200.000000 0.000000
3425.946115 1200.000000 0.000000
955.009663 1200.000000 0.000000
2181.715093 1200.000000 0.000000
4822.296123 1200.000000 0.000000
4340.817952 1200.000000 0.000000
654.399827 1200.000000 0.000000
2422.211398 1200.000000 0.000000
1873.272256 1200.000000 0.000000
4502.375611 1200.000000 0.000000
893.283935 1200.000000 0.000000
3398.175653 1200.000000 0.000000
3114.371550 1200.000000 0.000000
4918.279748 1200.000000 0.000000
2203.573899 1200.000000 0.000000
4023.686387 1200.000000 0.000000
4974.225304 1200.000000 0.000000
2707.754807 1200.000000 0.000000
1279.527277 1200.000000 0.000000
3194.728177 1200.000000 0.000000
2879.551352 1200.000000 0.000000
1293.607098 1200.000000 0.000000
957.965006 1200.000000 0.000000
2228.315234 1200.000000 0.000000
746.332547 1200.000000 0.000000
4983.618446 1200.000000 0.000000
608.811111 1200.000000 0.000000
3257.696398 1200.000000 0.000000
138.975489 1200.000000 0.000000
1949.888011 1200.000000 0.000000
4139.565220 1200.000000 0.000000
1419.069536 1200.000000 0.000000
3051.018218 1200.000000 0.000000
1182.063748 1200.000000 0.000000
2054.105251 1200.000000 0.000000
3388.573083 1200.000000 0.000000
4235.632941 1200.000000 0.000000
3246.281139 1200.000000 0.000000
406.913256 1200.000000 0.000000
604.152418 1200.000000 0.000000
2395.996321 1200.000000 0.000000
3889.391788 1200.000000 0.000000
2359.888505 1200.000000 0.000000
4716.687554 1200.000000 0.000000
4904.004962 1200.000000 0.000000
1672.773653 1200.000000 0.000000
1013.339619 1200.000000 0.000000
1714.206170 1200.000000 0.000000
3267.721222 1200.000000 0.000000
3413.793984 1200.000000 0.000000
3049.680699 1200.000000 0.000000
499.635515 1200.000000 0.000000
3831.274905 1200.000000 0.000000
3677.907641 1200.000000 0.000000
1205.695700 1200.000000 0.000000
1315.893556 1200.000000 0.000000
4804.349493 1200.000000 0.000000
2116.978683 1200.000000 0.000000
1680.290729 1200.000000 0.000000
1.247489 1200.000000 0.000000
4344.205083 1200.000000 0.000000
18.765752 1200.000000 0.000000
829.231553 1200.000000 0.000000
59.104206 1200.000000 0.000000
3032.275368 1200.000000 0.000000
3649.860095 1200.000000 0.000000
3069.122785 1200.000000 0.000000
4828.840921 1200.000000 0.000000
2485.491306 1200.000000 0.000000
2649.427014 1200.000000 0.000000
2308.037659 1200.000000 0.000000
3565.168503 1200.000000 0.000000
2899.798838 1200.000000 0.000000
3414.012777 1200.000000 0.000000
4769.607570 1200.000000 0.000000
118.276018 1200.000000 0.000000
1400.550734 1200.000000 0.000000
4347.631767 1200.000000 0.000000
1496.666369 1200.000000 0.000000
1597.768017 1200.000000 0.000000
1504.758544 1200.000000 0.000000
4705.557432 1200.000000 0.000000
4240.635319 1200.000000 0.000000
3766.730647 1200.000000 0.000000
2691.220436 1200.000000 0.000000
2042.406907 1200.000000 0.000000
1061.856580 1200.000000 0.000000
380.702011 1200.000000 0.000000
1449.674541 1200.000000 0.000000
98.909169 1200.000000 0.000000
1206.239497 1200.000000 0.000000
1923.095824 1200.000000 0.000000
2274.534432 1200.000000 0.000000
1869.912605 1200.000000 0.000000
2200.943980 1200.000000 0.000000
589.484039 1200.000000 0.000000
4027.149223 1200.000000 0.000000
824.463207 1200.000000 0.000000
1412.649682 1200.000000 0.000000
863.426997 1200.000000 0.000000
4679.211648 1200.000000 0.000000
3404.765298 1200.000000 0.000000
668.483694 1200.000000 0.000000
1273.806114 1200.000000 0.000000
1997.224380 1200.000000 0.000000
1846.176825 1200.000000 0.000000
3631.809459 1200.000000 0.000000
1389.187297 1200.000000 0.000000
3467.845520 1200.000000 0.000000
2501.773444 1200.000000 0.000000
592.027691 1200.000000 0.000000
756.516675 1200.000000 0.000000
3407.234714 1200.000000 0.000000
3603.329592 1200.000000 0.000000
4898.234695 1200.000000 0.000000
3483.895556 1200.000000 0.000000
2786.050362 1200.000000 0.000000
3404.107409 1200.000000 0.000000
4776.760249 1200.000000 0.000000
2991.044782 1200.000000 0.000000
3852.269476 1200.000000 0.000000
4567.987428 1200.000000 0.000000
3294.793246 1200.000000 0.000000
3354.873067 1200.000000 0.000000
2890.925877 1200.000000 0.000000
4765.196451 1200.000000 0.000000
814.617290 1200.000000 0.000000
1675.284930 1200.000000 0.000000
4759.123520 1200.000000 0.000000
548.308218 1200.000000 0.000000
3096.511515 1200.000000 0.000000
4784.083712 1200.000000 0.000000
4926.215471 1200.000000 0.000000
353.688744 1200.000000 0.000000
2511.651950 1200.000000 0.000000
3403.606130 1200.000000 0.000000
2766.600328 1200.000000 0.000000
2935.027907 1200.000000 0.000000
3458.102808 1200.000000 0.000000
2313.239549 1200.000000 0.000000
2871.271468 1200.000000 0.000000
364.450440 1200.000000 0.000000
3191.332591 1200.000000 0.000000
1938.786441 1200.000000 0.000000
1104.801086 1200.000000 0.000000
11.159012 1200.000000 0.000000
2478.283877 1200.000000 0.000000
956.582616 1200.000000 0.000000
111.325040 1200.000000 0.000000
4517.945104 1200.000000 0.000000
3693.140877 1200.000000 0.000000
2222.654449 1200.000000 0.000000
2088.511216 1200.000000 0.000000
3804.305611 1200.000000 0.000000
2188.766111 1200.000000 0.000000
954.914307 1200.000000 0.000000
2885.564812 1200.000000 0.000000
663.441715 1200.000000 0.000000
1589.121735 1200.000000 0.000000
2434.582451 1200.000000 0.000000
4695.455346 1200.000000 0.000000
4669.731404 1200.000000 0.000000
368.300675 1200.000000 0.000000
3062.181476 1200.000000 0.000000
2573.743622 1200.000000 0.000000
3123.317908 1200.000000 0.000000
653.226310 1200.000000 0.000000
3226.052204 1200.000000 0.000000
670.742752 1200.000000 0.000000
3264.629840 1200.000000 0.000000
1326.050046 1200.000000 0.000000
1909.026343 1200.000000 0.000000
2951.075302 1200.000000 0.000000
3348.520411 1200.000000 0.000000
2771.662400 1200.000000 0.000000
97.523801 1200.000000 0.000000
921.734812 1200.000000 0.000000
4955.902311 1200.000000 0.000000
2868.388819 1200.000000 0.000000
3188.810427 1200.000000 0.000000
2974.287989 1200.000000 0.000000
2576.223441 1200.000000 0.000000
1653.467546 1200.000000 0.000000
1983.712248 1200.000000 0.000000
4419.827402 1200.000000 0.000000
3857.426330 1200.000000 0.000000
2995.376904 1200.000000 0.000000
123.633149 1200.000000 0.000000
61.293948 1200.000000 0.000000
3492.261597 1200.000000 0.000000
1329.955045 1200.000000 0.000000
3683.503607 1200.000000 0.000000
4999.863094 1200.000000 0.000000
3748.961578 1200.000000 0.000000
2424.777945 1200.000000 0.000000
4118.502643 1200.000000 0.000000
3113.885449 1200.000000 0.000000
4512.560470 1200.000000 0.000000
282.525644 1200.000000 0.000000
3695.386946 1200.000000 0.000000
1880.881099 1200.000000 0.000000
184.003825 1200.000000 0.000000
3880.991093 1200.000000 0.000000
4186.770931 1200.000000 0.000000
1725.409651 1200.000000 0.000000
409.213238 1200.000000 0.000000
1113.107724 1200.000000 0.000000
762.381593 1200.000000 0.000000
2005.885977 1200.000000 0.000000
2658.063041 1200.000000 0.000000
4058.533009 1200.000000 0.000000
203.887831 1200.000000 0.000000
589.445041 1200.000000 0.000000
2875.949827 1200.000000 0.000000
4161.811038 1200.000000 0.000000
1023.209264 1200.000000 0.000000
1193.608865 1200.000000 0.000000
4984.643498 1200.000000 0.000000
1292.952978 1200.000000 0.000000
4460.279838 1200.000000 0.000000
4234.298941 1200.000000 0.000000
1532.918531 1200.000000 0.000000
166.812459 1200.000000 0.000000
3532.102492 1200.000000 0.000000
968.078041 1200.000000 0.000000
2544.890688 1200.000000 0.000000
107.725734 1200.000000 0.000000
3363.663966 1200.000000 0.000000
4067.812222 1200.000000 0.000000
4036.420260 1200.000000 0.000000
2407.634216 1200.000000 0.000000
2687.595476 1200.000000 0.000000
3904.243031 1200.000000 0.000000
1679.244541 1200.000000 0.000000
3496.296856 1200.000000 0.000000
2129.276497 1200.000000 0.000000
4126.203316 1200.000000 0.000000
4728.068459 1200.000000 0.000000
2774.206251 1200.000000 0.000000
3552.475942 1200.000000 0.000000
1891.801829 1200.000000 0.000000
3241.693653 1200.000000 0.000000
228.363584 1200.000000 0.000000
777.386617 1200.000000 0.000000
4426.769838 1200.000000 0.000000
3607.828623 1200.000000 0.000000
4808.336007 1200.000000 0.000000
2151.504426 1200.000000 0.000000
660.156769 1200.000000 0.000000
2196.656044 1200.000000 0.000000
2335.938681 1200.000000 0.000000
2050.416083 1200.000000 0.000000
1385.983555 1200.000000 0.000000
1392.547796 1200.000000 0.000000
4773.104029 1200.000000 0.000000
4021.787457 1200.000000 0.000000
4842.552331 1200.000000 0.000000
4998.613957 1200.000000 0.000000
4735.801416 1200.000000 0.000000
1242.755688 1200.000000 0.000000
33.524930 1200.000000 0.000000
2223.636576 1200.000000 0.000000
3370.243891 1200.000000 0.000000
2482.401804 1200.000000 0.000000
105.046250 1200.000000 0.000000
4158.816109 1200.000000 0.000000
542.729261 1200.000000 0.000000
465.758197 1200.000000 0.000000
4451.028202 1200.000000 0.000000
2229.726053 1200.000000 0.000000
4534.533842 1200.000000 0.000000
2770.199105 1200.000000 0.000000
3797.171747 1200.000000 0.000000
4077.756919 1200.000000 0.000000
2664.842514 1200.000000 0.000000
275.675731 1200.000000 0.000000
269.928271 1200.000000 0.000000
4495.940951 1200.000000 0.000000
734.536869 1200.000000 0.000000
2413.236571 1200.000000 0.000000
336.514905 1200.000000 0.000000
1405.809323 1200.000000 0.000000
4664.245826 1200.000000 0.000000
2536.589665 1200.000000 0.000000
2822.515072 1200.000000 0.000000
4003.566001 1200.000000 0.000000
3229.437494 1200.000000 0.000000
1546.097489 1200.000000 0.000000
239.033033 1200.000000 0.000000
1259.829149 1200.000000 0.000000
3569.405711 1200.000000 0.000000
3354.970086 1200.000000 0.000000
3026.428799 1200.000000 0.000000
741.359496 1200.000000 0.000000
3976.251748 1200.000000 0.000000
3326.386766 1200.000000 0.000000
4271.510214 1200.000000 0.000000
4052.668384 1200.000000 0.000000
355.719919 1200.000000 0.000000
343.967839 1200.000000 0.000000
4452.332866 1200.000000 0.000000
3790.229784 1200.000000 0.000000
351.552936 1200.000000 0.000000
4260.472390 1200.000000 0.000000
3876.784508 1200.000000 0.000000
3424.476013 1200.000000 0.000000
1172.763936 1200.000000 0.000000
2307.878472 1200.000000 0.000000
4682.177287 1200.000000 0.000000
3324.732095 1200.000000 0.000000
2298.397949 1200.000000 0.000000
4439.117552 1200.000000 0.000000
2873.111303 1200.000000 0.000000
150.843117 1200.000000 0.000000
3836.773604 1200.000000 0.000000
1727.392776 1200.000000 0.000000
3045.615717 1200.000000 0.000000
1087.714352 1200.000000 0.000000
3218.802804 1200.000000 0.000000
2856.963243 1200.000000 0.000000
4011.555244 1200.000000 0.000000
4811.677736 1200.000000 0.000000
2008.849279 1200.000000 0.000000
4982.767090 1200.000000 0.000000
3729.729058 1200.000000 0.000000
2242.055917 1200.000000 0.000000
1978.921402 1200.000000 0.000000
616.949630 1200.000000 0.000000
2663.074564 1200.000000 0.000000
4166.898011 1200.000000 0.000000
4588.365648 1200.000000 0.000000
4128.037833 1200.000000 0.000000
2229.576998 1200.000000 0.000000
1335.681006 1200.000000 0.000000
3321.994498 1200.000000 0.000000
3834.303471 1200.000000 0.000000
3329.841375 1200.000000 0.000000
2519.775525 1200.000000 0.000000
4175.768509 1200.000000 0.000000
3112.026893 1200.000000 0.000000
2287.694591 1200.000000 0.000000
2774.916389 1200.000000 0.000000
1829.068550 1200.000000 0.000000
3281.511156 1200.000000 0.000000
4585.193347 1200.000000 0.000000
1380.272957 1200.000000 0.000000
606.072207 1200.000000 0.000000
4830.891270 1200.000000 0.000000
3487.195042 1200.000000 0.000000
2217.738947 1200.000000 0.000000
3150.979121 1200.000000 0.000000
1841.733374 1200.000000 0.000000
1190.959781 1200.000000 0.000000
1501.369103 1200.000000 0.000000
3551.660859 1200.000000 0.000000
237.374190 1200.000000 0.000000
2462.627217 1200.000000 0.000000
406.269899 1200.000000 0.000000
610.083910 1200.000000 0.000000
4965.510900 1200.000000 0.000000
1775.455136 1200.000000 0.000000
3824.318653 1200.000000 0.000000
4520.497714 1200.000000 0.000000
1980.548063 1200.000000 0.000000
4085.674281 1200.000000 0.000000
1744.871108 1200.000000 0.000000
1330.968168 1200.000000 0.000000
1837.509788 1200.000000 0.000000
3761.581066 1200.000000 0.000000
2939.000119 1200.000000 0.000000
2447.105474 1200.000000 0.000000
3367.370304 1200.000000 0.000000
1641.480696 1200.000000 0.000000
4269.729196 1200.000000 0.000000
4161.903682 1200.000000 0.000000
797.943432 1200.000000 0.000000
1612.055108 1200.000000 0.000000
4750.868536 1200.000000 0.000000
476.883560 1200.000000 0.000000
1155.099276 1200.000000 0.000000
4303.038762 1200.000000 0.000000
1798.135961 1200.000000 0.000000
4924.218495 1200.000000 0.000000
159.878340 1200.000000 0.000000
4143.249572 1200.000000 0.000000
2584.047448 1200.000000 0.000000
2447.039618 1200.000000 0.000000
4819.886490 1200.000000 0.000000
4800.658695 1200.000000 0.000000
3409.083955 1200.000000 0.000000
4303.940844 1200.000000 0.000000
2279.146408 1200.000000 0.000000
1661.953279 1200.000000 0.000000
295.749021 1200.000000 0.000000
2261.229884 1200.000000 0.000000
1086.771080 1200.000000 0.000000
1728.037200 1200.000000 0.000000
2749.859967 1200.000000 0.000000
1588.111258 1200.000000 0.000000
4464.882213 1200.000000 0.000000
2450.227252 1200.000000 0.000000
1282.395048 1200.000000 0.000000
4844.993191 1200.000000 0.000000
4553.182324 1200.000000 0.000000
1133.587989 1200.000000 0.000000
1639.142861 1200.000000 0.000000
1433.510450 1200.000000 0.000000
712.575272 1200.000000 0.000000
496.408696 1200.000000 0.000000
961.662045 1200.000000 0.000000
1541.884346 1200.000000 0.000000
4357.079795 1200.000000 0.000000
1955.743929 1200.000000 0.000000
3943.304410 1200.000000 0.000000
1004.080203 1200.000000 0.000000
4932.379795 1200.000000 0.000000
4414.310629 1200.000000 0.000000
549.312255 1200.000000 0.000000
1771.416275 1200.000000 0.000000
2778.713410 1200.000000 0.000000
3453.492289 1200.000000 0.000000
3219.078761 1200.000000 0.000000
1815.521425 1200.000000 0.000000
394.313555 1200.000000 0.000000
1004.102069 1200.000000 0.000000
3584.867651 1200.000000 0.000000
3721.768729 1200.000000 0.000000
3838.182151 1200.000000 0.000000
1227.212253 1200.000000 0.000000
3340.045596 1200.000000 0.000000
4434.946886 1200.000000 0.000000
1834.249654 1200.000000 0.000000
2657.783140 1200.000000 0.000000
2514.219894 1200.000000 0.000000
1572.718348 1200.000000 0.000000
3112.706821 1200.000000 0.000000
99.519291 1200.000000 0.000000
3381.775672 1200.000000 0.000000
2149.093108 1200.000000 0.000000
1164.176059 1200.000000 0.000000
4938.097285 1200.000000 0.000000
1532.860677 1200.000000 0.000000
2473.185188 1200.000000 0.000000
3743.074466 1200.000000 0.000000
4459.217804 1200.000000 0.000000
226.427480 1200.000000 0.000000
2137.805360 1200.000000 0.000000
1134.892212 1200.000000 0.000000
2420.364926 1200.000000 0.000000
823.228150 1200.000000 0.000000
449.037441 1200.000000 0.000000
1921.318687 1200.000000 0.000000
119.177361 1200.000000 0.000000
1648.672734 1200.000000 0.000000
2656.153679 1200.000000 0.000000
2383.416804 1200.000000 0.000000
4387.412368 1200.000000 0.000000
2277.508138 1200.000000 0.000000
2486.512475 1200.000000 0.000000
1980.921503 1200.000000 0.000000
4430.623640 1200.000000 0.000000
3680.350460 1200.000000 0.000000
544.587976 1200.000000 0.000000
1989.609511 1200.000000 0.000000
4212.875105 1200.000000 0.000000
4131.001600 1200.000000 0.000000
4683.275827 1200.000000 0.000000
1227.948051 1200.000000 0.000000
3198.443082 1200.000000 0.000000
2466.675155 1200.000000 0.000000
367.247534 1200.000000 0.000000
3900.690506 1200.000000 0.000000
210.560616 1200.000000 0.000000
3505.582383 1200.000000 0.000000
4702.616334 1200.000000 0.000000
3502.740852 1200.000000 0.000000
3883.801359 1200.000000 0.000000
963.712904 1200.000000 0.000000
34.626344 1200.000000 0.000000
4214.918128 1200.000000 0.000000
4596.620882 1200.000000 0.000000
1210.416344 1200.000000 0.000000
950.503370 1200.000000 0.000000
3675.423195 1200.000000 0.000000
822.611594 1200.000000 0.000000
4951.532250 1200.000000 0.000000
4914.239699 1200.000000 0.000000
3285.847694 1200.000000 0.000000
93.868221 1200.000000 0.000000
3797.982412 1200.000000 0.000000
1787.838053 1200.000000 0.000000
2545.081719 1200.000000 0.000000
3694.498405 1200.000000 0.000000
2839.615818 1200.000000 0.000000
1445.283170 1200.000000 0.000000
2075.085702 1200.000000 0.000000
4905.272806 1200.000000 0.000000
1829.422395 1200.000000 0.000000
2589.391307 1200.000000 0.000000
4221.045109 1200.000000 0.000000
4840.613264 1200.000000 0.000000
1294.472642 1200.000000 0.000000
2391.552204 1200.000000 0.000000
2186.704932 1200.000000 0.000000
1896.990003 1200.000000 0.000000
1015.409419 1200.000000 0.000000
2754.103742 1200.000000 0.000000
1277.713613 1200.000000 0.000000
2750.490153 1200.000000 0.000000
4352.389695 1200.000000 0.000000
1206.151068 1200.000000 0.000000
785.541188 1200.000000 0.000000
1091.304137 1200.000000 0.000000
581.388687 1200.000000 0.000000
3745.091377 1200.000000 0.000000
791.453293 1200.000000 0.000000
2381.769533 1200.000000 0.000000
2726.636617 1200.000000 0.000000
4394.890607 1200.000000 0.000000
85.721085 1200.000000 0.000000
2714.909937 1200.000000 0.000000
1590.090408 1200.000000 0.000000
3944.026714 1200.000000 0.000000
4358.606871 1200.000000 0.000000
3692.452047 1200.000000 0.000000
461.665073 1200.000000 0.000000
1506.993215 1200.000000 0.000000
3185.516432 1200.000000 0.000000
2857.821357 1200.000000 0.000000
3564.051710 1200.000000 0.000000
3221.446211 1200.000000 0.000000
1152.380039 1200.000000 0.000000
4858.477932 1200.000000 0.000000
4830.797141 1200.000000 0.000000
1459.419543 1200.000000 0.000000
876.429089 1200.000000 0.000000
1564.412761 1200.000000 0.000000
4923.256399 1200.000000 0.000000
2841.956771 1200.000000 0.000000
4222.342819 1200.000000 0.000000
722.169540 1200.000000 0.000000
2299.703048 1200.000000 0.000000
3039.489526 1200.000000 0.000000
920.613526 1200.000000 0.000000
1714.027465 1200.000000 0.000000
3032.164988 1200.000000 0.000000
4190.982927 1200.000000 0.000000
930.942589 1200.000000 0.000000
151.372345 1200.000000 0.000000
1536.959289 1200.000000 0.000000
626.430145 1200.000000 0.000000
1351.974824 1200.000000 0.000000
4370.807403 1200.000000 0.000000
1852.547787 1200.000000 0.000000
4471.166850 1200.000000 0.000000
2039.978369 1200.000000 0.000000
4409.392343 1200.000000 0.000000
3239.756192 1200.000000 0.000000
1184.933637 1200.000000 0.000000
2644.036679 1200.000000 0.000000
1468.657712 1200.000000 0.000000
471.602126 1200.000000 0.000000
4672.693129 1200.000000 0.000000
608.396662 1200.000000 0.000000
1748.408802 1200.000000 0.000000
335.134289 1200.000000 0.000000
3210.983846 1200.000000 0.000000
3462.235688 1200.000000 0.000000
1674.633666 1200.000000 0.000000
1871.220968 1200.000000 0.000000
1569.425256 1200.000000 0.000000
2693.691473 1200.000000 0.000000
492.962615 1200.000000 0.000000
2452.571127 1200.000000 0.000000
1643.678352 1200.000000 0.000000
3548.628968 1200.000000 0.000000
4408.490148 1200.000000 0.000000
1965.002405 1200.000000 0.000000
4271.216365 1200.000000 0.000000
2318.882965 1200.000000 0.000000
2635.281949 1200.000000 0.000000
2466.549462 1200.000000 0.000000
1338.921681 1200.000000 0.000000
2915.387381 1200.000000 0.000000
286.757083 1200.000000 0.000000
4796.681842 1200.000000 0.000000
3857.085867 1200.000000 0.000000
213.592316 1200.000000 0.000000
2492.166844 1200.000000 0.000000
261.471351 1200.000000 0.000000
2807.757248 1200.000000 0.000000
4801.809547 1200.000000 0.000000
3099.086570 1200.000000 0.000000
2643.141841 1200.000000 0.000000
3491.175893 1200.000000 0.000000
930.810208 1200.000000 0.000000
2769.990838 1200.000000 0.000000
3330.601458 1200.000000 0.000000
763.655243 1200.000000 0.000000
4743.750787 1200.000000 0.000000
934.128945 1200.000000 0.000000
2902.563320 1200.000000 0.000000
4255.122208 1200.000000 0.000000
534.329218 1200.000000 0.000000
3379.308684 1200.000000 0.000000
3980.226200 1200.000000 0.000000
3288.230515 1200.000000 0.000000
46.747619 1200.000000 0.000000
1031.337939 1200.000000 0.000000
3182.101840 1200.000000 0.000000
191.282302 1200.000000 0.000000
3388.551251 1200.000000 0.000000
3389.589627 1200.000000 0.000000
3358.421343 1200.000000 0.000000
1981.588580 1200.000000 0.000000
3307.985237 1200.000000 0.000000
3166.801917 1200.000000 0.000000
4810.621194 1200.000000 0.000000
4963.557089 1200.000000 0.000000
496.724132 1200.000000 0.000000
339.466371 1200.000000 0.000000
2130.065758 1200.000000 0.000000
4735.227511 1200.000000 0.000000
3541.630047 1200.000000 0.000000
2334.089231 1200.000000 0.000000
224.181443 1200.000000 0.000000
3742.904608 1200.000000 0.000000
3391.853472 1200.000000 0.000000
1054.606716 1200.000000 0.000000
1992.451531 1200.000000 0.000000
4768.377923 1200.000000 0.000000
144.511424 1200.000000 0.000000
4678.832847 1200.000000 0.000000
4234.652368 1200.000000 0.000000
3313.800879 1200.000000 0.000000
4339.554517 1200.000000 0.000000
3261.796618 1200.000000 0.000000
2264.024701 1200.000000 0.000000
1526.144912 1200.000000 0.000000
1760.174935 1200.000000 0.000000
1398.217011 1200.000000 0.000000
1180.227970 1200.000000 0.000000
135.017304 1200.000000 0.000000
3260.311943 1200.000000 0.000000
3560.001133 1200.000000 0.000000
3099.654334 1200.000000 0.000000
627.195388 1200.000000 0.000000
2263.949817 1200.000000 0.000000
4611.657548 1200.000000 0.000000
604.221796 1200.000000 0.000000
2019.044873 1200.000000 0.000000
1301.452230 1200.000000 0.000000
3894.218192 1200.000000 0.000000
3339.205998 1200.000000 0.000000
133.947186 1200.000000 0.000000
2456.661504 1200.000000 0.000000
4575.304438 1200.000000 0.000000
3520.126733 1200.000000 0.000000
3141.004265 1200.000000 0.000000
2891.692333 1200.000000 0.000000
3145.782078 1200.000000 0.000000
3652.053245 1200.000000 0.000000
3206.591670 1200.000000 0.000000
2318.546673 1200.000000 0.000000
3071.456196 1200.000000 0.000000
1272.353278 1200.000000 0.000000
4043.413459 1200.000000 0.000000
1144.918652 1200.000000 0.000000
2252.389981 1200.000000 0.000000
4371.175709 1200.000000 0.000000
1013.869529 1200.000000 0.000000
2618.555961 1200.000000 0.000000
632.591329 1200.000000 0.000000
2897.014495 1200.000000 0.000000
1309.423352 1200.000000 0.000000
1038.845285 1200.000000 0.000000
2764.190801 1200.000000 0.000000
4256.976820 1200.000000 0.000000
2567.972187 1200.000000 0.000000
2791.299223 1200.000000 0.000000
3330.742677 1200.000000 0.000000
4994.873285 1200.000000 0.000000
891.370372 1200.000000 0.000000
583.698179 1200.000000 0.000000
342.127716 1200.000000 0.000000
3113.566887 1200.000000 0.000000
1572.414752 1200.000000 0.000000
4449.139666 1200.000000 0.000000
4032.388300 1200.000000 0.000000
2149.584745 1200.000000 0.000000
2623.477288 1200.000000 0.000000
2263.377651 1200.000000 0.000000
3153.715607 1200.000000 0.000000
2832.972427 1200.000000 0.000000
4794.303316 1200.000000 0.000000
4540.261432 1200.000000 0.000000
3504.491311 1200.000000 0.000000
1885.126921 1200.000000 0.000000
3418.981129 1200.000000 0.000000
990.442311 1200.000000 0.000000
3087.003496 1200.000000 0.000000
2068.630792 1200.000000 0.000000
4117.942083 1200.000000 0.000000
3777.889740 1200.000000 0.000000
3515.486586 1200.000000 0.000000
1821.471389 1200.000000 0.000000
4098.934931 1200.000000 0.000000
3757.908817 1200.000000 0.000000
243.847545 1200.000000 0.000000
2642.845016 1200.000000 0.000000
3083.740962 1200.000000 0.000000
1354.714155 1200.000000 0.000000
4004.208733 1200.000000 0.000000
1175.871113 1200.000000 0.000000
4518.932762 1200.000000 0.000000
1294.007846 1200.000000 0.000000
956.682062 1200.000000 0.000000
62.051710 1200.000000 0.000000
4267.069991 1200.000000 0.000000
3105.043558 1200.000000 0.000000
4279.309656 1200.000000 0.000000
700.531005 1200.000000 0.000000
4363.439820 1200.000000 0.000000
3544.198677 1200.000000 0.000000
463.204946 1200.000000 0.000000
103.752097 1200.000000 0.000000
3913.182592 1200.000000 0.000000
150.412618 1200.000000 0.000000
2523.053160 1200.000000 0.000000
408.110891 1200.000000 0.000000
3867.468724 1200.000000 0.000000
4362.886408 1200.000000 0.000000
4400.156240 1200.000000 0.000000
4417.621496 1200.000000 0.000000
4362.136641 1200.000000 0.000000
2293.611127 1200.000000 0.000000
4511.494206 1200.000000 0.000000
2739.524759 1200.000000 0.000000
279.942176 1200.000000 0.000000
2955.899439 1200.000000 0.000000
2819.708547 1200.000000 0.000000
3880.650379 1200.000000 0.000000
1477.848892 1200.000000 0.000000
204.268267 1200.000000 0.000000
1992.835916 1200.000000 0.000000
1411.373101 1200.000000 0.000000
4033.581605 1200.000000 0.000000
2535.796810 1200.000000 0.000000
3440.754823 1200.000000 0.000000
2473.320202 1200.000000 0.000000
2272.730202 1200.000000 0.000000
2107.400456 1200.000000 0.000000
196.258664 1200.000000 0.000000
455.981016 1200.000000 0.000000
1969.076546 1200.000000 0.000000
676.865974 1200.000000 0.000000
4843.252915 1200.000000 0.000000
4058.380554 1200.000000 0.000000
1629.827055 1200.000000 0.000000
4809.995890 1200.000000 0.000000
501.406010 1200.000000 0.000000
514.623062 1200.000000 0.000000
1536.295452 1200.000000 0.000000
1668.410298 1200.000000 0.000000
4289.830668 1200.000000 0.000000
2614.608681 1200.000000 0.000000
3077.500205 1200.000000 0.000000
4907.793419 1200.000000 0.000000
3987.423693 1200.000000 0.000000
994.048371 1200.000000 0.000000
2283.520951 1200.000000 0.000000
2854.853985 1200.000000 0.000000
1074.543482 1200.000000 0.000000
3432.166571 1200.000000 0.000000
1393.010576 1200.000000 0.000000
898.699241 1200.000000 0.000000
1987.489731 1200.000000 0.000000
814.294675 1200.000000 0.000000
4013.108810 1200.000000 0.000000
418.229566 1200.000000 0.000000
3191.353761 1200.000000 0.000000
1154.282592 1200.000000 0.000000
2900.471897 1200.000000 0.000000
4321.462569 1200.000000 0.000000
4663.691436 1200.000000 0.000000
4106.965618 1200.000000 0.000000
2402.952363 1200.000000 0.000000
3181.865079 1200.000000 0.000000
907.543279 1200.000000 0.000000
2346.002506 1200.000000 0.000000
1546.382206 1200.000000 0.000000
3344.052156 1200.000000 0.000000
3611.705806 1200.000000 0.000000
2874.283345 1200.000000 0.000000
2639.272565 1200.000000 0.000000
4046.157793 1200.000000 0.000000
4934.413307 1200.000000 0.000000
1619.302480 1200.000000 0.000000
3031.982294 1200.000000 0.000000
3797.794828 1200.000000 0.000000
3954.840901 1200.000000 0.000000
349.649071 1200.000000 0.000000
2752.327070 1200.000000 0.000000
46.491412 1200.000000 0.000000
3923.147374 1200.000000 0.000000
3445.220572 1200.000000 0.000000
4817.940454 1200.000000 0.000000
2582.207988 1200.000000 0.000000
1785.891523 1200.000000 0.000000
2411.684459 1200.000000 0.000000
2149.798010 1200.000000 0.000000
4981.530737 1200.000000 0.000000
3005.880055 1200.000000 0.000000
3925.021035 1200.000000 0.000000
4852.710606 1200.000000 0.000000
2439.272745 1200.000000 0.000000
474.633761 1200.000000 0.000000
4896.658866 1200.000000 0.000000
604.388696 1200.000000 0.000000
3151.301681 1200.000000 0.000000
971.237698 1200.000000 0.000000
1065.408515 1200.000000 0.000000
72.993899 1200.000000 0.000000
1833.355575 1200.000000 0.000000
1700.503887 1200.000000 0.000000
3608.931737 1200.000000 0.000000
1837.665563 1200.000000 0.000000
105.167686 1200.000000 0.000000
658.439962 1200.000000 0.000000
2933.798379 1200.000000 0.000000
3668.023201 1200.000000 0.000000
4318.175754 1200.000000 0.000000
684.973228 1200.000000 0.000000
262.134889 1200.000000 0.000000
2031.117042 1200.000000 0.000000
1208.284735 1200.000000 0.000000
2362.253515 1200.000000 0.000000
4361.079896 1200.000000 0.000000
2273.596163 1200.000000 0.000000
357.895348 1200.000000 0.000000
1570.306221 1200.000000 0.000000
2464.115571 1200.000000 0.000000
3708.605669 1200.000000 0.000000
3473.918317 1200.000000 0.000000
4914.339359 1200.000000 0.000000
1598.740686 1200.000000 0.000000
4021.018520 1200.000000 0.000000
267.339076 1200.000000 0.000000
3730.776741 1200.000000 0.000000
1517.374654 1200.000000 0.000000
465.407569 1200.000000 0.000000
4672.658321 1200.000000 0.000000
3734.340931 1200.000000 0.000000
500.242357 1200.000000 0.000000
3601.482540 1200.000000 0.000000
1053.768699 1200.000000 0.000000
4815.483748 1200.000000 0.000000
3745.947056 1200.000000 0.000000
3698.109660 1200.000000 0.000000
2550.361636 1200.000000 0.000000
436.464932 1200.000000 0.000000
3250.102347 1200.000000 0.000000
411.824248 1200.000000 0.000000
3634.603727 1200.000000 0.000000
2663.091327 1200.000000 0.000000
3746.529332 1200.000000 0.000000
4306.334700 1200.000000 0.000000
173.497241 1200.000000 0.000000
465.612292 1200.000000 0.000000
3276.285476 1200.000000 0.000000
4797.589236 1200.000000 0.000000
2435.286155 1200.000000 0.000000
4299.478724 1200.000000 0.000000
423.972105 1200.000000 0.000000
3592.708575 1200.000000 0.000000
4254.591640 1200.000000 0.000000
4094.423908 1200.000000 0.000000
3581.372299 1200.000000 0.000000
2041.119649 1200.000000 0.000000
3182.928350 1200.000000 0.000000
2619.193515 1200.000000 0.000000
1860.194362 1200.000000 0.000000
1767.130484 1200.000000 0.000000
2990.245235 1200.000000 0.000000
487.434373 1200.000000 0.000000
1381.765191 1200.000000 0.000000
