408.888214 400.000000 1.000000
400.299622 400.000000 1.000000
374.178101 400.000000 1.000000
755.957397 400.000000 1.000000
408.765106 400.000000 1.000000
722.569580 400.000000 1.000000
679.797852 400.000000 1.000000
317.200012 400.000000 1.000000
545.099426 400.000000 1.000000
506.222534 400.000000 1.000000
767.191711 400.000000 1.000000
576.368652 400.000000 1.000000
1067.880005 400.000000 1.000000
794.918579 400.000000 1.000000
391.873901 400.000000 1.000000
391.465881 400.000000 1.000000
358.248352 400.000000 1.000000
340.372742 400.000000 1.000000
350.354034 400.000000 1.000000
1093.592041 400.000000 1.000000
715.775269 400.000000 1.000000
706.553894 400.000000 1.000000
561.266907 400.000000 1.000000
427.129364 400.000000 1.000000
1027.113281 400.000000 1.000000
606.103210 400.000000 1.000000
659.207153 400.000000 1.000000
535.329529 400.000000 1.000000
714.171387 400.000000 1.000000
418.777527 400.000000 1.000000
476.733887 400.000000 1.000000
379.877197 400.000000 1.000000
329.637421 400.000000 1.000000
409.625458 400.000000 1.000000
998.788147 400.000000 1.000000
770.072937 400.000000 1.000000
436.823853 400.000000 1.000000
345.748871 400.000000 1.000000
1148.024658 400.000000 1.000000
381.477631 400.000000 1.000000
596.091980 400.000000 1.000000
681.363586 400.000000 1.000000
646.207458 400.000000 1.000000
583.627075 400.000000 1.000000
380.238678 400.000000 1.000000
362.623779 400.000000 1.000000
499.828918 400.000000 1.000000
376.449158 400.000000 1.000000
536.593262 400.000000 1.000000
388.494781 400.000000 1.000000
368.014404 400.000000 1.000000
1151.624512 400.000000 1.000000
1143.719116 400.000000 1.000000
364.933350 400.000000 1.000000
807.105347 400.000000 1.000000
437.101715 400.000000 1.000000
390.964722 400.000000 1.000000
422.925446 400.000000 1.000000
367.904266 400.000000 1.000000
2670.046387 400.000000 1.000000
414.206665 400.000000 1.000000
690.315308 400.000000 1.000000
343.023346 400.000000 1.000000
399.686432 400.000000 1.000000
774.411499 400.000000 1.000000
1246.266968 400.000000 1.000000
726.231384 400.000000 1.000000
425.731262 400.000000 1.000000
324.794952 400.000000 1.000000
359.409821 400.000000 1.000000
346.337677 400.000000 1.000000
367.722229 400.000000 1.000000
543.590942 400.000000 1.000000
569.301758 400.000000 1.000000
540.383972 400.000000 1.000000
1032.470703 400.000000 1.000000
702.721619 400.000000 1.000000
520.899048 400.000000 1.000000
657.589050 400.000000 1.000000
1041.144287 400.000000 1.000000
405.517395 400.000000 1.000000
442.901672 400.000000 1.000000
704.869080 400.000000 1.000000
382.311371 400.000000 1.000000
384.993256 400.000000 1.000000
565.767639 400.000000 1.000000
487.250610 400.000000 1.000000
383.836853 400.000000 1.000000
432.089417 400.000000 1.000000
807.105225 400.000000 1.000000
1992.951294 400.000000 1.000000
659.853333 400.000000 1.000000
723.317078 400.000000 1.000000
364.910126 400.000000 1.000000
748.939453 400.000000 1.000000
406.417175 400.000000 1.000000
805.318970 400.000000 1.000000
580.362793 400.000000 1.000000
309.450989 400.000000 1.000000
485.529175 400.000000 1.000000
584.319519 400.000000 1.000000
453.870758 400.000000 1.000000
441.529266 400.000000 1.000000
637.969604 400.000000 1.000000
676.141602 400.000000 1.000000
1019.940613 400.000000 1.000000
352.967682 400.000000 1.000000
905.400940 400.000000 1.000000
470.164734 400.000000 1.000000
513.748230 400.000000 1.000000
422.545776 400.000000 1.000000
601.346863 400.000000 1.000000
623.365112 400.000000 1.000000
358.434418 400.000000 1.000000
670.707703 400.000000 1.000000
341.449097 400.000000 1.000000
645.705322 400.000000 1.000000
400.207520 400.000000 1.000000
391.852814 400.000000 1.000000
514.220947 400.000000 1.000000
321.289459 400.000000 1.000000
378.634003 400.000000 1.000000
336.598572 400.000000 1.000000
555.186340 400.000000 1.000000
496.804016 400.000000 1.000000
643.737671 400.000000 1.000000
1378.831421 400.000000 1.000000
789.025574 400.000000 1.000000
607.331665 400.000000 1.000000
657.533447 400.000000 1.000000
703.402588 400.000000 1.000000
354.576996 400.000000 1.000000
337.139191 400.000000 1.000000
502.421021 400.000000 1.000000
553.489319 400.000000 1.000000
503.000214 400.000000 1.000000
393.716461 400.000000 1.000000
397.513214 400.000000 1.000000
555.572937 400.000000 1.000000
847.295410 400.000000 1.000000
1056.738770 400.000000 1.000000
1061.089478 400.000000 1.000000
296.770569 400.000000 1.000000
373.446899 400.000000 1.000000
448.260742 400.000000 1.000000
486.273621 400.000000 1.000000
577.269043 400.000000 1.000000
356.505096 400.000000 1.000000
1037.623779 400.000000 1.000000
395.443695 400.000000 1.000000
620.493347 400.000000 1.000000
490.352600 400.000000 1.000000
566.465698 400.000000 1.000000
503.225494 400.000000 1.000000
485.198486 400.000000 1.000000
829.647461 400.000000 1.000000
697.221375 400.000000 1.000000
340.600708 400.000000 1.000000
406.360687 400.000000 1.000000
594.169495 400.000000 1.000000
841.695496 400.000000 1.000000
542.893311 400.000000 1.000000
412.365814 400.000000 1.000000
440.498871 400.000000 1.000000
730.599182 400.000000 1.000000
635.575806 400.000000 1.000000
337.174133 400.000000 1.000000
1361.343262 400.000000 1.000000
938.009094 400.000000 1.000000
677.779480 400.000000 1.000000
928.120789 400.000000 1.000000
386.170197 400.000000 1.000000
3000.459961 400.000000 1.000000
687.484619 400.000000 1.000000
627.101685 400.000000 1.000000
526.372070 400.000000 1.000000
619.204224 400.000000 1.000000
1928.603027 400.000000 1.000000
577.569397 400.000000 1.000000
396.985504 400.000000 1.000000
444.961731 400.000000 1.000000
729.430481 400.000000 1.000000
514.489624 400.000000 1.000000
300.610657 400.000000 1.000000
422.921234 400.000000 1.000000
396.699890 400.000000 1.000000
434.912750 400.000000 1.000000
459.116516 400.000000 1.000000
422.474304 400.000000 1.000000
457.300995 400.000000 1.000000
530.662903 400.000000 1.000000
385.543671 400.000000 1.000000
584.189026 400.000000 1.000000
385.904419 400.000000 1.000000
373.957581 400.000000 1.000000
456.580719 400.000000 1.000000
769.062561 400.000000 1.000000
321.051178 400.000000 1.000000
347.096649 400.000000 1.000000
495.694275 400.000000 1.000000
435.547363 400.000000 1.000000
833.519775 400.000000 1.000000
377.367340 400.000000 1.000000
463.406311 400.000000 1.000000
507.696716 400.000000 1.000000
729.180359 400.000000 1.000000
491.949982 400.000000 1.000000
756.862610 400.000000 1.000000
574.805115 400.000000 1.000000
450.088898 400.000000 1.000000
450.283234 400.000000 1.000000
495.943634 400.000000 1.000000
514.728394 400.000000 1.000000
623.717773 400.000000 1.000000
1411.456177 400.000000 1.000000
556.760437 400.000000 1.000000
501.154388 400.000000 1.000000
622.701538 400.000000 1.000000
419.039429 400.000000 1.000000
383.976715 400.000000 1.000000
412.902161 400.000000 1.000000
386.639191 400.000000 1.000000
781.018982 400.000000 1.000000
450.540558 400.000000 1.000000
650.236389 400.000000 1.000000
673.683411 400.000000 1.000000
700.146484 400.000000 1.000000
288.227386 400.000000 1.000000
842.154663 400.000000 1.000000
570.497864 400.000000 1.000000
437.065430 400.000000 1.000000
473.718506 400.000000 1.000000
456.907349 400.000000 1.000000
419.785431 400.000000 1.000000
388.323242 400.000000 1.000000
1297.693481 400.000000 1.000000
781.959656 400.000000 1.000000
523.026367 400.000000 1.000000
408.060272 400.000000 1.000000
551.669800 400.000000 1.000000
430.387634 400.000000 1.000000
794.165771 400.000000 1.000000
924.831177 400.000000 1.000000
940.884644 400.000000 1.000000
377.047943 400.000000 1.000000
430.989624 400.000000 1.000000
492.842896 400.000000 1.000000
735.379211 400.000000 1.000000
1078.667480 400.000000 1.000000
402.159576 400.000000 1.000000
529.485962 400.000000 1.000000
424.609192 400.000000 1.000000
378.174194 400.000000 1.000000
434.651733 400.000000 1.000000
396.059509 400.000000 1.000000
1138.016479 400.000000 1.000000
392.775146 400.000000 1.000000
384.034821 400.000000 1.000000
503.912384 400.000000 1.000000
399.565277 400.000000 1.000000
896.033569 400.000000 1.000000
507.217041 400.000000 1.000000
1828.481567 400.000000 1.000000
489.207794 400.000000 1.000000
537.360535 400.000000 1.000000
438.460388 400.000000 1.000000
316.797485 400.000000 1.000000
690.320679 400.000000 1.000000
405.573639 400.000000 1.000000
431.081848 400.000000 1.000000
375.210419 400.000000 1.000000
486.987671 400.000000 1.000000
311.562622 400.000000 1.000000
425.861877 400.000000 1.000000
508.626099 400.000000 1.000000
333.860962 400.000000 1.000000
1619.417969 400.000000 1.000000
779.615112 400.000000 1.000000
734.098389 400.000000 1.000000
967.072632 400.000000 1.000000
438.618774 400.000000 1.000000
727.791687 400.000000 1.000000
393.975098 400.000000 1.000000
2570.675293 400.000000 1.000000
563.766052 400.000000 1.000000
1078.569458 400.000000 1.000000
655.755798 400.000000 1.000000
491.434265 400.000000 1.000000
347.633606 400.000000 1.000000
452.818085 400.000000 1.000000
395.512695 400.000000 1.000000
431.400055 400.000000 1.000000
485.720093 400.000000 1.000000
756.693359 400.000000 1.000000
896.559631 400.000000 1.000000
806.465027 400.000000 1.000000
597.232361 400.000000 1.000000
561.929199 400.000000 1.000000
455.592346 400.000000 1.000000
663.037109 400.000000 1.000000
403.467529 400.000000 1.000000
441.782623 400.000000 1.000000
504.219208 400.000000 1.000000
835.970093 400.000000 1.000000
380.058777 400.000000 1.000000
552.836060 400.000000 1.000000
831.020691 400.000000 1.000000
575.873169 400.000000 1.000000
1075.995239 400.000000 1.000000
657.197571 400.000000 1.000000
488.491364 400.000000 1.000000
973.846802 400.000000 1.000000
377.080383 400.000000 1.000000
331.781525 400.000000 1.000000
418.864624 400.000000 1.000000
430.402924 400.000000 1.000000
2585.573730 400.000000 1.000000
1109.545044 400.000000 1.000000
674.280579 400.000000 1.000000
466.570526 400.000000 1.000000
577.205811 400.000000 1.000000
472.212646 400.000000 1.000000
338.136841 400.000000 1.000000
341.237885 400.000000 1.000000
738.984192 400.000000 1.000000
379.230835 400.000000 1.000000
663.278015 400.000000 1.000000
700.517944 400.000000 1.000000
573.743774 400.000000 1.000000
504.984924 400.000000 1.000000
1555.151245 400.000000 1.000000
344.682831 400.000000 1.000000
821.602295 400.000000 1.000000
1106.193481 400.000000 1.000000
386.806061 400.000000 1.000000
1425.444092 400.000000 1.000000
387.643097 400.000000 1.000000
458.281464 400.000000 1.000000
1088.818848 400.000000 1.000000
617.028625 400.000000 1.000000
556.832886 400.000000 1.000000
423.195007 400.000000 1.000000
541.152344 400.000000 1.000000
537.893799 400.000000 1.000000
1469.277100 400.000000 1.000000
687.978333 400.000000 1.000000
1151.932617 400.000000 1.000000
662.222412 400.000000 1.000000
705.693604 400.000000 1.000000
2374.776367 400.000000 1.000000
392.406586 400.000000 1.000000
916.922302 400.000000 1.000000
463.794891 400.000000 1.000000
949.886047 400.000000 1.000000
751.455933 400.000000 1.000000
616.970703 400.000000 1.000000
335.968414 400.000000 1.000000
303.993774 400.000000 1.000000
433.315186 400.000000 1.000000
1264.799927 400.000000 1.000000
532.812012 400.000000 1.000000
474.292511 400.000000 1.000000
723.208679 400.000000 1.000000
608.923828 400.000000 1.000000
337.489960 400.000000 1.000000
414.321198 400.000000 1.000000
383.280670 400.000000 1.000000
374.676025 400.000000 1.000000
399.517975 400.000000 1.000000
779.380432 400.000000 1.000000
1085.942749 400.000000 1.000000
396.999939 400.000000 1.000000
450.378510 400.000000 1.000000
1116.700684 400.000000 1.000000
587.979187 400.000000 1.000000
338.506592 400.000000 1.000000
545.033875 400.000000 1.000000
449.892395 400.000000 1.000000
1833.834961 400.000000 1.000000
383.984497 400.000000 1.000000
550.487732 400.000000 1.000000
360.092621 400.000000 1.000000
345.509064 400.000000 1.000000
507.311615 400.000000 1.000000
586.833069 400.000000 1.000000
427.379242 400.000000 1.000000
724.614990 400.000000 1.000000
534.425903 400.000000 1.000000
932.440491 400.000000 1.000000
593.824219 400.000000 1.000000
561.087341 400.000000 1.000000
470.226196 400.000000 1.000000
384.893921 400.000000 1.000000
411.053497 400.000000 1.000000
650.711975 400.000000 1.000000
1670.774170 400.000000 1.000000
343.899261 400.000000 1.000000
697.314636 400.000000 1.000000
365.678711 400.000000 1.000000
354.499420 400.000000 1.000000
392.960968 400.000000 1.000000
521.026184 400.000000 1.000000
383.468384 400.000000 1.000000
443.203400 400.000000 1.000000
460.029572 400.000000 1.000000
455.655182 400.000000 1.000000
724.166199 400.000000 1.000000
592.036072 400.000000 1.000000
1007.496704 400.000000 1.000000
689.192627 400.000000 1.000000
544.437378 400.000000 1.000000
1808.186646 400.000000 1.000000
638.249695 400.000000 1.000000
322.105164 400.000000 1.000000
446.444122 400.000000 1.000000
454.459595 400.000000 1.000000
763.767029 400.000000 1.000000
1478.132690 400.000000 1.000000
607.211487 400.000000 1.000000
457.068207 400.000000 1.000000
528.991150 400.000000 1.000000
1961.876099 400.000000 1.000000
511.231995 400.000000 1.000000
807.030579 400.000000 1.000000
342.940552 400.000000 1.000000
811.792664 400.000000 1.000000
516.884277 400.000000 1.000000
368.498779 400.000000 1.000000
625.831055 400.000000 1.000000
654.856995 400.000000 1.000000
1159.365479 400.000000 1.000000
488.366882 400.000000 1.000000
360.679810 400.000000 1.000000
654.284729 400.000000 1.000000
721.660156 400.000000 1.000000
657.199097 400.000000 1.000000
685.968262 400.000000 1.000000
1545.802368 400.000000 1.000000
1179.651855 400.000000 1.000000
372.443542 400.000000 1.000000
921.627441 400.000000 1.000000
380.789856 400.000000 1.000000
554.654907 400.000000 1.000000
409.367249 400.000000 1.000000
416.555634 400.000000 1.000000
1156.047363 400.000000 1.000000
370.540558 400.000000 1.000000
817.269287 400.000000 1.000000
754.220154 400.000000 1.000000
947.743042 400.000000 1.000000
312.990387 400.000000 1.000000
963.842468 400.000000 1.000000
842.728821 400.000000 1.000000
1494.992188 400.000000 1.000000
513.149963 400.000000 1.000000
472.960114 400.000000 1.000000
720.831238 400.000000 1.000000
412.517120 400.000000 1.000000
415.330750 400.000000 1.000000
706.444641 400.000000 1.000000
454.122131 400.000000 1.000000
710.015320 400.000000 1.000000
634.935425 400.000000 1.000000
356.334839 400.000000 1.000000
420.655487 400.000000 1.000000
866.945251 400.000000 1.000000
564.998535 400.000000 1.000000
627.918579 400.000000 1.000000
291.960052 400.000000 1.000000
340.792236 400.000000 1.000000
809.489319 400.000000 1.000000
390.067047 400.000000 1.000000
469.458069 400.000000 1.000000
780.385132 400.000000 1.000000
1159.717041 400.000000 1.000000
440.813690 400.000000 1.000000
941.467896 400.000000 1.000000
942.552917 400.000000 1.000000
735.155701 400.000000 1.000000
582.638123 400.000000 1.000000
342.758423 400.000000 1.000000
493.682098 400.000000 1.000000
411.021729 400.000000 1.000000
420.121857 400.000000 1.000000
423.942078 400.000000 1.000000
433.287445 400.000000 1.000000
369.367950 400.000000 1.000000
473.749023 400.000000 1.000000
385.879608 400.000000 1.000000
1154.434082 400.000000 1.000000
343.700989 400.000000 1.000000
1348.961548 400.000000 1.000000
627.971680 400.000000 1.000000
1787.673340 400.000000 1.000000
1846.155151 400.000000 1.000000
708.521240 400.000000 1.000000
401.207855 400.000000 1.000000
936.112122 400.000000 1.000000
387.164093 400.000000 1.000000
368.935455 400.000000 1.000000
1027.218262 400.000000 1.000000
1504.806030 400.000000 1.000000
558.389587 400.000000 1.000000
1860.259277 400.000000 1.000000
425.716522 400.000000 1.000000
365.795746 400.000000 1.000000
588.070862 400.000000 1.000000
361.817596 400.000000 1.000000
370.574829 400.000000 1.000000
597.228638 400.000000 1.000000
710.247925 400.000000 1.000000
810.011536 400.000000 1.000000
503.713745 400.000000 1.000000
372.122498 400.000000 1.000000
1322.055054 400.000000 1.000000
1031.404419 400.000000 1.000000
1019.184021 400.000000 1.000000
390.598602 400.000000 1.000000
715.565979 400.000000 1.000000
644.118164 400.000000 1.000000
856.142273 400.000000 1.000000
719.458557 400.000000 1.000000
359.910675 400.000000 1.000000
739.835205 400.000000 1.000000
371.944550 400.000000 1.000000
1025.945679 400.000000 1.000000
867.154907 400.000000 1.000000
490.408752 400.000000 1.000000
323.008942 400.000000 1.000000
347.568390 400.000000 1.000000
908.270203 400.000000 1.000000
436.659515 400.000000 1.000000
386.296082 400.000000 1.000000
728.089600 400.000000 1.000000
637.771545 400.000000 1.000000
431.939819 400.000000 1.000000
574.732056 400.000000 1.000000
440.596863 400.000000 1.000000
367.123077 400.000000 1.000000
610.944397 400.000000 1.000000
508.702942 400.000000 1.000000
326.360107 400.000000 1.000000
434.347748 400.000000 1.000000
412.082611 400.000000 1.000000
460.700684 400.000000 1.000000
486.972229 400.000000 1.000000
353.122894 400.000000 1.000000
368.969055 400.000000 1.000000
410.893066 400.000000 1.000000
522.643372 400.000000 1.000000
1494.424927 400.000000 1.000000
1185.125122 400.000000 1.000000
592.007874 400.000000 1.000000
713.399597 400.000000 1.000000
390.047943 400.000000 1.000000
370.453796 400.000000 1.000000
712.603149 400.000000 1.000000
801.243286 400.000000 1.000000
691.002991 400.000000 1.000000
493.782654 400.000000 1.000000
1321.811157 400.000000 1.000000
551.262573 400.000000 1.000000
351.057709 400.000000 1.000000
472.718140 400.000000 1.000000
882.199219 400.000000 1.000000
390.936859 400.000000 1.000000
1090.411621 400.000000 1.000000
386.335022 400.000000 1.000000
342.802399 400.000000 1.000000
612.668823 400.000000 1.000000
670.361938 400.000000 1.000000
507.894562 400.000000 1.000000
362.415771 400.000000 1.000000
854.262878 400.000000 1.000000
1127.235962 400.000000 1.000000
415.589050 400.000000 1.000000
473.335663 400.000000 1.000000
506.780701 400.000000 1.000000
1582.252808 400.000000 1.000000
659.389954 400.000000 1.000000
911.982666 400.000000 1.000000
374.368164 400.000000 1.000000
724.372375 400.000000 1.000000
693.747925 400.000000 1.000000
693.223450 400.000000 1.000000
766.894775 400.000000 1.000000
392.153503 400.000000 1.000000
434.229492 400.000000 1.000000
560.772949 400.000000 1.000000
703.188965 400.000000 1.000000
431.279510 400.000000 1.000000
578.784607 400.000000 1.000000
657.782654 400.000000 1.000000
445.121674 400.000000 1.000000
405.527405 400.000000 1.000000
531.408325 400.000000 1.000000
1033.951294 400.000000 1.000000
451.171844 400.000000 1.000000
431.014557 400.000000 1.000000
368.279175 400.000000 1.000000
451.278442 400.000000 1.000000
423.408875 400.000000 1.000000
768.275391 400.000000 1.000000
486.302979 400.000000 1.000000
345.266815 400.000000 1.000000
1170.241455 400.000000 1.000000
504.575531 400.000000 1.000000
712.486633 400.000000 1.000000
829.807251 400.000000 1.000000
405.050720 400.000000 1.000000
626.492554 400.000000 1.000000
523.631042 400.000000 1.000000
403.987488 400.000000 1.000000
371.978180 400.000000 1.000000
377.614502 400.000000 1.000000
395.569061 400.000000 1.000000
409.517761 400.000000 1.000000
508.758636 400.000000 1.000000
651.823792 400.000000 1.000000
526.516052 400.000000 1.000000
454.745483 400.000000 1.000000
458.066437 400.000000 1.000000
326.205292 400.000000 1.000000
944.844055 400.000000 1.000000
365.693939 400.000000 1.000000
321.681061 400.000000 1.000000
635.586792 400.000000 1.000000
339.698212 400.000000 1.000000
385.791901 400.000000 1.000000
449.786072 400.000000 1.000000
876.152710 400.000000 1.000000
408.539734 400.000000 1.000000
610.070190 400.000000 1.000000
412.741882 400.000000 1.000000
377.719238 400.000000 1.000000
681.258545 400.000000 1.000000
403.650177 400.000000 1.000000
416.777649 400.000000 1.000000
519.304138 400.000000 1.000000
1215.911987 400.000000 1.000000
345.492310 400.000000 1.000000
709.029358 400.000000 1.000000
813.099792 400.000000 1.000000
631.295593 400.000000 1.000000
1210.178345 400.000000 1.000000
747.121338 400.000000 1.000000
621.850159 400.000000 1.000000
473.728546 400.000000 1.000000
301.791626 400.000000 1.000000
555.733459 400.000000 1.000000
360.928070 400.000000 1.000000
560.205017 400.000000 1.000000
485.348724 400.000000 1.000000
652.700256 400.000000 1.000000
554.696960 400.000000 1.000000
1326.577637 400.000000 1.000000
989.680359 400.000000 1.000000
513.635071 400.000000 1.000000
491.509644 400.000000 1.000000
509.334595 400.000000 1.000000
343.580658 400.000000 1.000000
454.062073 400.000000 1.000000
376.062073 400.000000 1.000000
689.402649 400.000000 1.000000
644.583008 400.000000 1.000000
549.005371 400.000000 1.000000
1758.723755 400.000000 1.000000
400.022522 400.000000 1.000000
420.220398 400.000000 1.000000
333.927643 400.000000 1.000000
432.950470 400.000000 1.000000
401.273834 400.000000 1.000000
887.199829 400.000000 1.000000
387.474030 400.000000 1.000000
385.828156 400.000000 1.000000
717.546326 400.000000 1.000000
594.778931 400.000000 1.000000
824.312073 400.000000 1.000000
364.590332 400.000000 1.000000
563.538696 400.000000 1.000000
396.662170 400.000000 1.000000
440.075500 400.000000 1.000000
689.008667 400.000000 1.000000
605.154907 400.000000 1.000000
436.225647 400.000000 1.000000
553.322266 400.000000 1.000000
385.289124 400.000000 1.000000
1127.105469 400.000000 1.000000
388.322357 400.000000 1.000000
489.076813 400.000000 1.000000
902.295044 400.000000 1.000000
674.947876 400.000000 1.000000
541.668823 400.000000 1.000000
1471.830322 400.000000 1.000000
492.512482 400.000000 1.000000
385.274994 400.000000 1.000000
1947.213501 400.000000 1.000000
645.835632 400.000000 1.000000
1165.188477 400.000000 1.000000
625.495728 400.000000 1.000000
522.641602 400.000000 1.000000
398.967499 400.000000 1.000000
1091.218994 400.000000 1.000000
401.304474 400.000000 1.000000
342.818878 400.000000 1.000000
495.765442 400.000000 1.000000
1819.208252 400.000000 1.000000
571.697754 400.000000 1.000000
662.810730 400.000000 1.000000
430.408722 400.000000 1.000000
805.277954 400.000000 1.000000
1273.726074 400.000000 1.000000
866.426941 400.000000 1.000000
344.039093 400.000000 1.000000
341.861145 400.000000 1.000000
503.312164 400.000000 1.000000
1055.115845 400.000000 1.000000
426.976166 400.000000 1.000000
396.528992 400.000000 1.000000
807.614807 400.000000 1.000000
528.237976 400.000000 1.000000
587.544800 400.000000 1.000000
373.210358 400.000000 1.000000
1057.126831 400.000000 1.000000
366.729614 400.000000 1.000000
444.498016 400.000000 1.000000
966.185547 400.000000 1.000000
554.605835 400.000000 1.000000
494.950378 400.000000 1.000000
460.820190 400.000000 1.000000
432.190674 400.000000 1.000000
377.228638 400.000000 1.000000
598.565613 400.000000 1.000000
503.753510 400.000000 1.000000
706.035400 400.000000 1.000000
847.878906 400.000000 1.000000
451.238037 400.000000 1.000000
610.396973 400.000000 1.000000
754.177368 400.000000 1.000000
517.898621 400.000000 1.000000
852.784973 400.000000 1.000000
667.858154 400.000000 1.000000
550.180298 400.000000 1.000000
717.598328 400.000000 1.000000
508.455170 400.000000 1.000000
480.693024 400.000000 1.000000
595.423828 400.000000 1.000000
422.111633 400.000000 1.000000
843.479004 400.000000 1.000000
406.070374 400.000000 1.000000
435.373901 400.000000 1.000000
524.662537 400.000000 1.000000
1265.989014 400.000000 1.000000
1084.188232 400.000000 1.000000
939.026550 400.000000 1.000000
715.792847 400.000000 1.000000
341.402100 400.000000 1.000000
489.549957 400.000000 1.000000
348.471100 400.000000 1.000000
528.533386 400.000000 1.000000
837.059875 400.000000 1.000000
343.713165 400.000000 1.000000
399.760986 400.000000 1.000000
1322.250122 400.000000 1.000000
775.380737 400.000000 1.000000
1013.587097 400.000000 1.000000
423.569702 400.000000 1.000000
473.753479 400.000000 1.000000
829.218262 400.000000 1.000000
463.362976 400.000000 1.000000
624.077026 400.000000 1.000000
361.104950 400.000000 1.000000
521.449951 400.000000 1.000000
576.690369 400.000000 1.000000
897.350830 400.000000 1.000000
743.930603 400.000000 1.000000
340.211426 400.000000 1.000000
380.733612 400.000000 1.000000
1893.648804 400.000000 1.000000
370.879333 400.000000 1.000000
315.721130 400.000000 1.000000
796.619141 400.000000 1.000000
583.713318 400.000000 1.000000
677.088257 400.000000 1.000000
435.984833 400.000000 1.000000
672.377441 400.000000 1.000000
373.950012 400.000000 1.000000
882.956970 400.000000 1.000000
462.818939 400.000000 1.000000
640.115662 400.000000 1.000000
411.295319 400.000000 1.000000
337.204559 400.000000 1.000000
451.312286 400.000000 1.000000
507.540894 400.000000 1.000000
659.128113 400.000000 1.000000
667.105835 400.000000 1.000000
644.532104 400.000000 1.000000
767.291382 400.000000 1.000000
712.219666 400.000000 1.000000
321.531860 400.000000 1.000000
616.191345 400.000000 1.000000
786.886902 400.000000 1.000000
471.344543 400.000000 1.000000
360.596222 400.000000 1.000000
478.718628 400.000000 1.000000
705.382996 400.000000 1.000000
422.396057 400.000000 1.000000
417.325134 400.000000 1.000000
947.856079 400.000000 1.000000
532.540161 400.000000 1.000000
488.522491 400.000000 1.000000
365.693329 400.000000 1.000000
867.604858 400.000000 1.000000
641.532104 400.000000 1.000000
1506.174927 400.000000 1.000000
455.758270 400.000000 1.000000
1365.823242 400.000000 1.000000
722.717224 400.000000 1.000000
472.241364 400.000000 1.000000
498.956512 400.000000 1.000000
319.536285 400.000000 1.000000
379.426880 400.000000 1.000000
323.379883 400.000000 1.000000
440.023773 400.000000 1.000000
453.125336 400.000000 1.000000
503.541718 400.000000 1.000000
618.257996 400.000000 1.000000
813.898499 400.000000 1.000000
354.431091 400.000000 1.000000
594.685547 400.000000 1.000000
388.531738 400.000000 1.000000
309.055939 400.000000 1.000000
707.073303 400.000000 1.000000
412.764160 400.000000 1.000000
370.232178 400.000000 1.000000
435.737152 400.000000 1.000000
1011.001526 400.000000 1.000000
411.945404 400.000000 1.000000
749.182312 400.000000 1.000000
572.059265 400.000000 1.000000
465.050171 400.000000 1.000000
423.477295 400.000000 1.000000
550.137268 400.000000 1.000000
733.656982 400.000000 1.000000
381.583160 400.000000 1.000000
694.486816 400.000000 1.000000
1013.599121 400.000000 1.000000
313.480286 400.000000 1.000000
1282.080688 400.000000 1.000000
1160.730225 400.000000 1.000000
361.041656 400.000000 1.000000
781.777405 400.000000 1.000000
392.461761 400.000000 1.000000
524.412903 400.000000 1.000000
361.981628 400.000000 1.000000
696.522644 400.000000 1.000000
443.960938 400.000000 1.000000
548.443298 400.000000 1.000000
638.485291 400.000000 1.000000
403.065186 400.000000 1.000000
397.162445 400.000000 1.000000
1412.310913 400.000000 1.000000
634.300842 400.000000 1.000000
2579.294678 400.000000 1.000000
388.048920 400.000000 1.000000
430.512726 400.000000 1.000000
356.079041 400.000000 1.000000
389.205963 400.000000 1.000000
517.845398 400.000000 1.000000
558.294678 400.000000 1.000000
336.894623 400.000000 1.000000
435.865692 400.000000 1.000000
348.941589 400.000000 1.000000
845.069641 400.000000 1.000000
916.588013 400.000000 1.000000
373.545654 400.000000 1.000000
427.779419 400.000000 1.000000
557.171448 400.000000 1.000000
964.398010 400.000000 1.000000
412.075714 400.000000 1.000000
861.861938 400.000000 1.000000
418.572479 400.000000 1.000000
683.374817 400.000000 1.000000
732.240417 400.000000 1.000000
1580.422607 400.000000 1.000000
356.619476 400.000000 1.000000
1200.917847 400.000000 1.000000
1111.131104 400.000000 1.000000
1102.376099 400.000000 1.000000
395.470245 400.000000 1.000000
420.029846 400.000000 1.000000
389.955658 400.000000 1.000000
384.161469 400.000000 1.000000
544.643250 400.000000 1.000000
432.736359 400.000000 1.000000
388.905396 400.000000 1.000000
485.201294 400.000000 1.000000
1293.880981 400.000000 1.000000
427.150543 400.000000 1.000000
544.769836 400.000000 1.000000
913.758484 400.000000 1.000000
402.333374 400.000000 1.000000
1244.579468 400.000000 1.000000
425.817963 400.000000 1.000000
420.576935 400.000000 1.000000
617.403809 400.000000 1.000000
740.072937 400.000000 1.000000
424.687622 400.000000 1.000000
350.367035 400.000000 1.000000
918.384094 400.000000 1.000000
434.337372 400.000000 1.000000
461.392029 400.000000 1.000000
948.891357 400.000000 1.000000
380.801453 400.000000 1.000000
468.592377 400.000000 1.000000
790.883484 400.000000 1.000000
426.754150 400.000000 1.000000
503.557892 400.000000 1.000000
506.309479 400.000000 1.000000
1030.054321 400.000000 1.000000
422.177490 400.000000 1.000000
555.476685 400.000000 1.000000
815.847595 400.000000 1.000000
1022.655457 400.000000 1.000000
299.880127 400.000000 1.000000
513.729431 400.000000 1.000000
1210.418945 400.000000 1.000000
895.019287 400.000000 1.000000
493.450104 400.000000 1.000000
397.903656 400.000000 1.000000
368.153168 400.000000 1.000000
1423.909424 400.000000 1.000000
400.553040 400.000000 1.000000
372.950745 400.000000 1.000000
438.600708 400.000000 1.000000
369.045227 400.000000 1.000000
584.361084 400.000000 1.000000
389.840027 400.000000 1.000000
339.943512 400.000000 1.000000
367.470581 400.000000 1.000000
822.108582 400.000000 1.000000
476.601349 400.000000 1.000000
392.943359 400.000000 1.000000
449.917847 400.000000 1.000000
623.371643 400.000000 1.000000
367.012756 400.000000 1.000000
657.243896 400.000000 1.000000
747.403198 400.000000 1.000000
485.907196 400.000000 1.000000
688.497925 400.000000 1.000000
492.593109 400.000000 1.000000
803.719910 400.000000 1.000000
373.884491 400.000000 1.000000
405.432251 400.000000 1.000000
312.899963 400.000000 1.000000
1086.746582 400.000000 1.000000
1092.556274 400.000000 1.000000
486.229828 400.000000 1.000000
1189.405884 400.000000 1.000000
584.769958 400.000000 1.000000
466.275543 400.000000 1.000000
649.779724 400.000000 1.000000
586.930786 400.000000 1.000000
1488.161133 400.000000 1.000000
352.875977 400.000000 1.000000
537.169678 400.000000 1.000000
428.234833 400.000000 1.000000
624.832153 400.000000 1.000000
1142.666626 400.000000 1.000000
355.674530 400.000000 1.000000
392.255005 400.000000 1.000000
1253.671265 400.000000 1.000000
919.542542 400.000000 1.000000
396.191559 400.000000 1.000000
346.937622 400.000000 1.000000
513.334717 400.000000 1.000000
740.062073 400.000000 1.000000
944.341553 400.000000 1.000000
379.502899 400.000000 1.000000
425.107269 400.000000 1.000000
658.938110 400.000000 1.000000
1095.328247 400.000000 1.000000
412.104797 400.000000 1.000000
995.091614 400.000000 1.000000
643.005798 400.000000 1.000000
1010.544250 400.000000 1.000000
596.168091 400.000000 1.000000
461.983429 400.000000 1.000000
1445.078979 400.000000 1.000000
713.905396 400.000000 1.000000
353.837189 400.000000 1.000000
645.001953 400.000000 1.000000
521.244690 400.000000 1.000000
1093.959106 400.000000 1.000000
541.330811 400.000000 1.000000
402.008575 400.000000 1.000000
330.653046 400.000000 1.000000
642.503357 400.000000 1.000000
1263.145264 400.000000 1.000000
380.553986 400.000000 1.000000
989.219360 400.000000 1.000000
338.591492 400.000000 1.000000
451.176849 400.000000 1.000000
1085.563354 400.000000 1.000000
661.357910 400.000000 1.000000
347.712402 400.000000 1.000000
566.817322 400.000000 1.000000
642.470764 400.000000 1.000000
398.961243 400.000000 1.000000
464.674377 400.000000 1.000000
738.191162 400.000000 1.000000
302.054565 400.000000 1.000000
465.732239 400.000000 1.000000
439.567139 400.000000 1.000000
455.364990 400.000000 1.000000
844.165771 400.000000 1.000000
418.646149 400.000000 1.000000
402.152679 400.000000 1.000000
311.467865 400.000000 1.000000
426.941223 400.000000 1.000000
480.945160 400.000000 1.000000
461.234711 400.000000 1.000000
295.017090 400.000000 1.000000
398.661591 400.000000 1.000000
650.045227 400.000000 1.000000
414.592804 400.000000 1.000000
878.953186 400.000000 1.000000
442.107361 400.000000 1.000000
467.476929 400.000000 1.000000
429.738708 400.000000 1.000000
1069.203857 400.000000 1.000000
390.197449 400.000000 1.000000
428.612152 400.000000 1.000000
406.786591 400.000000 1.000000
337.316284 400.000000 1.000000
1160.375610 400.000000 1.000000
404.508606 400.000000 1.000000
730.991272 400.000000 1.000000
612.749390 400.000000 1.000000
1306.350586 400.000000 1.000000
1044.954224 400.000000 1.000000
367.674042 400.000000 1.000000
486.442444 400.000000 1.000000
766.530884 400.000000 1.000000
470.723389 400.000000 1.000000
515.889954 400.000000 1.000000
383.625366 400.000000 1.000000
937.865173 400.000000 1.000000
456.197723 400.000000 1.000000
348.540619 400.000000 1.000000
409.794495 400.000000 1.000000
579.940735 400.000000 1.000000
558.712646 400.000000 1.000000
505.914459 400.000000 1.000000
708.957031 400.000000 1.000000
583.035706 400.000000 1.000000
359.506714 400.000000 1.000000
2509.045654 400.000000 1.000000
1408.183838 400.000000 1.000000
487.421844 400.000000 1.000000
453.054047 400.000000 1.000000
921.964172 400.000000 1.000000
479.653137 400.000000 1.000000
432.252197 400.000000 1.000000
352.416931 400.000000 1.000000
363.444916 400.000000 1.000000
386.145874 400.000000 1.000000
389.824615 400.000000 1.000000
411.030579 400.000000 1.000000
916.232483 400.000000 1.000000
329.644806 400.000000 1.000000
381.651459 400.000000 1.000000
368.607727 400.000000 1.000000
464.254913 400.000000 1.000000
358.228271 400.000000 1.000000
585.754578 400.000000 1.000000
416.028961 400.000000 1.000000
509.769409 400.000000 1.000000
409.748840 400.000000 1.000000
1186.520874 400.000000 1.000000
471.616730 400.000000 1.000000
805.173828 400.000000 1.000000
612.955322 400.000000 1.000000
735.479980 400.000000 1.000000
1106.318726 400.000000 1.000000
1084.694458 400.000000 1.000000
449.747772 400.000000 1.000000
1703.167969 400.000000 1.000000
838.836853 400.000000 1.000000
652.656616 400.000000 1.000000
374.294037 400.000000 1.000000
506.809601 400.000000 1.000000
1756.152832 400.000000 1.000000
913.859680 400.000000 1.000000
747.185852 400.000000 1.000000
380.965637 400.000000 1.000000
912.662170 400.000000 1.000000
420.386963 400.000000 1.000000
394.946808 400.000000 1.000000
1180.404785 400.000000 1.000000
640.511719 400.000000 1.000000
675.879578 400.000000 1.000000
388.330048 400.000000 1.000000
713.213257 400.000000 1.000000
946.213318 400.000000 1.000000
416.315552 400.000000 1.000000
454.053436 400.000000 1.000000
761.487915 400.000000 1.000000
394.996399 400.000000 1.000000
740.195679 400.000000 1.000000
409.331207 400.000000 1.000000
470.357910 400.000000 1.000000
427.151245 400.000000 1.000000
411.884155 400.000000 1.000000
370.320190 400.000000 1.000000
439.643066 400.000000 1.000000
499.955994 400.000000 1.000000
377.280792 400.000000 1.000000
871.047119 400.000000 1.000000
350.529663 400.000000 1.000000
426.390778 400.000000 1.000000
373.143890 400.000000 1.000000
458.293915 400.000000 1.000000
442.265442 400.000000 1.000000
656.697693 400.000000 1.000000
622.013489 400.000000 1.000000
1914.857910 400.000000 1.000000
866.046326 400.000000 1.000000
1124.212891 400.000000 1.000000
395.870392 400.000000 1.000000
399.201324 400.000000 1.000000
326.763947 400.000000 1.000000
748.711121 400.000000 1.000000
326.568390 400.000000 1.000000
547.810974 400.000000 1.000000
1194.766968 400.000000 1.000000
383.746918 400.000000 1.000000
636.022888 400.000000 1.000000
640.583923 400.000000 1.000000
413.958008 400.000000 1.000000
982.868530 400.000000 1.000000
465.960266 400.000000 1.000000
577.844971 400.000000 1.000000
434.285614 400.000000 1.000000
430.123474 400.000000 1.000000
1149.831299 400.000000 1.000000
479.292786 400.000000 1.000000
2282.112549 400.000000 1.000000
404.694824 400.000000 1.000000
365.935150 400.000000 1.000000
410.496979 400.000000 1.000000
743.336731 400.000000 1.000000
1179.004272 400.000000 1.000000
232.552368 400.000000 1.000000
610.953613 400.000000 1.000000
361.732483 400.000000 1.000000
397.038849 400.000000 1.000000
508.043976 400.000000 1.000000
369.297333 400.000000 1.000000
540.807983 400.000000 1.000000
753.813171 400.000000 1.000000
337.151337 400.000000 1.000000
1040.851807 400.000000 1.000000
374.316986 400.000000 1.000000
1237.785522 400.000000 1.000000
394.391418 400.000000 1.000000
1043.763550 400.000000 1.000000
445.145599 400.000000 1.000000
420.705353 400.000000 1.000000
518.657288 400.000000 1.000000
377.061249 400.000000 1.000000
392.001404 400.000000 1.000000
403.098785 400.000000 1.000000
903.436462 400.000000 1.000000
419.979706 400.000000 1.000000
355.482178 400.000000 1.000000
1067.180542 400.000000 1.000000
476.463104 400.000000 1.000000
515.199036 400.000000 1.000000
536.990601 400.000000 1.000000
560.241821 400.000000 1.000000
428.624664 400.000000 1.000000
418.537933 400.000000 1.000000
1313.871582 400.000000 1.000000
820.633423 400.000000 1.000000
314.672607 400.000000 1.000000
716.839233 400.000000 1.000000
446.762177 400.000000 1.000000
474.110046 400.000000 1.000000
894.862183 400.000000 1.000000
423.334290 400.000000 1.000000
527.873535 400.000000 1.000000
446.116089 400.000000 1.000000
635.166809 400.000000 1.000000
856.213684 400.000000 1.000000
414.170746 400.000000 1.000000
589.597046 400.000000 1.000000
499.812592 400.000000 1.000000
616.053589 400.000000 1.000000
446.540802 400.000000 1.000000
427.137756 400.000000 1.000000
368.397461 400.000000 1.000000
915.706970 400.000000 1.000000
420.094482 400.000000 1.000000
544.051147 400.000000 1.000000
676.034851 400.000000 1.000000
315.641266 400.000000 1.000000
550.010559 400.000000 1.000000
401.189850 400.000000 1.000000
386.077148 400.000000 1.000000
343.190399 400.000000 1.000000
1771.894287 400.000000 1.000000
497.599945 400.000000 1.000000
435.698761 400.000000 1.000000
983.521301 400.000000 1.000000
414.557098 400.000000 1.000000
784.587036 400.000000 1.000000
486.463165 400.000000 1.000000
422.225891 400.000000 1.000000
416.971130 400.000000 1.000000
373.804321 400.000000 1.000000
566.481018 400.000000 1.000000
342.729889 400.000000 1.000000
641.472961 400.000000 1.000000
349.498474 400.000000 1.000000
460.888153 400.000000 1.000000
543.088989 400.000000 1.000000
526.173096 400.000000 1.000000
354.842499 400.000000 1.000000
354.868713 400.000000 1.000000
398.690399 400.000000 1.000000
985.261902 400.000000 1.000000
773.555176 400.000000 1.000000
432.114227 400.000000 1.000000
364.537994 400.000000 1.000000
409.600647 400.000000 1.000000
387.821869 400.000000 1.000000
324.258423 400.000000 1.000000
386.472565 400.000000 1.000000
667.556763 400.000000 1.000000
479.440369 400.000000 1.000000
641.095093 400.000000 1.000000
2963.373779 400.000000 1.000000
610.342407 400.000000 1.000000
1015.874146 400.000000 1.000000
449.491699 400.000000 1.000000
1032.886230 400.000000 1.000000
1618.919189 400.000000 1.000000
536.169556 400.000000 1.000000
481.645142 400.000000 1.000000
1239.553345 400.000000 1.000000
536.741272 400.000000 1.000000
399.284515 400.000000 1.000000
426.917664 400.000000 1.000000
391.911133 400.000000 1.000000
356.908051 400.000000 1.000000
403.832458 400.000000 1.000000
555.529175 400.000000 1.000000
474.656830 400.000000 1.000000
373.974182 400.000000 1.000000
510.681915 400.000000 1.000000
475.927338 400.000000 1.000000
549.144592 400.000000 1.000000
477.906708 400.000000 1.000000
806.143799 400.000000 1.000000
781.891479 400.000000 1.000000
379.227448 400.000000 1.000000
630.911987 400.000000 1.000000
378.117432 400.000000 1.000000
1003.163452 400.000000 1.000000
385.758820 400.000000 1.000000
341.402710 400.000000 1.000000
485.005798 400.000000 1.000000
617.601318 400.000000 1.000000
629.978821 400.000000 1.000000
555.127380 400.000000 1.000000
1093.612427 400.000000 1.000000
862.232666 400.000000 1.000000
480.096405 400.000000 1.000000
408.508881 400.000000 1.000000
504.566254 400.000000 1.000000
441.271729 400.000000 1.000000
1629.155884 400.000000 1.000000
2138.683350 400.000000 1.000000
517.953918 400.000000 1.000000
316.528442 400.000000 1.000000
443.339020 400.000000 1.000000
484.133972 400.000000 1.000000
563.583862 400.000000 1.000000
1068.037720 400.000000 1.000000
584.489380 400.000000 1.000000
497.469482 400.000000 1.000000
413.584564 400.000000 1.000000
466.902863 400.000000 1.000000
1079.160400 400.000000 1.000000
736.533447 400.000000 1.000000
572.811035 400.000000 1.000000
348.478302 400.000000 1.000000
404.264862 400.000000 1.000000
1281.887207 400.000000 1.000000
1209.873779 400.000000 1.000000
1011.511108 400.000000 1.000000
362.126068 400.000000 1.000000
309.463684 400.000000 1.000000
400.735413 400.000000 1.000000
478.233978 400.000000 1.000000
839.234253 400.000000 1.000000
393.937408 400.000000 1.000000
763.578613 400.000000 1.000000
629.459534 400.000000 1.000000
539.572510 400.000000 1.000000
517.455444 400.000000 1.000000
423.628815 400.000000 1.000000
704.485168 400.000000 1.000000
1138.487061 400.000000 1.000000
737.321289 400.000000 1.000000
554.707886 400.000000 1.000000
453.771149 400.000000 1.000000
333.611267 400.000000 1.000000
433.937653 400.000000 1.000000
410.254486 400.000000 1.000000
403.864349 400.000000 1.000000
514.165039 400.000000 1.000000
400.709167 400.000000 1.000000
378.117004 400.000000 1.000000
478.087830 400.000000 1.000000
366.510651 400.000000 1.000000
386.381165 400.000000 1.000000
569.551514 400.000000 1.000000
509.852112 400.000000 1.000000
1178.176025 400.000000 1.000000
374.706696 400.000000 1.000000
487.909088 400.000000 1.000000
423.975647 400.000000 1.000000
461.143951 400.000000 1.000000
4998.708745 400.000000 0.000000
814.549377 400.000000 0.000000
1413.089026 400.000000 0.000000
4736.005410 400.000000 0.000000
1158.282714 400.000000 0.000000
2424.868072 400.000000 0.000000
4787.384783 400.000000 0.000000
3721.526716 400.000000 0.000000
2700.218292 400.000000 0.000000
3699.764907 400.000000 0.000000
3799.718991 400.000000 0.000000
3293.183072 400.000000 0.000000
1578.188108 400.000000 0.000000
4022.015074 400.000000 0.000000
2598.360576 400.000000 0.000000
842.862109 400.000000 0.000000
2377.648652 400.000000 0.000000
1961.569970 400.000000 0.000000
1108.338436 400.000000 0.000000
1065.952295 400.000000 0.000000
151.676021 400.000000 0.000000
1667.696249 400.000000 0.000000
970.744253 400.000000 0.000000
4718.583904 400.000000 0.000000
2899.658375 400.000000 0.000000
4491.524289 400.000000 0.000000
3327.819657 400.000000 0.000000
2493.051549 400.000000 0.000000
2803.141286 400.000000 0.000000
911.423228 400.000000 0.000000
1482.627654 400.000000 0.000000
587.044667 400.000000 0.000000
314.588329 400.000000 0.000000
3240.627873 400.000000 0.000000
3627.092643 400.000000 0.000000
3185.655791 400.000000 0.000000
3569.425312 400.000000 0.000000
497.881216 400.000000 0.000000
3496.335981 400.000000 0.000000
539.062349 400.000000 0.000000
646.213756 400.000000 0.000000
2512.015193 400.000000 0.000000
1038.899532 400.000000 0.000000
1444.551529 400.000000 0.000000
415.873972 400.000000 0.000000
640.621077 400.000000 0.000000
2736.857055 400.000000 0.000000
411.597998 400.000000 0.000000
1460.707133 400.000000 0.000000
4458.118685 400.000000 0.000000
1135.589195 400.000000 0.000000
2159.227313 400.000000 0.000000
703.665004 400.000000 0.000000
2001.960675 400.000000 0.000000
3434.734505 400.000000 0.000000
853.354553 400.000000 0.000000
2204.104338 400.000000 0.000000
226.682825 400.000000 0.000000
1556.482069 400.000000 0.000000
2530.905257 400.000000 0.000000
912.054200 400.000000 0.000000
2555.160077 400.000000 0.000000
3703.941026 400.000000 0.000000
1829.943134 400.000000 0.000000
804.044184 400.000000 0.000000
2300.533926 400.000000 0.000000
3139.182358 400.000000 0.000000
3388.018440 400.000000 0.000000
3490.982613 400.000000 0.000000
2392.684339 400.000000 0.000000
450.537971 400.000000 0.000000
1693.642609 400.000000 0.000000
476.068984 400.000000 0.000000
2182.709819 400.000000 0.000000
2373.366762 400.000000 0.000000
2096.229632 400.000000 0.000000
3887.684260 400.000000 0.000000
3123.052823 400.000000 0.000000
4902.182749 400.000000 0.000000
1852.151006 400.000000 0.000000
4154.063181 400.000000 0.000000
704.032237 400.000000 0.000000
3720.426537 400.000000 0.000000
4148.698399 400.000000 0.000000
1955.521592 400.000000 0.000000
3109.781960 400.000000 0.000000
1733.497388 400.000000 0.000000
230.847623 400.000000 0.000000
3065.331607 400.000000 0.000000
2836.870240 400.000000 0.000000
2494.470129 400.000000 0.000000
3619.010394 400.000000 0.000000
722.752624 400.000000 0.000000
211.515817 400.000000 0.000000
1553.935113 400.000000 0.000000
608.205769 400.000000 0.000000
1210.348355 400.000000 0.000000
1905.294277 400.000000 0.000000
2200.642686 400.000000 0.000000
2998.979508 400.000000 0.000000
3222.873270 400.000000 0.000000
2163.131083 400.000000 0.000000
2779.841310 400.000000 0.000000
3584.205840 400.000000 0.000000
3211.812574 400.000000 0.000000
3428.883627 400.000000 0.000000
480.790731 400.000000 0.000000
614.667318 400.000000 0.000000
284.987076 400.000000 0.000000
4100.360222 400.000000 0.000000
627.696429 400.000000 0.000000
1578.725354 400.000000 0.000000
902.834624 400.000000 0.000000
711.136097 400.000000 0.000000
3322.148066 400.000000 0.000000
3425.946115 400.000000 0.000000
955.009663 400.000000 0.000000
2181.715093 400.000000 0.000000
4822.296123 400.000000 0.000000
4340.817952 400.000000 0.000000
654.399827 400.000000 0.000000
2422.211398 400.000000 0.000000
1873.272256 400.000000 0.000000
4502.375611 400.000000 0.000000
893.283935 400.000000 0.000000
3398.175653 400.000000 0.000000
3114.371550 400.000000 0.000000
4918.279748 400.000000 0.000000
2203.573899 400.000000 0.000000
4023.686387 400.000000 0.000000
4974.225304 400.000000 0.000000
2707.754807 400.000000 0.000000
1279.527277 400.000000 0.000000
3194.728177 400.000000 0.000000
2879.551352 400.000000 0.000000
1293.607098 400.000000 0.000000
957.965006 400.000000 0.000000
2228.315234 400.000000 0.000000
746.332547 400.000000 0.000000
4983.618446 400.000000 0.000000
608.811111 400.000000 0.000000
3257.696398 400.000000 0.000000
138.975489 400.000000 0.000000
1949.888011 400.000000 0.000000
4139.565220 400.000000 0.000000
1419.069536 400.000000 0.000000
3051.018218 400.000000 0.000000
1182.063748 400.000000 0.000000
2054.105251 400.000000 0.000000
3388.573083 400.000000 0.000000
4235.632941 400.000000 0.000000
3246.281139 400.000000 0.000000
406.913256 400.000000 0.000000
604.152418 400.000000 0.000000
2395.996321 400.000000 0.000000
3889.391788 400.000000 0.000000
2359.888505 400.000000 0.000000
4716.687554 400.000000 0.000000
4904.004962 400.000000 0.000000
1672.773653 400.000000 0.000000
1013.339619 400.000000 0.000000
1714.206170 400.000000 0.000000
3267.721222 400.000000 0.000000
3413.793984 400.000000 0.000000
3049.680699 400.000000 0.000000
499.635515 400.000000 0.000000
3831.274905 400.000000 0.000000
3677.907641 400.000000 0.000000
1205.695700 400.000000 0.000000
1315.893556 400.000000 0.000000
4804.349493 400.000000 0.000000
2116.978683 400.000000 0.000000
1680.290729 400.000000 0.000000
1.247489 400.000000 0.000000
4344.205083 400.000000 0.000000
18.765752 400.000000 0.000000
829.231553 400.000000 0.000000
59.104206 400.000000 0.000000
3032.275368 400.000000 0.000000
3649.860095 400.000000 0.000000
3069.122785 400.000000 0.000000
4828.840921 400.000000 0.000000
2485.491306 400.000000 0.000000
2649.427014 400.000000 0.000000
2308.037659 400.000000 0.000000
3565.168503 400.000000 0.000000
2899.798838 400.000000 0.000000
3414.012777 400.000000 0.000000
4769.607570 400.000000 0.000000
118.276018 400.000000 0.000000
1400.550734 400.000000 0.000000
4347.631767 400.000000 0.000000
1496.666369 400.000000 0.000000
1597.768017 400.000000 0.000000
1504.758544 400.000000 0.000000
4705.557432 400.000000 0.000000
4240.635319 400.000000 0.000000
3766.730647 400.000000 0.000000
2691.220436 400.000000 0.000000
2042.406907 400.000000 0.000000
1061.856580 400.000000 0.000000
380.702011 400.000000 0.000000
1449.674541 400.000000 0.000000
98.909169 400.000000 0.000000
1206.239497 400.000000 0.000000
1923.095824 400.000000 0.000000
2274.534432 400.000000 0.000000
1869.912605 400.000000 0.000000
2200.943980 400.000000 0.000000
589.484039 400.000000 0.000000
4027.149223 400.000000 0.000000
824.463207 400.000000 0.000000
1412.649682 400.000000 0.000000
863.426997 400.000000 0.000000
4679.211648 400.000000 0.000000
3404.765298 400.000000 0.000000
668.483694 400.000000 0.000000
1273.806114 400.000000 0.000000
1997.224380 400.000000 0.000000
1846.176825 400.000000 0.000000
3631.809459 400.000000 0.000000
1389.187297 400.000000 0.000000
3467.845520 400.000000 0.000000
2501.773444 400.000000 0.000000
592.027691 400.000000 0.000000
756.516675 400.000000 0.000000
3407.234714 400.000000 0.000000
3603.329592 400.000000 0.000000
4898.234695 400.000000 0.000000
3483.895556 400.000000 0.000000
2786.050362 400.000000 0.000000
3404.107409 400.000000 0.000000
4776.760249 400.000000 0.000000
2991.044782 400.000000 0.000000
3852.269476 400.000000 0.000000
4567.987428 400.000000 0.000000
3294.793246 400.000000 0.000000
3354.873067 400.000000 0.000000
2890.925877 400.000000 0.000000
4765.196451 400.000000 0.000000
814.617290 400.000000 0.000000
1675.284930 400.000000 0.000000
4759.123520 400.000000 0.000000
548.308218 400.000000 0.000000
3096.511515 400.000000 0.000000
4784.083712 400.000000 0.000000
4926.215471 400.000000 0.000000
353.688744 400.000000 0.000000
2511.651950 400.000000 0.000000
3403.606130 400.000000 0.000000
2766.600328 400.000000 0.000000
2935.027907 400.000000 0.000000
3458.102808 400.000000 0.000000
2313.239549 400.000000 0.000000
2871.271468 400.000000 0.000000
364.450440 400.000000 0.000000
3191.332591 400.000000 0.000000
1938.786441 400.000000 0.000000
1104.801086 400.000000 0.000000
11.159012 400.000000 0.000000
2478.283877 400.000000 0.000000
956.582616 400.000000 0.000000
111.325040 400.000000 0.000000
4517.945104 400.000000 0.000000
3693.140877 400.000000 0.000000
2222.654449 400.000000 0.000000
2088.511216 400.000000 0.000000
3804.305611 400.000000 0.000000
2188.766111 400.000000 0.000000
954.914307 400.000000 0.000000
2885.564812 400.000000 0.000000
663.441715 400.000000 0.000000
1589.121735 400.000000 0.000000
2434.582451 400.000000 0.000000
4695.455346 400.000000 0.000000
4669.731404 400.000000 0.000000
368.300675 400.000000 0.000000
3062.181476 400.000000 0.000000
2573.743622 400.000000 0.000000
3123.317908 400.000000 0.000000
653.226310 400.000000 0.000000
3226.052204 400.000000 0.000000
670.742752 400.000000 0.000000
3264.629840 400.000000 0.000000
1326.050046 400.000000 0.000000
1909.026343 400.000000 0.000000
2951.075302 400.000000 0.000000
3348.520411 400.000000 0.000000
2771.662400 400.000000 0.000000
97.523801 400.000000 0.000000
921.734812 400.000000 0.000000
4955.902311 400.000000 0.000000
2868.388819 400.000000 0.000000
3188.810427 400.000000 0.000000
2974.287989 400.000000 0.000000
2576.223441 400.000000 0.000000
1653.467546 400.000000 0.000000
1983.712248 400.000000 0.000000
4419.827402 400.000000 0.000000
3857.426330 400.000000 0.000000
2995.376904 400.000000 0.000000
123.633149 400.000000 0.000000
61.293948 400.000000 0.000000
3492.261597 400.000000 0.000000
1329.955045 400.000000 0.000000
3683.503607 400.000000 0.000000
4999.863094 400.000000 0.000000
3748.961578 400.000000 0.000000
2424.777945 400.000000 0.000000
4118.502643 400.000000 0.000000
3113.885449 400.000000 0.000000
4512.560470 400.000000 0.000000
282.525644 400.000000 0.000000
3695.386946 400.000000 0.000000
1880.881099 400.000000 0.000000
184.003825 400.000000 0.000000
3880.991093 400.000000 0.000000
4186.770931 400.000000 0.000000
1725.409651 400.000000 0.000000
409.213238 400.000000 0.000000
1113.107724 400.000000 0.000000
762.381593 400.000000 0.000000
2005.885977 400.000000 0.000000
2658.063041 400.000000 0.000000
4058.533009 400.000000 0.000000
203.887831 400.000000 0.000000
589.445041 400.000000 0.000000
2875.949827 400.000000 0.000000
4161.811038 400.000000 0.000000
1023.209264 400.000000 0.000000
1193.608865 400.000000 0.000000
4984.643498 400.000000 0.000000
1292.952978 400.000000 0.000000
4460.279838 400.000000 0.000000
4234.298941 400.000000 0.000000
1532.918531 400.000000 0.000000
166.812459 400.000000 0.000000
3532.102492 400.000000 0.000000
968.078041 400.000000 0.000000
2544.890688 400.000000 0.000000
107.725734 400.000000 0.000000
3363.663966 400.000000 0.000000
4067.812222 400.000000 0.000000
4036.420260 400.000000 0.000000
2407.634216 400.000000 0.000000
2687.595476 400.000000 0.000000
3904.243031 400.000000 0.000000
1679.244541 400.000000 0.000000
3496.296856 400.000000 0.000000
2129.276497 400.000000 0.000000
4126.203316 400.000000 0.000000
4728.068459 400.000000 0.000000
2774.206251 400.000000 0.000000
3552.475942 400.000000 0.000000
1891.801829 400.000000 0.000000
3241.693653 400.000000 0.000000
228.363584 400.000000 0.000000
777.386617 400.000000 0.000000
4426.769838 400.000000 0.000000
3607.828623 400.000000 0.000000
4808.336007 400.000000 0.000000
2151.504426 400.000000 0.000000
660.156769 400.000000 0.000000
2196.656044 400.000000 0.000000
2335.938681 400.000000 0.000000
2050.416083 400.000000 0.000000
1385.983555 400.000000 0.000000
1392.547796 400.000000 0.000000
4773.104029 400.000000 0.000000
4021.787457 400.000000 0.000000
4842.552331 400.000000 0.000000
4998.613957 400.000000 0.000000
4735.801416 400.000000 0.000000
1242.755688 400.000000 0.000000
33.524930 400.000000 0.000000
2223.636576 400.000000 0.000000
3370.243891 400.000000 0.000000
2482.401804 400.000000 0.000000
105.046250 400.000000 0.000000
4158.816109 400.000000 0.000000
542.729261 400.000000 0.000000
465.758197 400.000000 0.000000
4451.028202 400.000000 0.000000
2229.726053 400.000000 0.000000
4534.533842 400.000000 0.000000
2770.199105 400.000000 0.000000
3797.171747 400.000000 0.000000
4077.756919 400.000000 0.000000
2664.842514 400.000000 0.000000
275.675731 400.000000 0.000000
269.928271 400.000000 0.000000
4495.940951 400.000000 0.000000
734.536869 400.000000 0.000000
2413.236571 400.000000 0.000000
336.514905 400.000000 0.000000
1405.809323 400.000000 0.000000
4664.245826 400.000000 0.000000
2536.589665 400.000000 0.000000
2822.515072 400.000000 0.000000
4003.566001 400.000000 0.000000
3229.437494 400.000000 0.000000
1546.097489 400.000000 0.000000
239.033033 400.000000 0.000000
1259.829149 400.000000 0.000000
3569.405711 400.000000 0.000000
3354.970086 400.000000 0.000000
3026.428799 400.000000 0.000000
741.359496 400.000000 0.000000
3976.251748 400.000000 0.000000
3326.386766 400.000000 0.000000
4271.510214 400.000000 0.000000
4052.668384 400.000000 0.000000
355.719919 400.000000 0.000000
343.967839 400.000000 0.000000
4452.332866 400.000000 0.000000
3790.229784 400.000000 0.000000
351.552936 400.000000 0.000000
4260.472390 400.000000 0.000000
3876.784508 400.000000 0.000000
3424.476013 400.000000 0.000000
1172.763936 400.000000 0.000000
2307.878472 400.000000 0.000000
4682.177287 400.000000 0.000000
3324.732095 400.000000 0.000000
2298.397949 400.000000 0.000000
4439.117552 400.000000 0.000000
2873.111303 400.000000 0.000000
150.843117 400.000000 0.000000
3836.773604 400.000000 0.000000
1727.392776 400.000000 0.000000
3045.615717 400.000000 0.000000
1087.714352 400.000000 0.000000
3218.802804 400.000000 0.000000
2856.963243 400.000000 0.000000
4011.555244 400.000000 0.000000
4811.677736 400.000000 0.000000
2008.849279 400.000000 0.000000
4982.767090 400.000000 0.000000
3729.729058 400.000000 0.000000
2242.055917 400.000000 0.000000
1978.921402 400.000000 0.000000
616.949630 400.000000 0.000000
2663.074564 400.000000 0.000000
4166.898011 400.000000 0.000000
4588.365648 400.000000 0.000000
4128.037833 400.000000 0.000000
2229.576998 400.000000 0.000000
1335.681006 400.000000 0.000000
3321.994498 400.000000 0.000000
3834.303471 400.000000 0.000000
3329.841375 400.000000 0.000000
2519.775525 400.000000 0.000000
4175.768509 400.000000 0.000000
3112.026893 400.000000 0.000000
2287.694591 400.000000 0.000000
2774.916389 400.000000 0.000000
1829.068550 400.000000 0.000000
3281.511156 400.000000 0.000000
4585.193347 400.000000 0.000000
1380.272957 400.000000 0.000000
606.072207 400.000000 0.000000
4830.891270 400.000000 0.000000
3487.195042 400.000000 0.000000
2217.738947 400.000000 0.000000
3150.979121 400.000000 0.000000
1841.733374 400.000000 0.000000
1190.959781 400.000000 0.000000
1501.369103 400.000000 0.000000
3551.660859 400.000000 0.000000
237.374190 400.000000 0.000000
2462.627217 400.000000 0.000000
406.269899 400.000000 0.000000
610.083910 400.000000 0.000000
4965.510900 400.000000 0.000000
1775.455136 400.000000 0.000000
3824.318653 400.000000 0.000000
4520.497714 400.000000 0.000000
1980.548063 400.000000 0.000000
4085.674281 400.000000 0.000000
1744.871108 400.000000 0.000000
1330.968168 400.000000 0.000000
1837.509788 400.000000 0.000000
3761.581066 400.000000 0.000000
2939.000119 400.000000 0.000000
2447.105474 400.000000 0.000000
3367.370304 400.000000 0.000000
1641.480696 400.000000 0.000000
4269.729196 400.000000 0.000000
4161.903682 400.000000 0.000000
797.943432 400.000000 0.000000
1612.055108 400.000000 0.000000
4750.868536 400.000000 0.000000
476.883560 400.000000 0.000000
1155.099276 400.000000 0.000000
4303.038762 400.000000 0.000000
1798.135961 400.000000 0.000000
4924.218495 400.000000 0.000000
159.878340 400.000000 0.000000
4143.249572 400.000000 0.000000
2584.047448 400.000000 0.000000
2447.039618 400.000000 0.000000
4819.886490 400.000000 0.000000
4800.658695 400.000000 0.000000
3409.083955 400.000000 0.000000
4303.940844 400.000000 0.000000
2279.146408 400.000000 0.000000
1661.953279 400.000000 0.000000
295.749021 400.000000 0.000000
2261.229884 400.000000 0.000000
1086.771080 400.000000 0.000000
1728.037200 400.000000 0.000000
2749.859967 400.000000 0.000000
1588.111258 400.000000 0.000000
4464.882213 400.000000 0.000000
2450.227252 400.000000 0.000000
1282.395048 400.000000 0.000000
4844.993191 400.000000 0.000000
4553.182324 400.000000 0.000000
1133.587989 400.000000 0.000000
1639.142861 400.000000 0.000000
1433.510450 400.000000 0.000000
712.575272 400.000000 0.000000
496.408696 400.000000 0.000000
961.662045 400.000000 0.000000
1541.884346 400.000000 0.000000
4357.079795 400.000000 0.000000
1955.743929 400.000000 0.000000
3943.304410 400.000000 0.000000
1004.080203 400.000000 0.000000
4932.379795 400.000000 0.000000
4414.310629 400.000000 0.000000
549.312255 400.000000 0.000000
1771.416275 400.000000 0.000000
2778.713410 400.000000 0.000000
3453.492289 400.000000 0.000000
3219.078761 400.000000 0.000000
1815.521425 400.000000 0.000000
394.313555 400.000000 0.000000
1004.102069 400.000000 0.000000
3584.867651 400.000000 0.000000
3721.768729 400.000000 0.000000
3838.182151 400.000000 0.000000
1227.212253 400.000000 0.000000
3340.045596 400.000000 0.000000
4434.946886 400.000000 0.000000
1834.249654 400.000000 0.000000
2657.783140 400.000000 0.000000
2514.219894 400.000000 0.000000
1572.718348 400.000000 0.000000
3112.706821 400.000000 0.000000
99.519291 400.000000 0.000000
3381.775672 400.000000 0.000000
2149.093108 400.000000 0.000000
1164.176059 400.000000 0.000000
4938.097285 400.000000 0.000000
1532.860677 400.000000 0.000000
2473.185188 400.000000 0.000000
3743.074466 400.000000 0.000000
4459.217804 400.000000 0.000000
226.427480 400.000000 0.000000
2137.805360 400.000000 0.000000
1134.892212 400.000000 0.000000
2420.364926 400.000000 0.000000
823.228150 400.000000 0.000000
449.037441 400.000000 0.000000
1921.318687 400.000000 0.000000
119.177361 400.000000 0.000000
1648.672734 400.000000 0.000000
2656.153679 400.000000 0.000000
2383.416804 400.000000 0.000000
4387.412368 400.000000 0.000000
2277.508138 400.000000 0.000000
2486.512475 400.000000 0.000000
1980.921503 400.000000 0.000000
4430.623640 400.000000 0.000000
3680.350460 400.000000 0.000000
544.587976 400.000000 0.000000
1989.609511 400.000000 0.000000
4212.875105 400.000000 0.000000
4131.001600 400.000000 0.000000
4683.275827 400.000000 0.000000
1227.948051 400.000000 0.000000
3198.443082 400.000000 0.000000
2466.675155 400.000000 0.000000
367.247534 400.000000 0.000000
3900.690506 400.000000 0.000000
210.560616 400.000000 0.000000
3505.582383 400.000000 0.000000
4702.616334 400.000000 0.000000
3502.740852 400.000000 0.000000
3883.801359 400.000000 0.000000
963.712904 400.000000 0.000000
34.626344 400.000000 0.000000
4214.918128 400.000000 0.000000
4596.620882 400.000000 0.000000
1210.416344 400.000000 0.000000
950.503370 400.000000 0.000000
3675.423195 400.000000 0.000000
822.611594 400.000000 0.000000
4951.532250 400.000000 0.000000
4914.239699 400.000000 0.000000
3285.847694 400.000000 0.000000
93.868221 400.000000 0.000000
3797.982412 400.000000 0.000000
1787.838053 400.000000 0.000000
2545.081719 400.000000 0.000000
3694.498405 400.000000 0.000000
2839.615818 400.000000 0.000000
1445.283170 400.000000 0.000000
2075.085702 400.000000 0.000000
4905.272806 400.000000 0.000000
1829.422395 400.000000 0.000000
2589.391307 400.000000 0.000000
4221.045109 400.000000 0.000000
4840.613264 400.000000 0.000000
1294.472642 400.000000 0.000000
2391.552204 400.000000 0.000000
2186.704932 400.000000 0.000000
1896.990003 400.000000 0.000000
1015.409419 400.000000 0.000000
2754.103742 400.000000 0.000000
1277.713613 400.000000 0.000000
2750.490153 400.000000 0.000000
4352.389695 400.000000 0.000000
1206.151068 400.000000 0.000000
785.541188 400.000000 0.000000
1091.304137 400.000000 0.000000
581.388687 400.000000 0.000000
3745.091377 400.000000 0.000000
791.453293 400.000000 0.000000
2381.769533 400.000000 0.000000
2726.636617 400.000000 0.000000
4394.890607 400.000000 0.000000
85.721085 400.000000 0.000000
2714.909937 400.000000 0.000000
1590.090408 400.000000 0.000000
3944.026714 400.000000 0.000000
4358.606871 400.000000 0.000000
3692.452047 400.000000 0.000000
461.665073 400.000000 0.000000
1506.993215 400.000000 0.000000
3185.516432 400.000000 0.000000
2857.821357 400.000000 0.000000
3564.051710 400.000000 0.000000
3221.446211 400.000000 0.000000
1152.380039 400.000000 0.000000
4858.477932 400.000000 0.000000
4830.797141 400.000000 0.000000
1459.419543 400.000000 0.000000
876.429089 400.000000 0.000000
1564.412761 400.000000 0.000000
4923.256399 400.000000 0.000000
2841.956771 400.000000 0.000000
4222.342819 400.000000 0.000000
722.169540 400.000000 0.000000
2299.703048 400.000000 0.000000
3039.489526 400.000000 0.000000
920.613526 400.000000 0.000000
1714.027465 400.000000 0.000000
3032.164988 400.000000 0.000000
4190.982927 400.000000 0.000000
930.942589 400.000000 0.000000
151.372345 400.000000 0.000000
1536.959289 400.000000 0.000000
626.430145 400.000000 0.000000
1351.974824 400.000000 0.000000
4370.807403 400.000000 0.000000
1852.547787 400.000000 0.000000
4471.166850 400.000000 0.000000
2039.978369 400.000000 0.000000
4409.392343 400.000000 0.000000
3239.756192 400.000000 0.000000
1184.933637 400.000000 0.000000
2644.036679 400.000000 0.000000
1468.657712 400.000000 0.000000
471.602126 400.000000 0.000000
4672.693129 400.000000 0.000000
608.396662 400.000000 0.000000
1748.408802 400.000000 0.000000
335.134289 400.000000 0.000000
3210.983846 400.000000 0.000000
3462.235688 400.000000 0.000000
1674.633666 400.000000 0.000000
1871.220968 400.000000 0.000000
1569.425256 400.000000 0.000000
2693.691473 400.000000 0.000000
492.962615 400.000000 0.000000
2452.571127 400.000000 0.000000
1643.678352 400.000000 0.000000
3548.628968 400.000000 0.000000
4408.490148 400.000000 0.000000
1965.002405 400.000000 0.000000
4271.216365 400.000000 0.000000
2318.882965 400.000000 0.000000
2635.281949 400.000000 0.000000
2466.549462 400.000000 0.000000
1338.921681 400.000000 0.000000
2915.387381 400.000000 0.000000
286.757083 400.000000 0.000000
4796.681842 400.000000 0.000000
3857.085867 400.000000 0.000000
213.592316 400.000000 0.000000
2492.166844 400.000000 0.000000
261.471351 400.000000 0.000000
2807.757248 400.000000 0.000000
4801.809547 400.000000 0.000000
3099.086570 400.000000 0.000000
2643.141841 400.000000 0.000000
3491.175893 400.000000 0.000000
930.810208 400.000000 0.000000
2769.990838 400.000000 0.000000
3330.601458 400.000000 0.000000
763.655243 400.000000 0.000000
4743.750787 400.000000 0.000000
934.128945 400.000000 0.000000
2902.563320 400.000000 0.000000
4255.122208 400.000000 0.000000
534.329218 400.000000 0.000000
3379.308684 400.000000 0.000000
3980.226200 400.000000 0.000000
3288.230515 400.000000 0.000000
46.747619 400.000000 0.000000
1031.337939 400.000000 0.000000
3182.101840 400.000000 0.000000
191.282302 400.000000 0.000000
3388.551251 400.000000 0.000000
3389.589627 400.000000 0.000000
3358.421343 400.000000 0.000000
1981.588580 400.000000 0.000000
3307.985237 400.000000 0.000000
3166.801917 400.000000 0.000000
4810.621194 400.000000 0.000000
4963.557089 400.000000 0.000000
496.724132 400.000000 0.000000
339.466371 400.000000 0.000000
2130.065758 400.000000 0.000000
4735.227511 400.000000 0.000000
3541.630047 400.000000 0.000000
2334.089231 400.000000 0.000000
224.181443 400.000000 0.000000
3742.904608 400.000000 0.000000
3391.853472 400.000000 0.000000
1054.606716 400.000000 0.000000
1992.451531 400.000000 0.000000
4768.377923 400.000000 0.000000
144.511424 400.000000 0.000000
4678.832847 400.000000 0.000000
4234.652368 400.000000 0.000000
3313.800879 400.000000 0.000000
4339.554517 400.000000 0.000000
3261.796618 400.000000 0.000000
2264.024701 400.000000 0.000000
1526.144912 400.000000 0.000000
1760.174935 400.000000 0.000000
1398.217011 400.000000 0.000000
1180.227970 400.000000 0.000000
135.017304 400.000000 0.000000
3260.311943 400.000000 0.000000
3560.001133 400.000000 0.000000
3099.654334 400.000000 0.000000
627.195388 400.000000 0.000000
2263.949817 400.000000 0.000000
4611.657548 400.000000 0.000000
604.221796 400.000000 0.000000
2019.044873 400.000000 0.000000
1301.452230 400.000000 0.000000
3894.218192 400.000000 0.000000
3339.205998 400.000000 0.000000
133.947186 400.000000 0.000000
2456.661504 400.000000 0.000000
4575.304438 400.000000 0.000000
3520.126733 400.000000 0.000000
3141.004265 400.000000 0.000000
2891.692333 400.000000 0.000000
3145.782078 400.000000 0.000000
3652.053245 400.000000 0.000000
3206.591670 400.000000 0.000000
2318.546673 400.000000 0.000000
3071.456196 400.000000 0.000000
1272.353278 400.000000 0.000000
4043.413459 400.000000 0.000000
1144.918652 400.000000 0.000000
2252.389981 400.000000 0.000000
4371.175709 400.000000 0.000000
1013.869529 400.000000 0.000000
2618.555961 400.000000 0.000000
632.591329 400.000000 0.000000
2897.014495 400.000000 0.000000
1309.423352 400.000000 0.000000
1038.845285 400.000000 0.000000
2764.190801 400.000000 0.000000
4256.976820 400.000000 0.000000
2567.972187 400.000000 0.000000
2791.299223 400.000000 0.000000
3330.742677 400.000000 0.000000
4994.873285 400.000000 0.000000
891.370372 400.000000 0.000000
583.698179 400.000000 0.000000
342.127716 400.000000 0.000000
3113.566887 400.000000 0.000000
1572.414752 400.000000 0.000000
4449.139666 400.000000 0.000000
4032.388300 400.000000 0.000000
2149.584745 400.000000 0.000000
2623.477288 400.000000 0.000000
2263.377651 400.000000 0.000000
3153.715607 400.000000 0.000000
2832.972427 400.000000 0.000000
4794.303316 400.000000 0.000000
4540.261432 400.000000 0.000000
3504.491311 400.000000 0.000000
1885.126921 400.000000 0.000000
3418.981129 400.000000 0.000000
990.442311 400.000000 0.000000
3087.003496 400.000000 0.000000
2068.630792 400.000000 0.000000
4117.942083 400.000000 0.000000
3777.889740 400.000000 0.000000
3515.486586 400.000000 0.000000
1821.471389 400.000000 0.000000
4098.934931 400.000000 0.000000
3757.908817 400.000000 0.000000
243.847545 400.000000 0.000000
2642.845016 400.000000 0.000000
3083.740962 400.000000 0.000000
1354.714155 400.000000 0.000000
4004.208733 400.000000 0.000000
1175.871113 400.000000 0.000000
4518.932762 400.000000 0.000000
1294.007846 400.000000 0.000000
956.682062 400.000000 0.000000
62.051710 400.000000 0.000000
4267.069991 400.000000 0.000000
3105.043558 400.000000 0.000000
4279.309656 400.000000 0.000000
700.531005 400.000000 0.000000
4363.439820 400.000000 0.000000
3544.198677 400.000000 0.000000
463.204946 400.000000 0.000000
103.752097 400.000000 0.000000
3913.182592 400.000000 0.000000
150.412618 400.000000 0.000000
2523.053160 400.000000 0.000000
408.110891 400.000000 0.000000
3867.468724 400.000000 0.000000
4362.886408 400.000000 0.000000
4400.156240 400.000000 0.000000
4417.621496 400.000000 0.000000
4362.136641 400.000000 0.000000
2293.611127 400.000000 0.000000
4511.494206 400.000000 0.000000
2739.524759 400.000000 0.000000
279.942176 400.000000 0.000000
2955.899439 400.000000 0.000000
2819.708547 400.000000 0.000000
3880.650379 400.000000 0.000000
1477.848892 400.000000 0.000000
204.268267 400.000000 0.000000
1992.835916 400.000000 0.000000
1411.373101 400.000000 0.000000
4033.581605 400.000000 0.000000
2535.796810 400.000000 0.000000
3440.754823 400.000000 0.000000
2473.320202 400.000000 0.000000
2272.730202 400.000000 0.000000
2107.400456 400.000000 0.000000
196.258664 400.000000 0.000000
455.981016 400.000000 0.000000
1969.076546 400.000000 0.000000
676.865974 400.000000 0.000000
4843.252915 400.000000 0.000000
4058.380554 400.000000 0.000000
1629.827055 400.000000 0.000000
4809.995890 400.000000 0.000000
501.406010 400.000000 0.000000
514.623062 400.000000 0.000000
1536.295452 400.000000 0.000000
1668.410298 400.000000 0.000000
4289.830668 400.000000 0.000000
2614.608681 400.000000 0.000000
3077.500205 400.000000 0.000000
4907.793419 400.000000 0.000000
3987.423693 400.000000 0.000000
994.048371 400.000000 0.000000
2283.520951 400.000000 0.000000
2854.853985 400.000000 0.000000
1074.543482 400.000000 0.000000
3432.166571 400.000000 0.000000
1393.010576 400.000000 0.000000
898.699241 400.000000 0.000000
1987.489731 400.000000 0.000000
814.294675 400.000000 0.000000
4013.108810 400.000000 0.000000
418.229566 400.000000 0.000000
3191.353761 400.000000 0.000000
1154.282592 400.000000 0.000000
2900.471897 400.000000 0.000000
4321.462569 400.000000 0.000000
4663.691436 400.000000 0.000000
4106.965618 400.000000 0.000000
2402.952363 400.000000 0.000000
3181.865079 400.000000 0.000000
907.543279 400.000000 0.000000
2346.002506 400.000000 0.000000
1546.382206 400.000000 0.000000
3344.052156 400.000000 0.000000
3611.705806 400.000000 0.000000
2874.283345 400.000000 0.000000
2639.272565 400.000000 0.000000
4046.157793 400.000000 0.000000
4934.413307 400.000000 0.000000
1619.302480 400.000000 0.000000
3031.982294 400.000000 0.000000
3797.794828 400.000000 0.000000
3954.840901 400.000000 0.000000
349.649071 400.000000 0.000000
2752.327070 400.000000 0.000000
46.491412 400.000000 0.000000
3923.147374 400.000000 0.000000
3445.220572 400.000000 0.000000
4817.940454 400.000000 0.000000
2582.207988 400.000000 0.000000
1785.891523 400.000000 0.000000
2411.684459 400.000000 0.000000
2149.798010 400.000000 0.000000
4981.530737 400.000000 0.000000
3005.880055 400.000000 0.000000
3925.021035 400.000000 0.000000
4852.710606 400.000000 0.000000
2439.272745 400.000000 0.000000
474.633761 400.000000 0.000000
4896.658866 400.000000 0.000000
604.388696 400.000000 0.000000
3151.301681 400.000000 0.000000
971.237698 400.000000 0.000000
1065.408515 400.000000 0.000000
72.993899 400.000000 0.000000
1833.355575 400.000000 0.000000
1700.503887 400.000000 0.000000
3608.931737 400.000000 0.000000
1837.665563 400.000000 0.000000
105.167686 400.000000 0.000000
658.439962 400.000000 0.000000
2933.798379 400.000000 0.000000
3668.023201 400.000000 0.000000
4318.175754 400.000000 0.000000
684.973228 400.000000 0.000000
262.134889 400.000000 0.000000
2031.117042 400.000000 0.000000
1208.284735 400.000000 0.000000
2362.253515 400.000000 0.000000
4361.079896 400.000000 0.000000
2273.596163 400.000000 0.000000
357.895348 400.000000 0.000000
1570.306221 400.000000 0.000000
2464.115571 400.000000 0.000000
3708.605669 400.000000 0.000000
3473.918317 400.000000 0.000000
4914.339359 400.000000 0.000000
1598.740686 400.000000 0.000000
4021.018520 400.000000 0.000000
267.339076 400.000000 0.000000
3730.776741 400.000000 0.000000
1517.374654 400.000000 0.000000
465.407569 400.000000 0.000000
4672.658321 400.000000 0.000000
3734.340931 400.000000 0.000000
500.242357 400.000000 0.000000
3601.482540 400.000000 0.000000
1053.768699 400.000000 0.000000
4815.483748 400.000000 0.000000
3745.947056 400.000000 0.000000
3698.109660 400.000000 0.000000
2550.361636 400.000000 0.000000
436.464932 400.000000 0.000000
3250.102347 400.000000 0.000000
411.824248 400.000000 0.000000
3634.603727 400.000000 0.000000
2663.091327 400.000000 0.000000
3746.529332 400.000000 0.000000
4306.334700 400.000000 0.000000
173.497241 400.000000 0.000000
465.612292 400.000000 0.000000
3276.285476 400.000000 0.000000
4797.589236 400.000000 0.000000
2435.286155 400.000000 0.000000
4299.478724 400.000000 0.000000
423.972105 400.000000 0.000000
3592.708575 400.000000 0.000000
4254.591640 400.000000 0.000000
4094.423908 400.000000 0.000000
3581.372299 400.000000 0.000000
2041.119649 400.000000 0.000000
3182.928350 400.000000 0.000000
2619.193515 400.000000 0.000000
1860.194362 400.000000 0.000000
1767.130484 400.000000 0.000000
2990.245235 400.000000 0.000000
487.434373 400.000000 0.000000
1381.765191 400.000000 0.000000
