537.838379 900.000000 1.000000
838.941589 900.000000 1.000000
818.830627 900.000000 1.000000
1161.022461 900.000000 1.000000
1148.292603 900.000000 1.000000
1154.165771 900.000000 1.000000
1219.499268 900.000000 1.000000
691.702515 900.000000 1.000000
1272.707764 900.000000 1.000000
1043.556274 900.000000 1.000000
1732.218262 900.000000 1.000000
1146.247681 900.000000 1.000000
949.202637 900.000000 1.000000
850.563843 900.000000 1.000000
1332.831177 900.000000 1.000000
981.097473 900.000000 1.000000
1245.490234 900.000000 1.000000
998.077209 900.000000 1.000000
1227.314453 900.000000 1.000000
1483.591187 900.000000 1.000000
590.589355 900.000000 1.000000
778.114990 900.000000 1.000000
1205.292603 900.000000 1.000000
2110.826660 900.000000 1.000000
1037.403809 900.000000 1.000000
688.100525 900.000000 1.000000
951.910278 900.000000 1.000000
973.393921 900.000000 1.000000
790.333069 900.000000 1.000000
879.186951 900.000000 1.000000
858.128418 900.000000 1.000000
2020.159790 900.000000 1.000000
566.862061 900.000000 1.000000
1074.373047 900.000000 1.000000
777.532532 900.000000 1.000000
1417.561157 900.000000 1.000000
824.878052 900.000000 1.000000
779.735901 900.000000 1.000000
948.801025 900.000000 1.000000
3848.375732 900.000000 1.000000
1230.321045 900.000000 1.000000
924.538513 900.000000 1.000000
876.760681 900.000000 1.000000
1074.245117 900.000000 1.000000
824.893677 900.000000 1.000000
2230.097168 900.000000 1.000000
1404.948242 900.000000 1.000000
882.681091 900.000000 1.000000
1176.307617 900.000000 1.000000
1025.768311 900.000000 1.000000
1378.922241 900.000000 1.000000
921.562439 900.000000 1.000000
905.231689 900.000000 1.000000
1246.960083 900.000000 1.000000
1147.773071 900.000000 1.000000
818.775024 900.000000 1.000000
780.038269 900.000000 1.000000
2747.180420 900.000000 1.000000
1068.478149 900.000000 1.000000
1794.929932 900.000000 1.000000
1242.382690 900.000000 1.000000
1830.851074 900.000000 1.000000
1017.863525 900.000000 1.000000
775.599976 900.000000 1.000000
939.276306 900.000000 1.000000
806.537659 900.000000 1.000000
1346.728882 900.000000 1.000000
1109.709961 900.000000 1.000000
864.915100 900.000000 1.000000
1113.254639 900.000000 1.000000
1062.399170 900.000000 1.000000
1354.731567 900.000000 1.000000
915.092468 900.000000 1.000000
833.500366 900.000000 1.000000
1587.380249 900.000000 1.000000
892.621948 900.000000 1.000000
1223.202515 900.000000 1.000000
1438.658325 900.000000 1.000000
1606.603394 900.000000 1.000000
787.669067 900.000000 1.000000
1025.071655 900.000000 1.000000
866.454041 900.000000 1.000000
1032.069702 900.000000 1.000000
1901.770264 900.000000 1.000000
906.154358 900.000000 1.000000
942.348083 900.000000 1.000000
3414.075928 900.000000 1.000000
1537.322998 900.000000 1.000000
768.433960 900.000000 1.000000
1063.055054 900.000000 1.000000
1306.828613 900.000000 1.000000
1253.138062 900.000000 1.000000
1467.628052 900.000000 1.000000
873.624023 900.000000 1.000000
873.022949 900.000000 1.000000
808.031006 900.000000 1.000000
918.848267 900.000000 1.000000
1754.571411 900.000000 1.000000
1846.540649 900.000000 1.000000
747.000610 900.000000 1.000000
770.368591 900.000000 1.000000
923.687744 900.000000 1.000000
711.115723 900.000000 1.000000
913.208313 900.000000 1.000000
938.240784 900.000000 1.000000
632.521301 900.000000 1.000000
2470.910645 900.000000 1.000000
727.052368 900.000000 1.000000
929.369873 900.000000 1.000000
845.840881 900.000000 1.000000
1138.339966 900.000000 1.000000
2153.200928 900.000000 1.000000
887.277649 900.000000 1.000000
1179.501465 900.000000 1.000000
892.794678 900.000000 1.000000
643.610840 900.000000 1.000000
845.774475 900.000000 1.000000
854.121765 900.000000 1.000000
805.951904 900.000000 1.000000
902.501892 900.000000 1.000000
588.874451 900.000000 1.000000
1024.151001 900.000000 1.000000
830.912842 900.000000 1.000000
835.007019 900.000000 1.000000
1004.462280 900.000000 1.000000
1039.004395 900.000000 1.000000
947.525513 900.000000 1.000000
1432.064575 900.000000 1.000000
906.324707 900.000000 1.000000
1013.350464 900.000000 1.000000
1030.622925 900.000000 1.000000
1341.070801 900.000000 1.000000
917.216248 900.000000 1.000000
809.745728 900.000000 1.000000
780.533936 900.000000 1.000000
1431.893311 900.000000 1.000000
900.934692 900.000000 1.000000
3614.836914 900.000000 1.000000
981.552673 900.000000 1.000000
1704.187866 900.000000 1.000000
875.499878 900.000000 1.000000
905.560425 900.000000 1.000000
1080.205322 900.000000 1.000000
1378.496948 900.000000 1.000000
1257.785034 900.000000 1.000000
1226.217529 900.000000 1.000000
1355.453613 900.000000 1.000000
999.649109 900.000000 1.000000
850.741394 900.000000 1.000000
992.479004 900.000000 1.000000
2729.531006 900.000000 1.000000
1100.215942 900.000000 1.000000
929.828735 900.000000 1.000000
805.965088 900.000000 1.000000
952.575500 900.000000 1.000000
644.896118 900.000000 1.000000
950.349304 900.000000 1.000000
837.735291 900.000000 1.000000
1204.876343 900.000000 1.000000
618.056946 900.000000 1.000000
1289.442749 900.000000 1.000000
1277.824585 900.000000 1.000000
1072.608276 900.000000 1.000000
866.052246 900.000000 1.000000
773.279297 900.000000 1.000000
897.225037 900.000000 1.000000
924.942810 900.000000 1.000000
897.786743 900.000000 1.000000
1701.929810 900.000000 1.000000
1047.148315 900.000000 1.000000
961.940674 900.000000 1.000000
850.416443 900.000000 1.000000
1180.545532 900.000000 1.000000
1270.473511 900.000000 1.000000
877.411011 900.000000 1.000000
750.471191 900.000000 1.000000
853.777954 900.000000 1.000000
2774.256836 900.000000 1.000000
1776.996704 900.000000 1.000000
944.783630 900.000000 1.000000
1141.591431 900.000000 1.000000
1306.031250 900.000000 1.000000
1290.442627 900.000000 1.000000
977.839233 900.000000 1.000000
1264.166382 900.000000 1.000000
1100.524536 900.000000 1.000000
1208.807495 900.000000 1.000000
963.677002 900.000000 1.000000
952.779053 900.000000 1.000000
2251.177246 900.000000 1.000000
857.095947 900.000000 1.000000
2322.120605 900.000000 1.000000
1155.949097 900.000000 1.000000
1317.844482 900.000000 1.000000
1639.550171 900.000000 1.000000
1140.379395 900.000000 1.000000
1885.300537 900.000000 1.000000
2024.567383 900.000000 1.000000
722.409912 900.000000 1.000000
1044.132446 900.000000 1.000000
858.915344 900.000000 1.000000
975.484070 900.000000 1.000000
786.707581 900.000000 1.000000
1855.463989 900.000000 1.000000
940.199219 900.000000 1.000000
1164.047607 900.000000 1.000000
1072.269897 900.000000 1.000000
1045.187256 900.000000 1.000000
859.303406 900.000000 1.000000
964.401489 900.000000 1.000000
910.736084 900.000000 1.000000
899.310486 900.000000 1.000000
933.553650 900.000000 1.000000
1576.740356 900.000000 1.000000
667.935120 900.000000 1.000000
916.410339 900.000000 1.000000
552.655029 900.000000 1.000000
867.870972 900.000000 1.000000
1036.059692 900.000000 1.000000
1240.691040 900.000000 1.000000
1051.454590 900.000000 1.000000
1118.096924 900.000000 1.000000
1041.980225 900.000000 1.000000
809.141907 900.000000 1.000000
951.257263 900.000000 1.000000
796.245056 900.000000 1.000000
669.572571 900.000000 1.000000
1155.639160 900.000000 1.000000
820.675293 900.000000 1.000000
958.800049 900.000000 1.000000
1967.109375 900.000000 1.000000
975.963745 900.000000 1.000000
866.939331 900.000000 1.000000
884.402710 900.000000 1.000000
983.947876 900.000000 1.000000
1220.854126 900.000000 1.000000
1531.187622 900.000000 1.000000
723.496521 900.000000 1.000000
1252.303711 900.000000 1.000000
720.821289 900.000000 1.000000
855.012451 900.000000 1.000000
1892.866699 900.000000 1.000000
928.057190 900.000000 1.000000
1131.219360 900.000000 1.000000
737.975525 900.000000 1.000000
1533.035645 900.000000 1.000000
1085.237427 900.000000 1.000000
990.055237 900.000000 1.000000
2495.429199 900.000000 1.000000
1096.109619 900.000000 1.000000
1261.685425 900.000000 1.000000
1192.006592 900.000000 1.000000
1177.550049 900.000000 1.000000
1250.686768 900.000000 1.000000
940.908264 900.000000 1.000000
965.941467 900.000000 1.000000
1077.951172 900.000000 1.000000
931.632874 900.000000 1.000000
873.299988 900.000000 1.000000
918.625488 900.000000 1.000000
1141.017212 900.000000 1.000000
1607.536133 900.000000 1.000000
984.330505 900.000000 1.000000
702.771118 900.000000 1.000000
865.967346 900.000000 1.000000
932.693726 900.000000 1.000000
1263.362427 900.000000 1.000000
1025.786011 900.000000 1.000000
934.459900 900.000000 1.000000
752.858032 900.000000 1.000000
841.049500 900.000000 1.000000
871.528442 900.000000 1.000000
577.346375 900.000000 1.000000
853.779907 900.000000 1.000000
649.001404 900.000000 1.000000
896.865479 900.000000 1.000000
1235.600464 900.000000 1.000000
644.862366 900.000000 1.000000
1218.282959 900.000000 1.000000
1081.393433 900.000000 1.000000
733.703064 900.000000 1.000000
831.651550 900.000000 1.000000
889.126953 900.000000 1.000000
2034.048828 900.000000 1.000000
774.411743 900.000000 1.000000
1340.335327 900.000000 1.000000
976.065369 900.000000 1.000000
1491.070801 900.000000 1.000000
1690.838013 900.000000 1.000000
1726.218872 900.000000 1.000000
987.745117 900.000000 1.000000
1165.130127 900.000000 1.000000
852.847107 900.000000 1.000000
1099.506226 900.000000 1.000000
876.935913 900.000000 1.000000
1060.835815 900.000000 1.000000
1922.906982 900.000000 1.000000
1051.088013 900.000000 1.000000
1121.330811 900.000000 1.000000
766.392029 900.000000 1.000000
888.458984 900.000000 1.000000
763.072998 900.000000 1.000000
947.300293 900.000000 1.000000
817.811829 900.000000 1.000000
1367.954712 900.000000 1.000000
836.867981 900.000000 1.000000
954.822144 900.000000 1.000000
655.168457 900.000000 1.000000
1094.898193 900.000000 1.000000
836.625366 900.000000 1.000000
1536.004517 900.000000 1.000000
867.229431 900.000000 1.000000
1576.918457 900.000000 1.000000
1214.303711 900.000000 1.000000
1502.803955 900.000000 1.000000
1457.229370 900.000000 1.000000
886.062134 900.000000 1.000000
1075.654053 900.000000 1.000000
1006.883362 900.000000 1.000000
1051.635986 900.000000 1.000000
1037.045044 900.000000 1.000000
1459.305298 900.000000 1.000000
744.351562 900.000000 1.000000
1135.452759 900.000000 1.000000
936.765869 900.000000 1.000000
812.070801 900.000000 1.000000
599.557434 900.000000 1.000000
961.068726 900.000000 1.000000
1392.013306 900.000000 1.000000
1169.548218 900.000000 1.000000
988.628601 900.000000 1.000000
968.262878 900.000000 1.000000
1710.085449 900.000000 1.000000
1013.032471 900.000000 1.000000
1073.713867 900.000000 1.000000
871.556335 900.000000 1.000000
912.038757 900.000000 1.000000
1451.753784 900.000000 1.000000
708.102600 900.000000 1.000000
760.455017 900.000000 1.000000
717.153076 900.000000 1.000000
1000.508606 900.000000 1.000000
1140.753418 900.000000 1.000000
1032.754517 900.000000 1.000000
815.211975 900.000000 1.000000
965.026672 900.000000 1.000000
825.825378 900.000000 1.000000
1094.755493 900.000000 1.000000
952.036621 900.000000 1.000000
844.087402 900.000000 1.000000
839.111816 900.000000 1.000000
1340.647339 900.000000 1.000000
1069.355103 900.000000 1.000000
2071.129150 900.000000 1.000000
874.477783 900.000000 1.000000
1241.142456 900.000000 1.000000
875.879395 900.000000 1.000000
832.165771 900.000000 1.000000
972.217102 900.000000 1.000000
834.328552 900.000000 1.000000
1086.929688 900.000000 1.000000
896.021362 900.000000 1.000000
752.698486 900.000000 1.000000
773.906616 900.000000 1.000000
596.231506 900.000000 1.000000
1247.755981 900.000000 1.000000
888.518860 900.000000 1.000000
1665.011719 900.000000 1.000000
983.278320 900.000000 1.000000
1022.289001 900.000000 1.000000
1178.146729 900.000000 1.000000
940.901550 900.000000 1.000000
888.486389 900.000000 1.000000
1507.626953 900.000000 1.000000
948.853760 900.000000 1.000000
913.497070 900.000000 1.000000
1008.415527 900.000000 1.000000
751.275330 900.000000 1.000000
795.986328 900.000000 1.000000
980.769531 900.000000 1.000000
1370.750366 900.000000 1.000000
922.918762 900.000000 1.000000
1074.387451 900.000000 1.000000
689.721252 900.000000 1.000000
1500.148071 900.000000 1.000000
938.115784 900.000000 1.000000
1361.772827 900.000000 1.000000
1202.044556 900.000000 1.000000
2342.842773 900.000000 1.000000
2898.598145 900.000000 1.000000
1261.978638 900.000000 1.000000
1430.704224 900.000000 1.000000
714.587769 900.000000 1.000000
965.537659 900.000000 1.000000
812.916687 900.000000 1.000000
1214.194092 900.000000 1.000000
807.276855 900.000000 1.000000
975.025208 900.000000 1.000000
1300.833984 900.000000 1.000000
1090.133301 900.000000 1.000000
794.216309 900.000000 1.000000
929.259644 900.000000 1.000000
820.620056 900.000000 1.000000
940.105530 900.000000 1.000000
898.265808 900.000000 1.000000
1127.781250 900.000000 1.000000
1025.877686 900.000000 1.000000
832.778137 900.000000 1.000000
1121.185913 900.000000 1.000000
1010.528931 900.000000 1.000000
793.784302 900.000000 1.000000
1262.786377 900.000000 1.000000
1609.788696 900.000000 1.000000
1498.359619 900.000000 1.000000
1011.502930 900.000000 1.000000
5190.314941 900.000000 1.000000
739.046997 900.000000 1.000000
793.768921 900.000000 1.000000
910.204590 900.000000 1.000000
1636.419312 900.000000 1.000000
1430.405640 900.000000 1.000000
1058.690674 900.000000 1.000000
877.667358 900.000000 1.000000
968.234131 900.000000 1.000000
777.009827 900.000000 1.000000
1217.433594 900.000000 1.000000
621.916687 900.000000 1.000000
1515.932983 900.000000 1.000000
805.586304 900.000000 1.000000
1715.737427 900.000000 1.000000
1049.275391 900.000000 1.000000
1157.466553 900.000000 1.000000
794.017273 900.000000 1.000000
1167.180298 900.000000 1.000000
1240.060425 900.000000 1.000000
1649.479248 900.000000 1.000000
909.598145 900.000000 1.000000
1789.433594 900.000000 1.000000
1362.037476 900.000000 1.000000
3523.036133 900.000000 1.000000
888.704895 900.000000 1.000000
975.391724 900.000000 1.000000
1166.845703 900.000000 1.000000
920.260437 900.000000 1.000000
879.005371 900.000000 1.000000
1117.146118 900.000000 1.000000
914.093750 900.000000 1.000000
1243.502441 900.000000 1.000000
753.050293 900.000000 1.000000
688.477112 900.000000 1.000000
1163.722534 900.000000 1.000000
824.260986 900.000000 1.000000
1777.227661 900.000000 1.000000
1081.702881 900.000000 1.000000
2630.305176 900.000000 1.000000
1256.513306 900.000000 1.000000
1498.740601 900.000000 1.000000
969.241455 900.000000 1.000000
808.486267 900.000000 1.000000
986.214417 900.000000 1.000000
686.098450 900.000000 1.000000
925.714722 900.000000 1.000000
1096.453247 900.000000 1.000000
1028.928345 900.000000 1.000000
1530.241821 900.000000 1.000000
934.225281 900.000000 1.000000
1470.451904 900.000000 1.000000
985.321411 900.000000 1.000000
793.492554 900.000000 1.000000
849.714355 900.000000 1.000000
977.430115 900.000000 1.000000
1433.949707 900.000000 1.000000
972.426453 900.000000 1.000000
873.639465 900.000000 1.000000
1867.735718 900.000000 1.000000
1823.425171 900.000000 1.000000
1022.329163 900.000000 1.000000
825.802368 900.000000 1.000000
867.137634 900.000000 1.000000
1090.289917 900.000000 1.000000
995.425354 900.000000 1.000000
766.860718 900.000000 1.000000
948.470276 900.000000 1.000000
1596.419556 900.000000 1.000000
1271.728882 900.000000 1.000000
960.672974 900.000000 1.000000
964.693848 900.000000 1.000000
856.371948 900.000000 1.000000
1786.980591 900.000000 1.000000
920.102234 900.000000 1.000000
887.565369 900.000000 1.000000
1323.686157 900.000000 1.000000
820.211609 900.000000 1.000000
1034.934204 900.000000 1.000000
928.932983 900.000000 1.000000
1498.217773 900.000000 1.000000
842.884216 900.000000 1.000000
1471.562134 900.000000 1.000000
1266.508911 900.000000 1.000000
855.958252 900.000000 1.000000
1181.567505 900.000000 1.000000
1079.980103 900.000000 1.000000
1193.783691 900.000000 1.000000
1500.942871 900.000000 1.000000
760.949158 900.000000 1.000000
1222.339966 900.000000 1.000000
1513.817871 900.000000 1.000000
903.425415 900.000000 1.000000
1563.824585 900.000000 1.000000
823.793396 900.000000 1.000000
1448.380615 900.000000 1.000000
734.318298 900.000000 1.000000
1404.331543 900.000000 1.000000
897.046509 900.000000 1.000000
1126.107666 900.000000 1.000000
1055.756836 900.000000 1.000000
1129.852173 900.000000 1.000000
1876.848145 900.000000 1.000000
934.996277 900.000000 1.000000
1097.211670 900.000000 1.000000
1508.807861 900.000000 1.000000
1613.357666 900.000000 1.000000
888.047668 900.000000 1.000000
1146.220093 900.000000 1.000000
1407.398315 900.000000 1.000000
1052.105469 900.000000 1.000000
835.991333 900.000000 1.000000
752.263855 900.000000 1.000000
1394.037842 900.000000 1.000000
1315.412231 900.000000 1.000000
1201.302490 900.000000 1.000000
766.898376 900.000000 1.000000
795.161194 900.000000 1.000000
1176.981445 900.000000 1.000000
878.159241 900.000000 1.000000
849.121826 900.000000 1.000000
883.617310 900.000000 1.000000
909.133606 900.000000 1.000000
1704.477905 900.000000 1.000000
1546.825195 900.000000 1.000000
3188.728271 900.000000 1.000000
910.646667 900.000000 1.000000
867.386108 900.000000 1.000000
943.976562 900.000000 1.000000
1054.296143 900.000000 1.000000
1000.723877 900.000000 1.000000
1073.422729 900.000000 1.000000
889.182800 900.000000 1.000000
1430.782959 900.000000 1.000000
828.071777 900.000000 1.000000
1104.180908 900.000000 1.000000
866.483032 900.000000 1.000000
1270.194336 900.000000 1.000000
1011.136353 900.000000 1.000000
1167.040283 900.000000 1.000000
936.169128 900.000000 1.000000
1313.051270 900.000000 1.000000
815.481079 900.000000 1.000000
1023.995605 900.000000 1.000000
870.867737 900.000000 1.000000
912.020996 900.000000 1.000000
730.468872 900.000000 1.000000
853.830688 900.000000 1.000000
735.414185 900.000000 1.000000
1880.828125 900.000000 1.000000
1013.058411 900.000000 1.000000
928.440613 900.000000 1.000000
1164.719238 900.000000 1.000000
648.168152 900.000000 1.000000
1176.339966 900.000000 1.000000
956.315125 900.000000 1.000000
684.304993 900.000000 1.000000
1312.865845 900.000000 1.000000
780.981018 900.000000 1.000000
1083.263794 900.000000 1.000000
731.232056 900.000000 1.000000
1997.354126 900.000000 1.000000
974.925842 900.000000 1.000000
752.899231 900.000000 1.000000
825.718262 900.000000 1.000000
943.892700 900.000000 1.000000
2069.013428 900.000000 1.000000
851.632751 900.000000 1.000000
1046.509155 900.000000 1.000000
1063.925659 900.000000 1.000000
857.093262 900.000000 1.000000
1696.164551 900.000000 1.000000
2198.994629 900.000000 1.000000
1329.452759 900.000000 1.000000
987.083801 900.000000 1.000000
902.843201 900.000000 1.000000
925.133362 900.000000 1.000000
652.437866 900.000000 1.000000
802.072571 900.000000 1.000000
805.816467 900.000000 1.000000
1012.533142 900.000000 1.000000
1564.284424 900.000000 1.000000
984.678528 900.000000 1.000000
878.898438 900.000000 1.000000
882.866150 900.000000 1.000000
1013.282166 900.000000 1.000000
953.242004 900.000000 1.000000
868.945007 900.000000 1.000000
1074.638916 900.000000 1.000000
795.632385 900.000000 1.000000
896.130737 900.000000 1.000000
1082.130737 900.000000 1.000000
987.704773 900.000000 1.000000
787.585144 900.000000 1.000000
1040.936035 900.000000 1.000000
931.940369 900.000000 1.000000
1321.539185 900.000000 1.000000
800.933777 900.000000 1.000000
1052.524414 900.000000 1.000000
1045.649414 900.000000 1.000000
1943.706055 900.000000 1.000000
856.448547 900.000000 1.000000
2407.803955 900.000000 1.000000
2456.529053 900.000000 1.000000
2645.661133 900.000000 1.000000
842.038147 900.000000 1.000000
1303.868896 900.000000 1.000000
909.888123 900.000000 1.000000
1101.966064 900.000000 1.000000
728.150330 900.000000 1.000000
803.204102 900.000000 1.000000
770.471924 900.000000 1.000000
901.814758 900.000000 1.000000
688.719727 900.000000 1.000000
1435.892822 900.000000 1.000000
936.228577 900.000000 1.000000
1171.695923 900.000000 1.000000
1485.371094 900.000000 1.000000
941.810120 900.000000 1.000000
946.327332 900.000000 1.000000
993.758301 900.000000 1.000000
1779.950928 900.000000 1.000000
1025.380737 900.000000 1.000000
1085.239502 900.000000 1.000000
1126.992920 900.000000 1.000000
664.015015 900.000000 1.000000
897.322388 900.000000 1.000000
1366.295898 900.000000 1.000000
1341.300537 900.000000 1.000000
3566.495605 900.000000 1.000000
810.807678 900.000000 1.000000
765.742859 900.000000 1.000000
822.223633 900.000000 1.000000
987.075317 900.000000 1.000000
1005.562439 900.000000 1.000000
964.509216 900.000000 1.000000
858.480225 900.000000 1.000000
1201.463501 900.000000 1.000000
727.305664 900.000000 1.000000
847.749451 900.000000 1.000000
880.748962 900.000000 1.000000
1196.273071 900.000000 1.000000
1097.847290 900.000000 1.000000
724.332397 900.000000 1.000000
2028.874878 900.000000 1.000000
1342.202759 900.000000 1.000000
794.204163 900.000000 1.000000
1502.497803 900.000000 1.000000
891.134949 900.000000 1.000000
655.862549 900.000000 1.000000
977.037109 900.000000 1.000000
1045.281860 900.000000 1.000000
798.282532 900.000000 1.000000
1109.133179 900.000000 1.000000
609.094116 900.000000 1.000000
696.033752 900.000000 1.000000
649.899780 900.000000 1.000000
919.942078 900.000000 1.000000
1431.344238 900.000000 1.000000
1781.873291 900.000000 1.000000
1685.723999 900.000000 1.000000
1004.961121 900.000000 1.000000
1323.697632 900.000000 1.000000
965.057190 900.000000 1.000000
908.060974 900.000000 1.000000
896.460815 900.000000 1.000000
843.403259 900.000000 1.000000
851.415222 900.000000 1.000000
857.373230 900.000000 1.000000
728.110168 900.000000 1.000000
887.243347 900.000000 1.000000
1198.504761 900.000000 1.000000
1937.999023 900.000000 1.000000
2016.103638 900.000000 1.000000
1543.107666 900.000000 1.000000
753.851135 900.000000 1.000000
1077.632935 900.000000 1.000000
1165.017822 900.000000 1.000000
1139.133301 900.000000 1.000000
921.473633 900.000000 1.000000
932.549561 900.000000 1.000000
807.009460 900.000000 1.000000
974.738220 900.000000 1.000000
1181.372437 900.000000 1.000000
977.174377 900.000000 1.000000
1243.208984 900.000000 1.000000
910.479187 900.000000 1.000000
1344.943115 900.000000 1.000000
805.466187 900.000000 1.000000
1110.987305 900.000000 1.000000
1352.702271 900.000000 1.000000
841.702332 900.000000 1.000000
788.680176 900.000000 1.000000
994.748352 900.000000 1.000000
800.512024 900.000000 1.000000
830.543335 900.000000 1.000000
1535.805298 900.000000 1.000000
1150.817383 900.000000 1.000000
1168.025024 900.000000 1.000000
1217.683716 900.000000 1.000000
1580.313477 900.000000 1.000000
843.617126 900.000000 1.000000
897.288757 900.000000 1.000000
909.074646 900.000000 1.000000
764.881592 900.000000 1.000000
978.330933 900.000000 1.000000
647.869873 900.000000 1.000000
2192.374268 900.000000 1.000000
880.344604 900.000000 1.000000
589.333313 900.000000 1.000000
835.570618 900.000000 1.000000
912.583252 900.000000 1.000000
1187.342407 900.000000 1.000000
693.533142 900.000000 1.000000
889.578369 900.000000 1.000000
1237.834595 900.000000 1.000000
846.382874 900.000000 1.000000
842.932739 900.000000 1.000000
820.260559 900.000000 1.000000
1148.918945 900.000000 1.000000
815.880676 900.000000 1.000000
1654.676758 900.000000 1.000000
1311.550903 900.000000 1.000000
920.802917 900.000000 1.000000
1122.039917 900.000000 1.000000
1146.529175 900.000000 1.000000
2157.931641 900.000000 1.000000
3102.214844 900.000000 1.000000
1511.982666 900.000000 1.000000
664.489685 900.000000 1.000000
836.150452 900.000000 1.000000
866.067078 900.000000 1.000000
771.425720 900.000000 1.000000
940.668396 900.000000 1.000000
1009.239319 900.000000 1.000000
1535.832886 900.000000 1.000000
1003.129639 900.000000 1.000000
1661.639038 900.000000 1.000000
768.346313 900.000000 1.000000
1189.553345 900.000000 1.000000
1451.972168 900.000000 1.000000
975.914124 900.000000 1.000000
1495.087036 900.000000 1.000000
1477.138428 900.000000 1.000000
1020.914001 900.000000 1.000000
1176.305542 900.000000 1.000000
823.105225 900.000000 1.000000
916.799683 900.000000 1.000000
990.324280 900.000000 1.000000
1392.863403 900.000000 1.000000
1023.773926 900.000000 1.000000
1043.955200 900.000000 1.000000
959.965820 900.000000 1.000000
1021.494263 900.000000 1.000000
1267.661255 900.000000 1.000000
1578.337524 900.000000 1.000000
1335.272705 900.000000 1.000000
1278.273071 900.000000 1.000000
827.099854 900.000000 1.000000
717.689575 900.000000 1.000000
767.972229 900.000000 1.000000
851.417297 900.000000 1.000000
1217.804199 900.000000 1.000000
1347.690918 900.000000 1.000000
903.097839 900.000000 1.000000
1175.095337 900.000000 1.000000
943.871521 900.000000 1.000000
858.942383 900.000000 1.000000
1233.425903 900.000000 1.000000
929.257385 900.000000 1.000000
959.990051 900.000000 1.000000
1025.463013 900.000000 1.000000
1094.590088 900.000000 1.000000
816.208374 900.000000 1.000000
708.806030 900.000000 1.000000
920.556091 900.000000 1.000000
841.376831 900.000000 1.000000
1694.795654 900.000000 1.000000
775.795166 900.000000 1.000000
847.598145 900.000000 1.000000
1050.740234 900.000000 1.000000
817.017700 900.000000 1.000000
838.611023 900.000000 1.000000
2405.447754 900.000000 1.000000
994.478210 900.000000 1.000000
798.599365 900.000000 1.000000
2039.078735 900.000000 1.000000
1044.036987 900.000000 1.000000
995.469421 900.000000 1.000000
975.351868 900.000000 1.000000
1162.043579 900.000000 1.000000
886.607910 900.000000 1.000000
658.706665 900.000000 1.000000
1432.240723 900.000000 1.000000
2462.927246 900.000000 1.000000
868.668152 900.000000 1.000000
1240.738037 900.000000 1.000000
1095.122070 900.000000 1.000000
916.381836 900.000000 1.000000
1904.774048 900.000000 1.000000
1429.440674 900.000000 1.000000
855.869141 900.000000 1.000000
722.223633 900.000000 1.000000
1214.112305 900.000000 1.000000
1022.426636 900.000000 1.000000
991.145996 900.000000 1.000000
1075.842651 900.000000 1.000000
825.282410 900.000000 1.000000
917.776428 900.000000 1.000000
1221.104248 900.000000 1.000000
1623.173950 900.000000 1.000000
1045.850830 900.000000 1.000000
1594.192017 900.000000 1.000000
1793.916382 900.000000 1.000000
1115.533203 900.000000 1.000000
1685.402954 900.000000 1.000000
1149.535889 900.000000 1.000000
1054.068726 900.000000 1.000000
1149.791504 900.000000 1.000000
1226.406128 900.000000 1.000000
899.087952 900.000000 1.000000
3152.041260 900.000000 1.000000
1452.273682 900.000000 1.000000
1126.171265 900.000000 1.000000
1205.596558 900.000000 1.000000
883.164917 900.000000 1.000000
844.488708 900.000000 1.000000
975.852539 900.000000 1.000000
1579.040649 900.000000 1.000000
751.902283 900.000000 1.000000
1111.489380 900.000000 1.000000
833.222290 900.000000 1.000000
1092.963623 900.000000 1.000000
1087.447754 900.000000 1.000000
2167.374756 900.000000 1.000000
1293.410400 900.000000 1.000000
825.356384 900.000000 1.000000
1361.047485 900.000000 1.000000
878.546326 900.000000 1.000000
940.301941 900.000000 1.000000
946.490295 900.000000 1.000000
1439.440308 900.000000 1.000000
1082.318726 900.000000 1.000000
1284.365234 900.000000 1.000000
711.735718 900.000000 1.000000
1104.227905 900.000000 1.000000
1631.951416 900.000000 1.000000
884.189026 900.000000 1.000000
1122.393555 900.000000 1.000000
809.235352 900.000000 1.000000
2120.213867 900.000000 1.000000
847.245239 900.000000 1.000000
799.347839 900.000000 1.000000
1203.134155 900.000000 1.000000
887.300842 900.000000 1.000000
1259.893921 900.000000 1.000000
1147.196655 900.000000 1.000000
1091.878418 900.000000 1.000000
966.745056 900.000000 1.000000
676.839966 900.000000 1.000000
894.916504 900.000000 1.000000
1283.177368 900.000000 1.000000
763.236572 900.000000 1.000000
856.447083 900.000000 1.000000
1024.401245 900.000000 1.000000
779.926941 900.000000 1.000000
1133.938721 900.000000 1.000000
1773.153564 900.000000 1.000000
1059.725464 900.000000 1.000000
787.765930 900.000000 1.000000
1359.748413 900.000000 1.000000
1641.319824 900.000000 1.000000
858.439148 900.000000 1.000000
1227.423096 900.000000 1.000000
1019.879456 900.000000 1.000000
814.977295 900.000000 1.000000
1788.605103 900.000000 1.000000
984.568359 900.000000 1.000000
1195.490845 900.000000 1.000000
1384.408447 900.000000 1.000000
1025.007568 900.000000 1.000000
762.396729 900.000000 1.000000
1027.977417 900.000000 1.000000
1084.819214 900.000000 1.000000
751.526855 900.000000 1.000000
1327.342041 900.000000 1.000000
876.109985 900.000000 1.000000
992.317078 900.000000 1.000000
858.634827 900.000000 1.000000
711.329102 900.000000 1.000000
712.791138 900.000000 1.000000
850.396667 900.000000 1.000000
863.178467 900.000000 1.000000
930.330322 900.000000 1.000000
652.044617 900.000000 1.000000
1086.569580 900.000000 1.000000
1051.701904 900.000000 1.000000
784.113708 900.000000 1.000000
922.724854 900.000000 1.000000
769.609802 900.000000 1.000000
976.823975 900.000000 1.000000
927.822571 900.000000 1.000000
1075.901978 900.000000 1.000000
900.460571 900.000000 1.000000
903.102844 900.000000 1.000000
1055.008423 900.000000 1.000000
972.208923 900.000000 1.000000
1638.433716 900.000000 1.000000
681.436218 900.000000 1.000000
1056.683350 900.000000 1.000000
1836.375244 900.000000 1.000000
659.825867 900.000000 1.000000
1499.898193 900.000000 1.000000
2103.400879 900.000000 1.000000
1095.877197 900.000000 1.000000
2578.068848 900.000000 1.000000
2572.155518 900.000000 1.000000
896.968689 900.000000 1.000000
986.393127 900.000000 1.000000
1355.449219 900.000000 1.000000
1730.985107 900.000000 1.000000
911.857849 900.000000 1.000000
901.356689 900.000000 1.000000
969.990967 900.000000 1.000000
674.530762 900.000000 1.000000
1204.403687 900.000000 1.000000
791.992310 900.000000 1.000000
1420.991821 900.000000 1.000000
850.721069 900.000000 1.000000
1050.721069 900.000000 1.000000
955.424805 900.000000 1.000000
835.559692 900.000000 1.000000
976.113403 900.000000 1.000000
915.467224 900.000000 1.000000
812.223206 900.000000 1.000000
932.555481 900.000000 1.000000
963.984985 900.000000 1.000000
1561.973999 900.000000 1.000000
1524.270386 900.000000 1.000000
801.522888 900.000000 1.000000
625.644958 900.000000 1.000000
940.580200 900.000000 1.000000
961.351868 900.000000 1.000000
856.137390 900.000000 1.000000
1251.185425 900.000000 1.000000
962.603271 900.000000 1.000000
784.234741 900.000000 1.000000
1003.048523 900.000000 1.000000
915.712219 900.000000 1.000000
808.685059 900.000000 1.000000
484.244385 900.000000 1.000000
876.374695 900.000000 1.000000
713.328491 900.000000 1.000000
824.388611 900.000000 1.000000
921.308105 900.000000 1.000000
1361.442383 900.000000 1.000000
1058.944458 900.000000 1.000000
2548.010742 900.000000 1.000000
828.017273 900.000000 1.000000
995.594421 900.000000 1.000000
1017.486023 900.000000 1.000000
1528.078247 900.000000 1.000000
936.571838 900.000000 1.000000
819.257935 900.000000 1.000000
2558.255615 900.000000 1.000000
846.848022 900.000000 1.000000
838.695618 900.000000 1.000000
1192.095947 900.000000 1.000000
773.137634 900.000000 1.000000
896.322327 900.000000 1.000000
1092.881470 900.000000 1.000000
868.721741 900.000000 1.000000
1257.050537 900.000000 1.000000
562.477478 900.000000 1.000000
1827.298096 900.000000 1.000000
861.173462 900.000000 1.000000
889.348877 900.000000 1.000000
1020.268982 900.000000 1.000000
1190.734375 900.000000 1.000000
1128.945190 900.000000 1.000000
1050.243530 900.000000 1.000000
894.194092 900.000000 1.000000
883.933838 900.000000 1.000000
855.296997 900.000000 1.000000
1408.725220 900.000000 1.000000
921.228333 900.000000 1.000000
1379.878296 900.000000 1.000000
929.245667 900.000000 1.000000
992.300049 900.000000 1.000000
1082.604980 900.000000 1.000000
1219.648193 900.000000 1.000000
754.251648 900.000000 1.000000
1641.919922 900.000000 1.000000
1292.545532 900.000000 1.000000
941.536438 900.000000 1.000000
1104.297607 900.000000 1.000000
956.932617 900.000000 1.000000
758.528809 900.000000 1.000000
941.049133 900.000000 1.000000
956.592712 900.000000 1.000000
817.864197 900.000000 1.000000
922.498901 900.000000 1.000000
1420.488159 900.000000 1.000000
1386.803345 900.000000 1.000000
869.209656 900.000000 1.000000
586.332458 900.000000 1.000000
1262.188721 900.000000 1.000000
1038.294189 900.000000 1.000000
674.557007 900.000000 1.000000
1068.495972 900.000000 1.000000
952.534912 900.000000 1.000000
948.808228 900.000000 1.000000
1013.080627 900.000000 1.000000
725.267517 900.000000 1.000000
1025.822144 900.000000 1.000000
1008.656189 900.000000 1.000000
1256.856445 900.000000 1.000000
1519.266479 900.000000 1.000000
1136.933594 900.000000 1.000000
1053.675293 900.000000 1.000000
790.610535 900.000000 1.000000
932.732605 900.000000 1.000000
1737.843384 900.000000 1.000000
836.221619 900.000000 1.000000
1585.275635 900.000000 1.000000
823.456604 900.000000 1.000000
2045.425171 900.000000 1.000000
926.217407 900.000000 1.000000
1262.303589 900.000000 1.000000
1201.173340 900.000000 1.000000
819.603821 900.000000 1.000000
821.807617 900.000000 1.000000
1100.790283 900.000000 1.000000
859.979004 900.000000 1.000000
836.981934 900.000000 1.000000
920.557678 900.000000 1.000000
871.760925 900.000000 1.000000
1047.955566 900.000000 1.000000
824.461304 900.000000 1.000000
1180.946655 900.000000 1.000000
911.003479 900.000000 1.000000
1127.718384 900.000000 1.000000
858.795532 900.000000 1.000000
732.870850 900.000000 1.000000
886.612183 900.000000 1.000000
1480.167725 900.000000 1.000000
959.392883 900.000000 1.000000
2524.293701 900.000000 1.000000
1016.213318 900.000000 1.000000
995.063110 900.000000 1.000000
912.802490 900.000000 1.000000
1024.104004 900.000000 1.000000
1924.084717 900.000000 1.000000
1337.222290 900.000000 1.000000
927.523193 900.000000 1.000000
841.299561 900.000000 1.000000
1433.685547 900.000000 1.000000
1169.688110 900.000000 1.000000
1040.202026 900.000000 1.000000
1129.328735 900.000000 1.000000
1099.294189 900.000000 1.000000
1424.175781 900.000000 1.000000
794.876953 900.000000 1.000000
968.998108 900.000000 1.000000
973.403076 900.000000 1.000000
867.554016 900.000000 1.000000
1447.492554 900.000000 1.000000
1443.008423 900.000000 1.000000
780.004089 900.000000 1.000000
918.320496 900.000000 1.000000
908.212097 900.000000 1.000000
959.380249 900.000000 1.000000
748.924011 900.000000 1.000000
1779.917603 900.000000 1.000000
929.380737 900.000000 1.000000
844.469543 900.000000 1.000000
3166.853271 900.000000 1.000000
858.515625 900.000000 1.000000
1324.149048 900.000000 1.000000
955.867981 900.000000 1.000000
1515.669922 900.000000 1.000000
1004.623413 900.000000 1.000000
1312.144531 900.000000 1.000000
1633.018799 900.000000 1.000000
1379.217285 900.000000 1.000000
640.002197 900.000000 1.000000
774.283569 900.000000 1.000000
828.432434 900.000000 1.000000
1011.086121 900.000000 1.000000
871.283447 900.000000 1.000000
773.969055 900.000000 1.000000
1033.842529 900.000000 1.000000
1051.336548 900.000000 1.000000
990.888000 900.000000 1.000000
799.860413 900.000000 1.000000
1035.570801 900.000000 1.000000
1741.802734 900.000000 1.000000
1629.277100 900.000000 1.000000
796.592529 900.000000 1.000000
931.731384 900.000000 1.000000
848.171997 900.000000 1.000000
766.445618 900.000000 1.000000
1393.349487 900.000000 1.000000
967.988159 900.000000 1.000000
1068.878784 900.000000 1.000000
1436.720947 900.000000 1.000000
3588.696289 900.000000 1.000000
992.230164 900.000000 1.000000
806.917053 900.000000 1.000000
944.274353 900.000000 1.000000
805.157227 900.000000 1.000000
982.554871 900.000000 1.000000
1000.044128 900.000000 1.000000
1555.013916 900.000000 1.000000
1050.295532 900.000000 1.000000
1005.303650 900.000000 1.000000
1681.380127 900.000000 1.000000
894.080139 900.000000 1.000000
1145.406250 900.000000 1.000000
1535.697632 900.000000 1.000000
900.529297 900.000000 1.000000
859.553101 900.000000 1.000000
997.768738 900.000000 1.000000
1274.537842 900.000000 1.000000
907.562378 900.000000 1.000000
1508.396729 900.000000 1.000000
882.943176 900.000000 1.000000
1066.519287 900.000000 1.000000
1019.916931 900.000000 1.000000
1189.490845 900.000000 1.000000
434.277039 900.000000 1.000000
745.234680 900.000000 1.000000
1277.420776 900.000000 1.000000
765.541077 900.000000 1.000000
810.214539 900.000000 1.000000
917.443298 900.000000 1.000000
1438.632080 900.000000 1.000000
1328.436523 900.000000 1.000000
916.890198 900.000000 1.000000
997.196167 900.000000 1.000000
1130.812012 900.000000 1.000000
1659.956055 900.000000 1.000000
824.394836 900.000000 1.000000
1030.690063 900.000000 1.000000
2069.857666 900.000000 1.000000
841.747253 900.000000 1.000000
588.312317 900.000000 1.000000
1203.782349 900.000000 1.000000
848.109680 900.000000 1.000000
1256.280151 900.000000 1.000000
1271.099365 900.000000 1.000000
1662.902222 900.000000 1.000000
804.448730 900.000000 1.000000
1021.622253 900.000000 1.000000
945.516907 900.000000 1.000000
1149.479248 900.000000 1.000000
1114.162720 900.000000 1.000000
1923.067139 900.000000 1.000000
820.290344 900.000000 1.000000
832.475403 900.000000 1.000000
1683.868042 900.000000 1.000000
728.372986 900.000000 1.000000
920.485046 900.000000 1.000000
795.851013 900.000000 1.000000
1010.225342 900.000000 1.000000
1003.177185 900.000000 1.000000
1159.261353 900.000000 1.000000
1197.460571 900.000000 1.000000
1139.871704 900.000000 1.000000
833.934387 900.000000 1.000000
1150.509766 900.000000 1.000000
1751.461182 900.000000 1.000000
823.547302 900.000000 1.000000
1044.563232 900.000000 1.000000
876.928284 900.000000 1.000000
839.542480 900.000000 1.000000
671.963257 900.000000 1.000000
914.537354 900.000000 1.000000
643.534180 900.000000 1.000000
1670.821167 900.000000 1.000000
1118.202026 900.000000 1.000000
639.246094 900.000000 1.000000
1185.116821 900.000000 1.000000
872.014221 900.000000 1.000000
798.772461 900.000000 1.000000
2589.171631 900.000000 1.000000
2302.764160 900.000000 1.000000
868.809998 900.000000 1.000000
822.648010 900.000000 1.000000
817.868286 900.000000 1.000000
1426.448730 900.000000 1.000000
1479.127808 900.000000 1.000000
795.057373 900.000000 1.000000
2344.610596 900.000000 1.000000
862.889221 900.000000 1.000000
850.677917 900.000000 1.000000
873.445312 900.000000 1.000000
1218.184814 900.000000 1.000000
1714.031006 900.000000 1.000000
1037.540161 900.000000 1.000000
1587.885010 900.000000 1.000000
784.283081 900.000000 1.000000
914.732422 900.000000 1.000000
578.145813 900.000000 1.000000
876.063843 900.000000 1.000000
1242.557495 900.000000 1.000000
1065.268677 900.000000 1.000000
806.720886 900.000000 1.000000
944.466614 900.000000 1.000000
2469.954102 900.000000 1.000000
872.707092 900.000000 1.000000
844.878784 900.000000 1.000000
1194.902222 900.000000 1.000000
856.662903 900.000000 1.000000
1087.737305 900.000000 1.000000
1113.893188 900.000000 1.000000
1672.332520 900.000000 1.000000
738.348450 900.000000 1.000000
933.432373 900.000000 1.000000
1066.441040 900.000000 1.000000
827.628662 900.000000 1.000000
2494.251709 900.000000 1.000000
779.469177 900.000000 1.000000
777.786438 900.000000 1.000000
1486.870728 900.000000 1.000000
952.357849 900.000000 1.000000
1038.888428 900.000000 1.000000
789.936401 900.000000 1.000000
940.640198 900.000000 1.000000
1318.450684 900.000000 1.000000
1064.048828 900.000000 1.000000
2291.871338 900.000000 1.000000
1014.846863 900.000000 1.000000
701.526367 900.000000 1.000000
844.172485 900.000000 1.000000
1258.674683 900.000000 1.000000
822.628723 900.000000 1.000000
1040.779053 900.000000 1.000000
1145.501221 900.000000 1.000000
1336.468262 900.000000 1.000000
541.394043 900.000000 1.000000
1565.945557 900.000000 1.000000
1323.058716 900.000000 1.000000
1088.378540 900.000000 1.000000
1288.314819 900.000000 1.000000
676.169006 900.000000 1.000000
497.749054 900.000000 1.000000
1072.284302 900.000000 1.000000
1207.135864 900.000000 1.000000
885.506409 900.000000 1.000000
971.245544 900.000000 1.000000
1027.861694 900.000000 1.000000
1551.747681 900.000000 1.000000
947.699890 900.000000 1.000000
1600.604614 900.000000 1.000000
781.443848 900.000000 1.000000
792.201660 900.000000 1.000000
1104.033936 900.000000 1.000000
1224.399414 900.000000 1.000000
716.209412 900.000000 1.000000
972.164490 900.000000 1.000000
759.283142 900.000000 1.000000
1091.808228 900.000000 1.000000
918.470825 900.000000 1.000000
789.477661 900.000000 1.000000
2057.895264 900.000000 1.000000
707.283630 900.000000 1.000000
972.410278 900.000000 1.000000
895.723450 900.000000 1.000000
991.907532 900.000000 1.000000
1051.129517 900.000000 1.000000
774.407104 900.000000 1.000000
1176.703857 900.000000 1.000000
826.225220 900.000000 1.000000
1391.115845 900.000000 1.000000
816.749878 900.000000 1.000000
882.765564 900.000000 1.000000
2098.108643 900.000000 1.000000
1393.503052 900.000000 1.000000
762.947571 900.000000 1.000000
754.857361 900.000000 1.000000
1008.984741 900.000000 1.000000
2311.828125 900.000000 1.000000
1447.351318 900.000000 1.000000
902.053101 900.000000 1.000000
727.430603 900.000000 1.000000
937.235046 900.000000 1.000000
2535.523438 900.000000 1.000000
984.624084 900.000000 1.000000
1025.298462 900.000000 1.000000
1855.604980 900.000000 1.000000
917.579163 900.000000 1.000000
1930.646240 900.000000 1.000000
1055.384766 900.000000 1.000000
987.269775 900.000000 1.000000
988.940796 900.000000 1.000000
796.930420 900.000000 1.000000
951.011169 900.000000 1.000000
1111.633545 900.000000 1.000000
846.430115 900.000000 1.000000
1906.187134 900.000000 1.000000
920.690857 900.000000 1.000000
895.963928 900.000000 1.000000
686.452637 900.000000 1.000000
1228.535156 900.000000 1.000000
920.056763 900.000000 1.000000
1460.887695 900.000000 1.000000
762.288635 900.000000 1.000000
1010.908142 900.000000 1.000000
861.426331 900.000000 1.000000
934.467285 900.000000 1.000000
1251.131714 900.000000 1.000000
909.946045 900.000000 1.000000
997.725464 900.000000 1.000000
1223.590698 900.000000 1.000000
821.360107 900.000000 1.000000
904.098083 900.000000 1.000000
866.280396 900.000000 1.000000
975.575317 900.000000 1.000000
797.211731 900.000000 1.000000
1143.529419 900.000000 1.000000
1010.094604 900.000000 1.000000
1211.682983 900.000000 1.000000
819.663391 900.000000 1.000000
893.610840 900.000000 1.000000
820.174866 900.000000 1.000000
1662.252930 900.000000 1.000000
1656.526855 900.000000 1.000000
2767.573242 900.000000 1.000000
748.049805 900.000000 1.000000
886.827026 900.000000 1.000000
1017.798950 900.000000 1.000000
1402.612061 900.000000 1.000000
2944.482422 900.000000 1.000000
1546.513184 900.000000 1.000000
1614.423584 900.000000 1.000000
1120.866821 900.000000 1.000000
870.960266 900.000000 1.000000
2831.495605 900.000000 1.000000
991.781433 900.000000 1.000000
1839.502319 900.000000 1.000000
1493.561646 900.000000 1.000000
898.193298 900.000000 1.000000
921.778687 900.000000 1.000000
987.280945 900.000000 1.000000
810.241028 900.000000 1.000000
2425.789062 900.000000 1.000000
815.779541 900.000000 1.000000
933.312622 900.000000 1.000000
1464.439209 900.000000 1.000000
958.996094 900.000000 1.000000
906.761230 900.000000 1.000000
877.885620 900.000000 1.000000
880.196899 900.000000 1.000000
2178.525391 900.000000 1.000000
896.056885 900.000000 1.000000
1702.955566 900.000000 1.000000
640.094482 900.000000 1.000000
1598.028687 900.000000 1.000000
1241.737549 900.000000 1.000000
898.938049 900.000000 1.000000
882.052063 900.000000 1.000000
1014.378113 900.000000 1.000000
991.909058 900.000000 1.000000
1079.095947 900.000000 1.000000
878.551575 900.000000 1.000000
861.257324 900.000000 1.000000
1025.781616 900.000000 1.000000
1348.495361 900.000000 1.000000
1418.139160 900.000000 1.000000
1044.853882 900.000000 1.000000
1795.617432 900.000000 1.000000
1899.398315 900.000000 1.000000
1254.924194 900.000000 1.000000
834.657410 900.000000 1.000000
1687.823364 900.000000 1.000000
1552.848389 900.000000 1.000000
1672.747437 900.000000 1.000000
845.064087 900.000000 1.000000
783.953064 900.000000 1.000000
1520.876953 900.000000 1.000000
786.691101 900.000000 1.000000
926.835876 900.000000 1.000000
1107.533325 900.000000 1.000000
952.022766 900.000000 1.000000
860.016357 900.000000 1.000000
1553.413818 900.000000 1.000000
1209.846191 900.000000 1.000000
910.205750 900.000000 1.000000
850.672791 900.000000 1.000000
1293.970337 900.000000 1.000000
2429.577148 900.000000 1.000000
902.725830 900.000000 1.000000
1568.947876 900.000000 1.000000
712.876526 900.000000 1.000000
1181.490234 900.000000 1.000000
1994.100830 900.000000 1.000000
787.861145 900.000000 1.000000
847.425659 900.000000 1.000000
743.307922 900.000000 1.000000
786.412720 900.000000 1.000000
925.967834 900.000000 1.000000
883.374023 900.000000 1.000000
915.311951 900.000000 1.000000
1520.962646 900.000000 1.000000
1720.604004 900.000000 1.000000
1074.581787 900.000000 1.000000
742.901123 900.000000 1.000000
902.276733 900.000000 1.000000
1154.872925 900.000000 1.000000
1118.836548 900.000000 1.000000
971.738220 900.000000 1.000000
2267.175049 900.000000 1.000000
835.807312 900.000000 1.000000
881.657410 900.000000 1.000000
1277.213135 900.000000 1.000000
866.655823 900.000000 1.000000
903.750366 900.000000 1.000000
1378.388672 900.000000 1.000000
1543.817261 900.000000 1.000000
491.423676 900.000000 1.000000
1089.631104 900.000000 1.000000
2251.301270 900.000000 1.000000
977.539612 900.000000 1.000000
900.529236 900.000000 1.000000
1105.269165 900.000000 1.000000
962.273254 900.000000 1.000000
989.632935 900.000000 1.000000
863.863770 900.000000 1.000000
992.675110 900.000000 1.000000
1256.331909 900.000000 1.000000
994.506104 900.000000 1.000000
1297.111206 900.000000 1.000000
1220.786621 900.000000 1.000000
1011.839844 900.000000 1.000000
785.342590 900.000000 1.000000
725.604248 900.000000 1.000000
895.380615 900.000000 1.000000
1476.680542 900.000000 1.000000
1252.448486 900.000000 1.000000
963.948303 900.000000 1.000000
762.491394 900.000000 1.000000
683.729614 900.000000 1.000000
1314.291992 900.000000 1.000000
1052.372681 900.000000 1.000000
836.160828 900.000000 1.000000
836.510803 900.000000 1.000000
1116.739502 900.000000 1.000000
807.900757 900.000000 1.000000
923.420471 900.000000 1.000000
839.948120 900.000000 1.000000
1051.910767 900.000000 1.000000
1015.232971 900.000000 1.000000
1012.609375 900.000000 1.000000
846.489197 900.000000 1.000000
854.377136 900.000000 1.000000
908.032288 900.000000 1.000000
852.963135 900.000000 1.000000
836.658447 900.000000 1.000000
1418.391968 900.000000 1.000000
920.948181 900.000000 1.000000
857.897217 900.000000 1.000000
1022.648376 900.000000 1.000000
785.277527 900.000000 1.000000
933.766174 900.000000 1.000000
978.318726 900.000000 1.000000
2767.991211 900.000000 1.000000
1207.173218 900.000000 1.000000
1978.316284 900.000000 1.000000
1405.053711 900.000000 1.000000
811.213074 900.000000 1.000000
1163.106689 900.000000 1.000000
934.061157 900.000000 1.000000
819.774475 900.000000 1.000000
1174.351196 900.000000 1.000000
743.806519 900.000000 1.000000
1414.195190 900.000000 1.000000
863.748230 900.000000 1.000000
1331.580322 900.000000 1.000000
845.198853 900.000000 1.000000
971.340271 900.000000 1.000000
1110.536865 900.000000 1.000000
1251.180298 900.000000 1.000000
1155.711670 900.000000 1.000000
1360.064697 900.000000 1.000000
961.428284 900.000000 1.000000
981.743164 900.000000 1.000000
876.877441 900.000000 1.000000
1331.344604 900.000000 1.000000
939.345886 900.000000 1.000000
1750.046997 900.000000 1.000000
834.593567 900.000000 1.000000
1802.985474 900.000000 1.000000
1210.224609 900.000000 1.000000
1473.074097 900.000000 1.000000
1549.374146 900.000000 1.000000
755.090393 900.000000 1.000000
989.354309 900.000000 1.000000
1011.346863 900.000000 1.000000
808.787476 900.000000 1.000000
917.981934 900.000000 1.000000
912.643921 900.000000 1.000000
1179.558716 900.000000 1.000000
839.693481 900.000000 1.000000
831.427551 900.000000 1.000000
1843.094482 900.000000 1.000000
1320.848511 900.000000 1.000000
806.214844 900.000000 1.000000
1180.489746 900.000000 1.000000
1019.159668 900.000000 1.000000
972.046021 900.000000 1.000000
899.232239 900.000000 1.000000
1046.127563 900.000000 1.000000
1740.931519 900.000000 1.000000
2627.466064 900.000000 1.000000
1024.051758 900.000000 1.000000
896.387939 900.000000 1.000000
997.587402 900.000000 1.000000
1151.132446 900.000000 1.000000
738.641052 900.000000 1.000000
1723.891602 900.000000 1.000000
986.114929 900.000000 1.000000
889.509460 900.000000 1.000000
1049.923584 900.000000 1.000000
801.077454 900.000000 1.000000
1468.457886 900.000000 1.000000
2127.296143 900.000000 1.000000
689.494385 900.000000 1.000000
811.406494 900.000000 1.000000
1353.820068 900.000000 1.000000
901.546082 900.000000 1.000000
734.677673 900.000000 1.000000
745.566589 900.000000 1.000000
615.128052 900.000000 1.000000
1413.756592 900.000000 1.000000
1543.123901 900.000000 1.000000
2367.361816 900.000000 1.000000
754.332825 900.000000 1.000000
1187.126221 900.000000 1.000000
940.484924 900.000000 1.000000
1005.158081 900.000000 1.000000
1038.320190 900.000000 1.000000
891.038513 900.000000 1.000000
875.349243 900.000000 1.000000
1114.052612 900.000000 1.000000
848.233887 900.000000 1.000000
1167.010010 900.000000 1.000000
1237.524170 900.000000 1.000000
819.393005 900.000000 1.000000
825.313721 900.000000 1.000000
1164.464722 900.000000 1.000000
709.736694 900.000000 1.000000
863.003052 900.000000 1.000000
771.496643 900.000000 1.000000
1819.276733 900.000000 1.000000
888.352051 900.000000 1.000000
1443.764404 900.000000 1.000000
872.250183 900.000000 1.000000
1770.168579 900.000000 1.000000
851.616150 900.000000 1.000000
1055.693481 900.000000 1.000000
1205.383179 900.000000 1.000000
1283.565918 900.000000 1.000000
592.782349 900.000000 1.000000
1756.731689 900.000000 1.000000
1012.010132 900.000000 1.000000
835.730347 900.000000 1.000000
814.695129 900.000000 1.000000
1042.019287 900.000000 1.000000
1115.998169 900.000000 1.000000
981.414368 900.000000 1.000000
941.998169 900.000000 1.000000
847.672119 900.000000 1.000000
1653.567383 900.000000 1.000000
883.227844 900.000000 1.000000
1044.681152 900.000000 1.000000
832.001831 900.000000 1.000000
785.052612 900.000000 1.000000
837.433167 900.000000 1.000000
1014.656738 900.000000 1.000000
955.151855 900.000000 1.000000
935.473450 900.000000 1.000000
1050.259766 900.000000 1.000000
1060.569458 900.000000 1.000000
1442.703491 900.000000 1.000000
1131.245117 900.000000 1.000000
853.301636 900.000000 1.000000
879.031311 900.000000 1.000000
900.108948 900.000000 1.000000
1125.772705 900.000000 1.000000
1136.690430 900.000000 1.000000
1866.616699 900.000000 1.000000
1270.391724 900.000000 1.000000
991.453491 900.000000 1.000000
1222.967529 900.000000 1.000000
788.887329 900.000000 1.000000
823.502258 900.000000 1.000000
1180.317139 900.000000 1.000000
861.214294 900.000000 1.000000
1270.262817 900.000000 1.000000
1015.410950 900.000000 1.000000
1599.161743 900.000000 1.000000
1257.464600 900.000000 1.000000
2379.687744 900.000000 1.000000
1050.815552 900.000000 1.000000
964.152649 900.000000 1.000000
1363.484741 900.000000 1.000000
3327.300781 900.000000 1.000000
915.059631 900.000000 1.000000
636.823181 900.000000 1.000000
1081.013794 900.000000 1.000000
1553.844116 900.000000 1.000000
826.188538 900.000000 1.000000
1284.399048 900.000000 1.000000
1065.736694 900.000000 1.000000
843.403442 900.000000 1.000000
824.216553 900.000000 1.000000
983.963196 900.000000 1.000000
1565.595581 900.000000 1.000000
684.701660 900.000000 1.000000
767.291443 900.000000 1.000000
839.225891 900.000000 1.000000
1515.605835 900.000000 1.000000
1193.864624 900.000000 1.000000
918.450378 900.000000 1.000000
1428.213867 900.000000 1.000000
1068.613892 900.000000 1.000000
687.539246 900.000000 1.000000
1455.259277 900.000000 1.000000
674.266968 900.000000 1.000000
862.982544 900.000000 1.000000
1228.057373 900.000000 1.000000
1324.566162 900.000000 1.000000
1436.715088 900.000000 1.000000
1230.039917 900.000000 1.000000
2267.499268 900.000000 1.000000
1436.319702 900.000000 1.000000
902.823853 900.000000 1.000000
939.664429 900.000000 1.000000
911.559509 900.000000 1.000000
656.896545 900.000000 1.000000
762.352112 900.000000 1.000000
1837.652100 900.000000 1.000000
969.504822 900.000000 1.000000
900.767761 900.000000 1.000000
883.922791 900.000000 1.000000
778.934631 900.000000 1.000000
1097.991089 900.000000 1.000000
938.208618 900.000000 1.000000
886.221619 900.000000 1.000000
1071.532471 900.000000 1.000000
1480.818237 900.000000 1.000000
1063.753662 900.000000 1.000000
1765.629883 900.000000 1.000000
915.868408 900.000000 1.000000
794.243958 900.000000 1.000000
1404.411743 900.000000 1.000000
1211.193848 900.000000 1.000000
1002.595459 900.000000 1.000000
1180.381226 900.000000 1.000000
1553.090454 900.000000 1.000000
888.455688 900.000000 1.000000
755.899048 900.000000 1.000000
1101.175293 900.000000 1.000000
966.222046 900.000000 1.000000
911.410034 900.000000 1.000000
1231.797729 900.000000 1.000000
704.507935 900.000000 1.000000
814.432312 900.000000 1.000000
776.674561 900.000000 1.000000
969.551941 900.000000 1.000000
1251.578369 900.000000 1.000000
1823.758179 900.000000 1.000000
1027.080688 900.000000 1.000000
1033.698608 900.000000 1.000000
1714.445801 900.000000 1.000000
938.389587 900.000000 1.000000
702.206604 900.000000 1.000000
755.539307 900.000000 1.000000
928.689941 900.000000 1.000000
1124.242798 900.000000 1.000000
2136.511963 900.000000 1.000000
675.071472 900.000000 1.000000
1370.740356 900.000000 1.000000
904.991028 900.000000 1.000000
1124.558472 900.000000 1.000000
1633.136841 900.000000 1.000000
871.735474 900.000000 1.000000
963.350220 900.000000 1.000000
826.920654 900.000000 1.000000
1027.818726 900.000000 1.000000
876.211365 900.000000 1.000000
1864.254761 900.000000 1.000000
1004.302490 900.000000 1.000000
1438.358276 900.000000 1.000000
927.168457 900.000000 1.000000
912.141479 900.000000 1.000000
762.829346 900.000000 1.000000
861.552429 900.000000 1.000000
1005.372925 900.000000 1.000000
839.184326 900.000000 1.000000
778.927856 900.000000 1.000000
558.762024 900.000000 1.000000
766.839294 900.000000 1.000000
1020.885132 900.000000 1.000000
968.577759 900.000000 1.000000
1191.059692 900.000000 1.000000
955.717896 900.000000 1.000000
1128.357178 900.000000 1.000000
936.600708 900.000000 1.000000
752.641113 900.000000 1.000000
1317.937134 900.000000 1.000000
967.193542 900.000000 1.000000
973.341736 900.000000 1.000000
1140.366333 900.000000 1.000000
671.800110 900.000000 1.000000
962.004761 900.000000 1.000000
593.787964 900.000000 1.000000
839.608459 900.000000 1.000000
1179.295776 900.000000 1.000000
1424.421021 900.000000 1.000000
1195.761475 900.000000 1.000000
1361.161133 900.000000 1.000000
1100.821777 900.000000 1.000000
1098.720459 900.000000 1.000000
978.740112 900.000000 1.000000
1080.059814 900.000000 1.000000
1081.867798 900.000000 1.000000
1078.688721 900.000000 1.000000
861.710571 900.000000 1.000000
1992.697388 900.000000 1.000000
739.999695 900.000000 1.000000
885.473206 900.000000 1.000000
991.883972 900.000000 1.000000
780.418091 900.000000 1.000000
1088.954468 900.000000 1.000000
1015.687805 900.000000 1.000000
1106.975708 900.000000 1.000000
1424.701172 900.000000 1.000000
812.560791 900.000000 1.000000
917.547241 900.000000 1.000000
1182.721680 900.000000 1.000000
1059.862305 900.000000 1.000000
2379.087891 900.000000 1.000000
1489.537598 900.000000 1.000000
954.922791 900.000000 1.000000
1026.978516 900.000000 1.000000
825.889160 900.000000 1.000000
1024.895508 900.000000 1.000000
953.312500 900.000000 1.000000
1294.285156 900.000000 1.000000
1253.469482 900.000000 1.000000
1044.264771 900.000000 1.000000
1261.493652 900.000000 1.000000
950.239380 900.000000 1.000000
958.321533 900.000000 1.000000
947.718018 900.000000 1.000000
1126.496948 900.000000 1.000000
1043.468750 900.000000 1.000000
1085.233887 900.000000 1.000000
799.942749 900.000000 1.000000
1218.255249 900.000000 1.000000
821.249695 900.000000 1.000000
1198.308960 900.000000 1.000000
951.208496 900.000000 1.000000
970.629333 900.000000 1.000000
2124.741943 900.000000 1.000000
817.349854 900.000000 1.000000
960.542114 900.000000 1.000000
2076.295898 900.000000 1.000000
844.200745 900.000000 1.000000
1029.699585 900.000000 1.000000
1801.296387 900.000000 1.000000
915.454529 900.000000 1.000000
837.520813 900.000000 1.000000
883.778687 900.000000 1.000000
814.068054 900.000000 1.000000
720.519287 900.000000 1.000000
894.265625 900.000000 1.000000
1978.171997 900.000000 1.000000
1006.444214 900.000000 1.000000
1109.095703 900.000000 1.000000
2073.500488 900.000000 1.000000
1009.334595 900.000000 1.000000
888.670166 900.000000 1.000000
1713.665039 900.000000 1.000000
944.938293 900.000000 1.000000
1047.536987 900.000000 1.000000
1063.181396 900.000000 1.000000
1527.618164 900.000000 1.000000
672.140503 900.000000 1.000000
629.660217 900.000000 1.000000
1405.256714 900.000000 1.000000
1323.989624 900.000000 1.000000
897.690796 900.000000 1.000000
1676.837280 900.000000 1.000000
1017.021790 900.000000 1.000000
987.476196 900.000000 1.000000
1040.816528 900.000000 1.000000
886.076599 900.000000 1.000000
974.911255 900.000000 1.000000
905.536377 900.000000 1.000000
984.229675 900.000000 1.000000
876.115601 900.000000 1.000000
807.861084 900.000000 1.000000
2557.656494 900.000000 1.000000
1902.033203 900.000000 1.000000
790.857544 900.000000 1.000000
1020.844421 900.000000 1.000000
775.748230 900.000000 1.000000
1123.316406 900.000000 1.000000
866.626404 900.000000 1.000000
1425.193604 900.000000 1.000000
1124.417480 900.000000 1.000000
1120.467163 900.000000 1.000000
1705.013062 900.000000 1.000000
791.114197 900.000000 1.000000
1385.966553 900.000000 1.000000
733.724915 900.000000 1.000000
799.655151 900.000000 1.000000
858.427124 900.000000 1.000000
944.159851 900.000000 1.000000
1848.450073 900.000000 1.000000
814.794617 900.000000 1.000000
797.593079 900.000000 1.000000
2211.357178 900.000000 1.000000
1038.916138 900.000000 1.000000
1267.814453 900.000000 1.000000
861.177979 900.000000 1.000000
944.902161 900.000000 1.000000
804.086609 900.000000 1.000000
866.944214 900.000000 1.000000
1351.266602 900.000000 1.000000
1295.147827 900.000000 1.000000
1028.847900 900.000000 1.000000
1146.995972 900.000000 1.000000
959.890564 900.000000 1.000000
1661.727051 900.000000 1.000000
989.451111 900.000000 1.000000
730.339111 900.000000 1.000000
1355.504028 900.000000 1.000000
840.515259 900.000000 1.000000
1167.291748 900.000000 1.000000
1491.754272 900.000000 1.000000
843.929321 900.000000 1.000000
796.301514 900.000000 1.000000
1294.301392 900.000000 1.000000
4998.708745 900.000000 0.000000
814.549377 900.000000 0.000000
1413.089026 900.000000 0.000000
4736.005410 900.000000 0.000000
1158.282714 900.000000 0.000000
2424.868072 900.000000 0.000000
4787.384783 900.000000 0.000000
3721.526716 900.000000 0.000000
2700.218292 900.000000 0.000000
3699.764907 900.000000 0.000000
3799.718991 900.000000 0.000000
3293.183072 900.000000 0.000000
1578.188108 900.000000 0.000000
4022.015074 900.000000 0.000000
2598.360576 900.000000 0.000000
842.862109 900.000000 0.000000
2377.648652 900.000000 0.000000
1961.569970 900.000000 0.000000
1108.338436 900.000000 0.000000
1065.952295 900.000000 0.000000
151.676021 900.000000 0.000000
1667.696249 900.000000 0.000000
970.744253 900.000000 0.000000
4718.583904 900.000000 0.000000
2899.658375 900.000000 0.000000
4491.524289 900.000000 0.000000
3327.819657 900.000000 0.000000
2493.051549 900.000000 0.000000
2803.141286 900.000000 0.000000
911.423228 900.000000 0.000000
1482.627654 900.000000 0.000000
587.044667 900.000000 0.000000
314.588329 900.000000 0.000000
3240.627873 900.000000 0.000000
3627.092643 900.000000 0.000000
3185.655791 900.000000 0.000000
3569.425312 900.000000 0.000000
497.881216 900.000000 0.000000
3496.335981 900.000000 0.000000
539.062349 900.000000 0.000000
646.213756 900.000000 0.000000
2512.015193 900.000000 0.000000
1038.899532 900.000000 0.000000
1444.551529 900.000000 0.000000
415.873972 900.000000 0.000000
640.621077 900.000000 0.000000
2736.857055 900.000000 0.000000
411.597998 900.000000 0.000000
1460.707133 900.000000 0.000000
4458.118685 900.000000 0.000000
1135.589195 900.000000 0.000000
2159.227313 900.000000 0.000000
703.665004 900.000000 0.000000
2001.960675 900.000000 0.000000
3434.734505 900.000000 0.000000
853.354553 900.000000 0.000000
2204.104338 900.000000 0.000000
226.682825 900.000000 0.000000
1556.482069 900.000000 0.000000
2530.905257 900.000000 0.000000
912.054200 900.000000 0.000000
2555.160077 900.000000 0.000000
3703.941026 900.000000 0.000000
1829.943134 900.000000 0.000000
804.044184 900.000000 0.000000
2300.533926 900.000000 0.000000
3139.182358 900.000000 0.000000
3388.018440 900.000000 0.000000
3490.982613 900.000000 0.000000
2392.684339 900.000000 0.000000
450.537971 900.000000 0.000000
1693.642609 900.000000 0.000000
476.068984 900.000000 0.000000
2182.709819 900.000000 0.000000
2373.366762 900.000000 0.000000
2096.229632 900.000000 0.000000
3887.684260 900.000000 0.000000
3123.052823 900.000000 0.000000
4902.182749 900.000000 0.000000
1852.151006 900.000000 0.000000
4154.063181 900.000000 0.000000
704.032237 900.000000 0.000000
3720.426537 900.000000 0.000000
4148.698399 900.000000 0.000000
1955.521592 900.000000 0.000000
3109.781960 900.000000 0.000000
1733.497388 900.000000 0.000000
230.847623 900.000000 0.000000
3065.331607 900.000000 0.000000
2836.870240 900.000000 0.000000
2494.470129 900.000000 0.000000
3619.010394 900.000000 0.000000
722.752624 900.000000 0.000000
211.515817 900.000000 0.000000
1553.935113 900.000000 0.000000
608.205769 900.000000 0.000000
1210.348355 900.000000 0.000000
1905.294277 900.000000 0.000000
2200.642686 900.000000 0.000000
2998.979508 900.000000 0.000000
3222.873270 900.000000 0.000000
2163.131083 900.000000 0.000000
2779.841310 900.000000 0.000000
3584.205840 900.000000 0.000000
3211.812574 900.000000 0.000000
3428.883627 900.000000 0.000000
480.790731 900.000000 0.000000
614.667318 900.000000 0.000000
284.987076 900.000000 0.000000
4100.360222 900.000000 0.000000
627.696429 900.000000 0.000000
1578.725354 900.000000 0.000000
902.834624 900.000000 0.000000
711.136097 900.000000 0.000000
3322.148066 900.000000 0.000000
3425.946115 900.000000 0.000000
955.009663 900.000000 0.000000
2181.715093 900.000000 0.000000
4822.296123 900.000000 0.000000
4340.817952 900.000000 0.000000
654.399827 900.000000 0.000000
2422.211398 900.000000 0.000000
1873.272256 900.000000 0.000000
4502.375611 900.000000 0.000000
893.283935 900.000000 0.000000
3398.175653 900.000000 0.000000
3114.371550 900.000000 0.000000
4918.279748 900.000000 0.000000
2203.573899 900.000000 0.000000
4023.686387 900.000000 0.000000
4974.225304 900.000000 0.000000
2707.754807 900.000000 0.000000
1279.527277 900.000000 0.000000
3194.728177 900.000000 0.000000
2879.551352 900.000000 0.000000
1293.607098 900.000000 0.000000
957.965006 900.000000 0.000000
2228.315234 900.000000 0.000000
746.332547 900.000000 0.000000
4983.618446 900.000000 0.000000
608.811111 900.000000 0.000000
3257.696398 900.000000 0.000000
138.975489 900.000000 0.000000
1949.888011 900.000000 0.000000
4139.565220 900.000000 0.000000
1419.069536 900.000000 0.000000
3051.018218 900.000000 0.000000
1182.063748 900.000000 0.000000
2054.105251 900.000000 0.000000
3388.573083 900.000000 0.000000
4235.632941 900.000000 0.000000
3246.281139 900.000000 0.000000
406.913256 900.000000 0.000000
604.152418 900.000000 0.000000
2395.996321 900.000000 0.000000
3889.391788 900.000000 0.000000
2359.888505 900.000000 0.000000
4716.687554 900.000000 0.000000
4904.004962 900.000000 0.000000
1672.773653 900.000000 0.000000
1013.339619 900.000000 0.000000
1714.206170 900.000000 0.000000
3267.721222 900.000000 0.000000
3413.793984 900.000000 0.000000
3049.680699 900.000000 0.000000
499.635515 900.000000 0.000000
3831.274905 900.000000 0.000000
3677.907641 900.000000 0.000000
1205.695700 900.000000 0.000000
1315.893556 900.000000 0.000000
4804.349493 900.000000 0.000000
2116.978683 900.000000 0.000000
1680.290729 900.000000 0.000000
1.247489 900.000000 0.000000
4344.205083 900.000000 0.000000
18.765752 900.000000 0.000000
829.231553 900.000000 0.000000
59.104206 900.000000 0.000000
3032.275368 900.000000 0.000000
3649.860095 900.000000 0.000000
3069.122785 900.000000 0.000000
4828.840921 900.000000 0.000000
2485.491306 900.000000 0.000000
2649.427014 900.000000 0.000000
2308.037659 900.000000 0.000000
3565.168503 900.000000 0.000000
2899.798838 900.000000 0.000000
3414.012777 900.000000 0.000000
4769.607570 900.000000 0.000000
118.276018 900.000000 0.000000
1400.550734 900.000000 0.000000
4347.631767 900.000000 0.000000
1496.666369 900.000000 0.000000
1597.768017 900.000000 0.000000
1504.758544 900.000000 0.000000
4705.557432 900.000000 0.000000
4240.635319 900.000000 0.000000
3766.730647 900.000000 0.000000
2691.220436 900.000000 0.000000
2042.406907 900.000000 0.000000
1061.856580 900.000000 0.000000
380.702011 900.000000 0.000000
1449.674541 900.000000 0.000000
98.909169 900.000000 0.000000
1206.239497 900.000000 0.000000
1923.095824 900.000000 0.000000
2274.534432 900.000000 0.000000
1869.912605 900.000000 0.000000
2200.943980 900.000000 0.000000
589.484039 900.000000 0.000000
4027.149223 900.000000 0.000000
824.463207 900.000000 0.000000
1412.649682 900.000000 0.000000
863.426997 900.000000 0.000000
4679.211648 900.000000 0.000000
3404.765298 900.000000 0.000000
668.483694 900.000000 0.000000
1273.806114 900.000000 0.000000
1997.224380 900.000000 0.000000
1846.176825 900.000000 0.000000
3631.809459 900.000000 0.000000
1389.187297 900.000000 0.000000
3467.845520 900.000000 0.000000
2501.773444 900.000000 0.000000
592.027691 900.000000 0.000000
756.516675 900.000000 0.000000
3407.234714 900.000000 0.000000
3603.329592 900.000000 0.000000
4898.234695 900.000000 0.000000
3483.895556 900.000000 0.000000
2786.050362 900.000000 0.000000
3404.107409 900.000000 0.000000
4776.760249 900.000000 0.000000
2991.044782 900.000000 0.000000
3852.269476 900.000000 0.000000
4567.987428 900.000000 0.000000
3294.793246 900.000000 0.000000
3354.873067 900.000000 0.000000
2890.925877 900.000000 0.000000
4765.196451 900.000000 0.000000
814.617290 900.000000 0.000000
1675.284930 900.000000 0.000000
4759.123520 900.000000 0.000000
548.308218 900.000000 0.000000
3096.511515 900.000000 0.000000
4784.083712 900.000000 0.000000
4926.215471 900.000000 0.000000
353.688744 900.000000 0.000000
2511.651950 900.000000 0.000000
3403.606130 900.000000 0.000000
2766.600328 900.000000 0.000000
2935.027907 900.000000 0.000000
3458.102808 900.000000 0.000000
2313.239549 900.000000 0.000000
2871.271468 900.000000 0.000000
364.450440 900.000000 0.000000
3191.332591 900.000000 0.000000
1938.786441 900.000000 0.000000
1104.801086 900.000000 0.000000
11.159012 900.000000 0.000000
2478.283877 900.000000 0.000000
956.582616 900.000000 0.000000
111.325040 900.000000 0.000000
4517.945104 900.000000 0.000000
3693.140877 900.000000 0.000000
2222.654449 900.000000 0.000000
2088.511216 900.000000 0.000000
3804.305611 900.000000 0.000000
2188.766111 900.000000 0.000000
954.914307 900.000000 0.000000
2885.564812 900.000000 0.000000
663.441715 900.000000 0.000000
1589.121735 900.000000 0.000000
2434.582451 900.000000 0.000000
4695.455346 900.000000 0.000000
4669.731404 900.000000 0.000000
368.300675 900.000000 0.000000
3062.181476 900.000000 0.000000
2573.743622 900.000000 0.000000
3123.317908 900.000000 0.000000
653.226310 900.000000 0.000000
3226.052204 900.000000 0.000000
670.742752 900.000000 0.000000
3264.629840 900.000000 0.000000
1326.050046 900.000000 0.000000
1909.026343 900.000000 0.000000
2951.075302 900.000000 0.000000
3348.520411 900.000000 0.000000
2771.662400 900.000000 0.000000
97.523801 900.000000 0.000000
921.734812 900.000000 0.000000
4955.902311 900.000000 0.000000
2868.388819 900.000000 0.000000
3188.810427 900.000000 0.000000
2974.287989 900.000000 0.000000
2576.223441 900.000000 0.000000
1653.467546 900.000000 0.000000
1983.712248 900.000000 0.000000
4419.827402 900.000000 0.000000
3857.426330 900.000000 0.000000
2995.376904 900.000000 0.000000
123.633149 900.000000 0.000000
61.293948 900.000000 0.000000
3492.261597 900.000000 0.000000
1329.955045 900.000000 0.000000
3683.503607 900.000000 0.000000
4999.863094 900.000000 0.000000
3748.961578 900.000000 0.000000
2424.777945 900.000000 0.000000
4118.502643 900.000000 0.000000
3113.885449 900.000000 0.000000
4512.560470 900.000000 0.000000
282.525644 900.000000 0.000000
3695.386946 900.000000 0.000000
1880.881099 900.000000 0.000000
184.003825 900.000000 0.000000
3880.991093 900.000000 0.000000
4186.770931 900.000000 0.000000
1725.409651 900.000000 0.000000
409.213238 900.000000 0.000000
1113.107724 900.000000 0.000000
762.381593 900.000000 0.000000
2005.885977 900.000000 0.000000
2658.063041 900.000000 0.000000
4058.533009 900.000000 0.000000
203.887831 900.000000 0.000000
589.445041 900.000000 0.000000
2875.949827 900.000000 0.000000
4161.811038 900.000000 0.000000
1023.209264 900.000000 0.000000
1193.608865 900.000000 0.000000
4984.643498 900.000000 0.000000
1292.952978 900.000000 0.000000
4460.279838 900.000000 0.000000
4234.298941 900.000000 0.000000
1532.918531 900.000000 0.000000
166.812459 900.000000 0.000000
3532.102492 900.000000 0.000000
968.078041 900.000000 0.000000
2544.890688 900.000000 0.000000
107.725734 900.000000 0.000000
3363.663966 900.000000 0.000000
4067.812222 900.000000 0.000000
4036.420260 900.000000 0.000000
2407.634216 900.000000 0.000000
2687.595476 900.000000 0.000000
3904.243031 900.000000 0.000000
1679.244541 900.000000 0.000000
3496.296856 900.000000 0.000000
2129.276497 900.000000 0.000000
4126.203316 900.000000 0.000000
4728.068459 900.000000 0.000000
2774.206251 900.000000 0.000000
3552.475942 900.000000 0.000000
1891.801829 900.000000 0.000000
3241.693653 900.000000 0.000000
228.363584 900.000000 0.000000
777.386617 900.000000 0.000000
4426.769838 900.000000 0.000000
3607.828623 900.000000 0.000000
4808.336007 900.000000 0.000000
2151.504426 900.000000 0.000000
660.156769 900.000000 0.000000
2196.656044 900.000000 0.000000
2335.938681 900.000000 0.000000
2050.416083 900.000000 0.000000
1385.983555 900.000000 0.000000
1392.547796 900.000000 0.000000
4773.104029 900.000000 0.000000
4021.787457 900.000000 0.000000
4842.552331 900.000000 0.000000
4998.613957 900.000000 0.000000
4735.801416 900.000000 0.000000
1242.755688 900.000000 0.000000
33.524930 900.000000 0.000000
2223.636576 900.000000 0.000000
3370.243891 900.000000 0.000000
2482.401804 900.000000 0.000000
105.046250 900.000000 0.000000
4158.816109 900.000000 0.000000
542.729261 900.000000 0.000000
465.758197 900.000000 0.000000
4451.028202 900.000000 0.000000
2229.726053 900.000000 0.000000
4534.533842 900.000000 0.000000
2770.199105 900.000000 0.000000
3797.171747 900.000000 0.000000
4077.756919 900.000000 0.000000
2664.842514 900.000000 0.000000
275.675731 900.000000 0.000000
269.928271 900.000000 0.000000
4495.940951 900.000000 0.000000
734.536869 900.000000 0.000000
2413.236571 900.000000 0.000000
336.514905 900.000000 0.000000
1405.809323 900.000000 0.000000
4664.245826 900.000000 0.000000
2536.589665 900.000000 0.000000
2822.515072 900.000000 0.000000
4003.566001 900.000000 0.000000
3229.437494 900.000000 0.000000
1546.097489 900.000000 0.000000
239.033033 900.000000 0.000000
1259.829149 900.000000 0.000000
3569.405711 900.000000 0.000000
3354.970086 900.000000 0.000000
3026.428799 900.000000 0.000000
741.359496 900.000000 0.000000
3976.251748 900.000000 0.000000
3326.386766 900.000000 0.000000
4271.510214 900.000000 0.000000
4052.668384 900.000000 0.000000
355.719919 900.000000 0.000000
343.967839 900.000000 0.000000
4452.332866 900.000000 0.000000
3790.229784 900.000000 0.000000
351.552936 900.000000 0.000000
4260.472390 900.000000 0.000000
3876.784508 900.000000 0.000000
3424.476013 900.000000 0.000000
1172.763936 900.000000 0.000000
2307.878472 900.000000 0.000000
4682.177287 900.000000 0.000000
3324.732095 900.000000 0.000000
2298.397949 900.000000 0.000000
4439.117552 900.000000 0.000000
2873.111303 900.000000 0.000000
150.843117 900.000000 0.000000
3836.773604 900.000000 0.000000
1727.392776 900.000000 0.000000
3045.615717 900.000000 0.000000
1087.714352 900.000000 0.000000
3218.802804 900.000000 0.000000
2856.963243 900.000000 0.000000
4011.555244 900.000000 0.000000
4811.677736 900.000000 0.000000
2008.849279 900.000000 0.000000
4982.767090 900.000000 0.000000
3729.729058 900.000000 0.000000
2242.055917 900.000000 0.000000
1978.921402 900.000000 0.000000
616.949630 900.000000 0.000000
2663.074564 900.000000 0.000000
4166.898011 900.000000 0.000000
4588.365648 900.000000 0.000000
4128.037833 900.000000 0.000000
2229.576998 900.000000 0.000000
1335.681006 900.000000 0.000000
3321.994498 900.000000 0.000000
3834.303471 900.000000 0.000000
3329.841375 900.000000 0.000000
2519.775525 900.000000 0.000000
4175.768509 900.000000 0.000000
3112.026893 900.000000 0.000000
2287.694591 900.000000 0.000000
2774.916389 900.000000 0.000000
1829.068550 900.000000 0.000000
3281.511156 900.000000 0.000000
4585.193347 900.000000 0.000000
1380.272957 900.000000 0.000000
606.072207 900.000000 0.000000
4830.891270 900.000000 0.000000
3487.195042 900.000000 0.000000
2217.738947 900.000000 0.000000
3150.979121 900.000000 0.000000
1841.733374 900.000000 0.000000
1190.959781 900.000000 0.000000
1501.369103 900.000000 0.000000
3551.660859 900.000000 0.000000
237.374190 900.000000 0.000000
2462.627217 900.000000 0.000000
406.269899 900.000000 0.000000
610.083910 900.000000 0.000000
4965.510900 900.000000 0.000000
1775.455136 900.000000 0.000000
3824.318653 900.000000 0.000000
4520.497714 900.000000 0.000000
1980.548063 900.000000 0.000000
4085.674281 900.000000 0.000000
1744.871108 900.000000 0.000000
1330.968168 900.000000 0.000000
1837.509788 900.000000 0.000000
3761.581066 900.000000 0.000000
2939.000119 900.000000 0.000000
2447.105474 900.000000 0.000000
3367.370304 900.000000 0.000000
1641.480696 900.000000 0.000000
4269.729196 900.000000 0.000000
4161.903682 900.000000 0.000000
797.943432 900.000000 0.000000
1612.055108 900.000000 0.000000
4750.868536 900.000000 0.000000
476.883560 900.000000 0.000000
1155.099276 900.000000 0.000000
4303.038762 900.000000 0.000000
1798.135961 900.000000 0.000000
4924.218495 900.000000 0.000000
159.878340 900.000000 0.000000
4143.249572 900.000000 0.000000
2584.047448 900.000000 0.000000
2447.039618 900.000000 0.000000
4819.886490 900.000000 0.000000
4800.658695 900.000000 0.000000
3409.083955 900.000000 0.000000
4303.940844 900.000000 0.000000
2279.146408 900.000000 0.000000
1661.953279 900.000000 0.000000
295.749021 900.000000 0.000000
2261.229884 900.000000 0.000000
1086.771080 900.000000 0.000000
1728.037200 900.000000 0.000000
2749.859967 900.000000 0.000000
1588.111258 900.000000 0.000000
4464.882213 900.000000 0.000000
2450.227252 900.000000 0.000000
1282.395048 900.000000 0.000000
4844.993191 900.000000 0.000000
4553.182324 900.000000 0.000000
1133.587989 900.000000 0.000000
1639.142861 900.000000 0.000000
1433.510450 900.000000 0.000000
712.575272 900.000000 0.000000
496.408696 900.000000 0.000000
961.662045 900.000000 0.000000
1541.884346 900.000000 0.000000
4357.079795 900.000000 0.000000
1955.743929 900.000000 0.000000
3943.304410 900.000000 0.000000
1004.080203 900.000000 0.000000
4932.379795 900.000000 0.000000
4414.310629 900.000000 0.000000
549.312255 900.000000 0.000000
1771.416275 900.000000 0.000000
2778.713410 900.000000 0.000000
3453.492289 900.000000 0.000000
3219.078761 900.000000 0.000000
1815.521425 900.000000 0.000000
394.313555 900.000000 0.000000
1004.102069 900.000000 0.000000
3584.867651 900.000000 0.000000
3721.768729 900.000000 0.000000
3838.182151 900.000000 0.000000
1227.212253 900.000000 0.000000
3340.045596 900.000000 0.000000
4434.946886 900.000000 0.000000
1834.249654 900.000000 0.000000
2657.783140 900.000000 0.000000
2514.219894 900.000000 0.000000
1572.718348 900.000000 0.000000
3112.706821 900.000000 0.000000
99.519291 900.000000 0.000000
3381.775672 900.000000 0.000000
2149.093108 900.000000 0.000000
1164.176059 900.000000 0.000000
4938.097285 900.000000 0.000000
1532.860677 900.000000 0.000000
2473.185188 900.000000 0.000000
3743.074466 900.000000 0.000000
4459.217804 900.000000 0.000000
226.427480 900.000000 0.000000
2137.805360 900.000000 0.000000
1134.892212 900.000000 0.000000
2420.364926 900.000000 0.000000
823.228150 900.000000 0.000000
449.037441 900.000000 0.000000
1921.318687 900.000000 0.000000
119.177361 900.000000 0.000000
1648.672734 900.000000 0.000000
2656.153679 900.000000 0.000000
2383.416804 900.000000 0.000000
4387.412368 900.000000 0.000000
2277.508138 900.000000 0.000000
2486.512475 900.000000 0.000000
1980.921503 900.000000 0.000000
4430.623640 900.000000 0.000000
3680.350460 900.000000 0.000000
544.587976 900.000000 0.000000
1989.609511 900.000000 0.000000
4212.875105 900.000000 0.000000
4131.001600 900.000000 0.000000
4683.275827 900.000000 0.000000
1227.948051 900.000000 0.000000
3198.443082 900.000000 0.000000
2466.675155 900.000000 0.000000
367.247534 900.000000 0.000000
3900.690506 900.000000 0.000000
210.560616 900.000000 0.000000
3505.582383 900.000000 0.000000
4702.616334 900.000000 0.000000
3502.740852 900.000000 0.000000
3883.801359 900.000000 0.000000
963.712904 900.000000 0.000000
34.626344 900.000000 0.000000
4214.918128 900.000000 0.000000
4596.620882 900.000000 0.000000
1210.416344 900.000000 0.000000
950.503370 900.000000 0.000000
3675.423195 900.000000 0.000000
822.611594 900.000000 0.000000
4951.532250 900.000000 0.000000
4914.239699 900.000000 0.000000
3285.847694 900.000000 0.000000
93.868221 900.000000 0.000000
3797.982412 900.000000 0.000000
1787.838053 900.000000 0.000000
2545.081719 900.000000 0.000000
3694.498405 900.000000 0.000000
2839.615818 900.000000 0.000000
1445.283170 900.000000 0.000000
2075.085702 900.000000 0.000000
4905.272806 900.000000 0.000000
1829.422395 900.000000 0.000000
2589.391307 900.000000 0.000000
4221.045109 900.000000 0.000000
4840.613264 900.000000 0.000000
1294.472642 900.000000 0.000000
2391.552204 900.000000 0.000000
2186.704932 900.000000 0.000000
1896.990003 900.000000 0.000000
1015.409419 900.000000 0.000000
2754.103742 900.000000 0.000000
1277.713613 900.000000 0.000000
2750.490153 900.000000 0.000000
4352.389695 900.000000 0.000000
1206.151068 900.000000 0.000000
785.541188 900.000000 0.000000
1091.304137 900.000000 0.000000
581.388687 900.000000 0.000000
3745.091377 900.000000 0.000000
791.453293 900.000000 0.000000
2381.769533 900.000000 0.000000
2726.636617 900.000000 0.000000
4394.890607 900.000000 0.000000
85.721085 900.000000 0.000000
2714.909937 900.000000 0.000000
1590.090408 900.000000 0.000000
3944.026714 900.000000 0.000000
4358.606871 900.000000 0.000000
3692.452047 900.000000 0.000000
461.665073 900.000000 0.000000
1506.993215 900.000000 0.000000
3185.516432 900.000000 0.000000
2857.821357 900.000000 0.000000
3564.051710 900.000000 0.000000
3221.446211 900.000000 0.000000
1152.380039 900.000000 0.000000
4858.477932 900.000000 0.000000
4830.797141 900.000000 0.000000
1459.419543 900.000000 0.000000
876.429089 900.000000 0.000000
1564.412761 900.000000 0.000000
4923.256399 900.000000 0.000000
2841.956771 900.000000 0.000000
4222.342819 900.000000 0.000000
722.169540 900.000000 0.000000
2299.703048 900.000000 0.000000
3039.489526 900.000000 0.000000
920.613526 900.000000 0.000000
1714.027465 900.000000 0.000000
3032.164988 900.000000 0.000000
4190.982927 900.000000 0.000000
930.942589 900.000000 0.000000
151.372345 900.000000 0.000000
1536.959289 900.000000 0.000000
626.430145 900.000000 0.000000
1351.974824 900.000000 0.000000
4370.807403 900.000000 0.000000
1852.547787 900.000000 0.000000
4471.166850 900.000000 0.000000
2039.978369 900.000000 0.000000
4409.392343 900.000000 0.000000
3239.756192 900.000000 0.000000
1184.933637 900.000000 0.000000
2644.036679 900.000000 0.000000
1468.657712 900.000000 0.000000
471.602126 900.000000 0.000000
4672.693129 900.000000 0.000000
608.396662 900.000000 0.000000
1748.408802 900.000000 0.000000
335.134289 900.000000 0.000000
3210.983846 900.000000 0.000000
3462.235688 900.000000 0.000000
1674.633666 900.000000 0.000000
1871.220968 900.000000 0.000000
1569.425256 900.000000 0.000000
2693.691473 900.000000 0.000000
492.962615 900.000000 0.000000
2452.571127 900.000000 0.000000
1643.678352 900.000000 0.000000
3548.628968 900.000000 0.000000
4408.490148 900.000000 0.000000
1965.002405 900.000000 0.000000
4271.216365 900.000000 0.000000
2318.882965 900.000000 0.000000
2635.281949 900.000000 0.000000
2466.549462 900.000000 0.000000
1338.921681 900.000000 0.000000
2915.387381 900.000000 0.000000
286.757083 900.000000 0.000000
4796.681842 900.000000 0.000000
3857.085867 900.000000 0.000000
213.592316 900.000000 0.000000
2492.166844 900.000000 0.000000
261.471351 900.000000 0.000000
2807.757248 900.000000 0.000000
4801.809547 900.000000 0.000000
3099.086570 900.000000 0.000000
2643.141841 900.000000 0.000000
3491.175893 900.000000 0.000000
930.810208 900.000000 0.000000
2769.990838 900.000000 0.000000
3330.601458 900.000000 0.000000
763.655243 900.000000 0.000000
4743.750787 900.000000 0.000000
934.128945 900.000000 0.000000
2902.563320 900.000000 0.000000
4255.122208 900.000000 0.000000
534.329218 900.000000 0.000000
3379.308684 900.000000 0.000000
3980.226200 900.000000 0.000000
3288.230515 900.000000 0.000000
46.747619 900.000000 0.000000
1031.337939 900.000000 0.000000
3182.101840 900.000000 0.000000
191.282302 900.000000 0.000000
3388.551251 900.000000 0.000000
3389.589627 900.000000 0.000000
3358.421343 900.000000 0.000000
1981.588580 900.000000 0.000000
3307.985237 900.000000 0.000000
3166.801917 900.000000 0.000000
4810.621194 900.000000 0.000000
4963.557089 900.000000 0.000000
496.724132 900.000000 0.000000
339.466371 900.000000 0.000000
2130.065758 900.000000 0.000000
4735.227511 900.000000 0.000000
3541.630047 900.000000 0.000000
2334.089231 900.000000 0.000000
224.181443 900.000000 0.000000
3742.904608 900.000000 0.000000
3391.853472 900.000000 0.000000
1054.606716 900.000000 0.000000
1992.451531 900.000000 0.000000
4768.377923 900.000000 0.000000
144.511424 900.000000 0.000000
4678.832847 900.000000 0.000000
4234.652368 900.000000 0.000000
3313.800879 900.000000 0.000000
4339.554517 900.000000 0.000000
3261.796618 900.000000 0.000000
2264.024701 900.000000 0.000000
1526.144912 900.000000 0.000000
1760.174935 900.000000 0.000000
1398.217011 900.000000 0.000000
1180.227970 900.000000 0.000000
135.017304 900.000000 0.000000
3260.311943 900.000000 0.000000
3560.001133 900.000000 0.000000
3099.654334 900.000000 0.000000
627.195388 900.000000 0.000000
2263.949817 900.000000 0.000000
4611.657548 900.000000 0.000000
604.221796 900.000000 0.000000
2019.044873 900.000000 0.000000
1301.452230 900.000000 0.000000
3894.218192 900.000000 0.000000
3339.205998 900.000000 0.000000
133.947186 900.000000 0.000000
2456.661504 900.000000 0.000000
4575.304438 900.000000 0.000000
3520.126733 900.000000 0.000000
3141.004265 900.000000 0.000000
2891.692333 900.000000 0.000000
3145.782078 900.000000 0.000000
3652.053245 900.000000 0.000000
3206.591670 900.000000 0.000000
2318.546673 900.000000 0.000000
3071.456196 900.000000 0.000000
1272.353278 900.000000 0.000000
4043.413459 900.000000 0.000000
1144.918652 900.000000 0.000000
2252.389981 900.000000 0.000000
4371.175709 900.000000 0.000000
1013.869529 900.000000 0.000000
2618.555961 900.000000 0.000000
632.591329 900.000000 0.000000
2897.014495 900.000000 0.000000
1309.423352 900.000000 0.000000
1038.845285 900.000000 0.000000
2764.190801 900.000000 0.000000
4256.976820 900.000000 0.000000
2567.972187 900.000000 0.000000
2791.299223 900.000000 0.000000
3330.742677 900.000000 0.000000
4994.873285 900.000000 0.000000
891.370372 900.000000 0.000000
583.698179 900.000000 0.000000
342.127716 900.000000 0.000000
3113.566887 900.000000 0.000000
1572.414752 900.000000 0.000000
4449.139666 900.000000 0.000000
4032.388300 900.000000 0.000000
2149.584745 900.000000 0.000000
2623.477288 900.000000 0.000000
2263.377651 900.000000 0.000000
3153.715607 900.000000 0.000000
2832.972427 900.000000 0.000000
4794.303316 900.000000 0.000000
4540.261432 900.000000 0.000000
3504.491311 900.000000 0.000000
1885.126921 900.000000 0.000000
3418.981129 900.000000 0.000000
990.442311 900.000000 0.000000
3087.003496 900.000000 0.000000
2068.630792 900.000000 0.000000
4117.942083 900.000000 0.000000
3777.889740 900.000000 0.000000
3515.486586 900.000000 0.000000
1821.471389 900.000000 0.000000
4098.934931 900.000000 0.000000
3757.908817 900.000000 0.000000
243.847545 900.000000 0.000000
2642.845016 900.000000 0.000000
3083.740962 900.000000 0.000000
1354.714155 900.000000 0.000000
4004.208733 900.000000 0.000000
1175.871113 900.000000 0.000000
4518.932762 900.000000 0.000000
1294.007846 900.000000 0.000000
956.682062 900.000000 0.000000
62.051710 900.000000 0.000000
4267.069991 900.000000 0.000000
3105.043558 900.000000 0.000000
4279.309656 900.000000 0.000000
700.531005 900.000000 0.000000
4363.439820 900.000000 0.000000
3544.198677 900.000000 0.000000
463.204946 900.000000 0.000000
103.752097 900.000000 0.000000
3913.182592 900.000000 0.000000
150.412618 900.000000 0.000000
2523.053160 900.000000 0.000000
408.110891 900.000000 0.000000
3867.468724 900.000000 0.000000
4362.886408 900.000000 0.000000
4400.156240 900.000000 0.000000
4417.621496 900.000000 0.000000
4362.136641 900.000000 0.000000
2293.611127 900.000000 0.000000
4511.494206 900.000000 0.000000
2739.524759 900.000000 0.000000
279.942176 900.000000 0.000000
2955.899439 900.000000 0.000000
2819.708547 900.000000 0.000000
3880.650379 900.000000 0.000000
1477.848892 900.000000 0.000000
204.268267 900.000000 0.000000
1992.835916 900.000000 0.000000
1411.373101 900.000000 0.000000
4033.581605 900.000000 0.000000
2535.796810 900.000000 0.000000
3440.754823 900.000000 0.000000
2473.320202 900.000000 0.000000
2272.730202 900.000000 0.000000
2107.400456 900.000000 0.000000
196.258664 900.000000 0.000000
455.981016 900.000000 0.000000
1969.076546 900.000000 0.000000
676.865974 900.000000 0.000000
4843.252915 900.000000 0.000000
4058.380554 900.000000 0.000000
1629.827055 900.000000 0.000000
4809.995890 900.000000 0.000000
501.406010 900.000000 0.000000
514.623062 900.000000 0.000000
1536.295452 900.000000 0.000000
1668.410298 900.000000 0.000000
4289.830668 900.000000 0.000000
2614.608681 900.000000 0.000000
3077.500205 900.000000 0.000000
4907.793419 900.000000 0.000000
3987.423693 900.000000 0.000000
994.048371 900.000000 0.000000
2283.520951 900.000000 0.000000
2854.853985 900.000000 0.000000
1074.543482 900.000000 0.000000
3432.166571 900.000000 0.000000
1393.010576 900.000000 0.000000
898.699241 900.000000 0.000000
1987.489731 900.000000 0.000000
814.294675 900.000000 0.000000
4013.108810 900.000000 0.000000
418.229566 900.000000 0.000000
3191.353761 900.000000 0.000000
1154.282592 900.000000 0.000000
2900.471897 900.000000 0.000000
4321.462569 900.000000 0.000000
4663.691436 900.000000 0.000000
4106.965618 900.000000 0.000000
2402.952363 900.000000 0.000000
3181.865079 900.000000 0.000000
907.543279 900.000000 0.000000
2346.002506 900.000000 0.000000
1546.382206 900.000000 0.000000
3344.052156 900.000000 0.000000
3611.705806 900.000000 0.000000
2874.283345 900.000000 0.000000
2639.272565 900.000000 0.000000
4046.157793 900.000000 0.000000
4934.413307 900.000000 0.000000
1619.302480 900.000000 0.000000
3031.982294 900.000000 0.000000
3797.794828 900.000000 0.000000
3954.840901 900.000000 0.000000
349.649071 900.000000 0.000000
2752.327070 900.000000 0.000000
46.491412 900.000000 0.000000
3923.147374 900.000000 0.000000
3445.220572 900.000000 0.000000
4817.940454 900.000000 0.000000
2582.207988 900.000000 0.000000
1785.891523 900.000000 0.000000
2411.684459 900.000000 0.000000
2149.798010 900.000000 0.000000
4981.530737 900.000000 0.000000
3005.880055 900.000000 0.000000
3925.021035 900.000000 0.000000
4852.710606 900.000000 0.000000
2439.272745 900.000000 0.000000
474.633761 900.000000 0.000000
4896.658866 900.000000 0.000000
604.388696 900.000000 0.000000
3151.301681 900.000000 0.000000
971.237698 900.000000 0.000000
1065.408515 900.000000 0.000000
72.993899 900.000000 0.000000
1833.355575 900.000000 0.000000
1700.503887 900.000000 0.000000
3608.931737 900.000000 0.000000
1837.665563 900.000000 0.000000
105.167686 900.000000 0.000000
658.439962 900.000000 0.000000
2933.798379 900.000000 0.000000
3668.023201 900.000000 0.000000
4318.175754 900.000000 0.000000
684.973228 900.000000 0.000000
262.134889 900.000000 0.000000
2031.117042 900.000000 0.000000
1208.284735 900.000000 0.000000
2362.253515 900.000000 0.000000
4361.079896 900.000000 0.000000
2273.596163 900.000000 0.000000
357.895348 900.000000 0.000000
1570.306221 900.000000 0.000000
2464.115571 900.000000 0.000000
3708.605669 900.000000 0.000000
3473.918317 900.000000 0.000000
4914.339359 900.000000 0.000000
1598.740686 900.000000 0.000000
4021.018520 900.000000 0.000000
267.339076 900.000000 0.000000
3730.776741 900.000000 0.000000
1517.374654 900.000000 0.000000
465.407569 900.000000 0.000000
4672.658321 900.000000 0.000000
3734.340931 900.000000 0.000000
500.242357 900.000000 0.000000
3601.482540 900.000000 0.000000
1053.768699 900.000000 0.000000
4815.483748 900.000000 0.000000
3745.947056 900.000000 0.000000
3698.109660 900.000000 0.000000
2550.361636 900.000000 0.000000
436.464932 900.000000 0.000000
3250.102347 900.000000 0.000000
411.824248 900.000000 0.000000
3634.603727 900.000000 0.000000
2663.091327 900.000000 0.000000
3746.529332 900.000000 0.000000
4306.334700 900.000000 0.000000
173.497241 900.000000 0.000000
465.612292 900.000000 0.000000
3276.285476 900.000000 0.000000
4797.589236 900.000000 0.000000
2435.286155 900.000000 0.000000
4299.478724 900.000000 0.000000
423.972105 900.000000 0.000000
3592.708575 900.000000 0.000000
4254.591640 900.000000 0.000000
4094.423908 900.000000 0.000000
3581.372299 900.000000 0.000000
2041.119649 900.000000 0.000000
3182.928350 900.000000 0.000000
2619.193515 900.000000 0.000000
1860.194362 900.000000 0.000000
1767.130484 900.000000 0.000000
2990.245235 900.000000 0.000000
487.434373 900.000000 0.000000
1381.765191 900.000000 0.000000
