1061.767456 1100.000000 1.000000
990.953857 1100.000000 1.000000
1175.356079 1100.000000 1.000000
747.853821 1100.000000 1.000000
1850.955811 1100.000000 1.000000
2630.513672 1100.000000 1.000000
1247.994019 1100.000000 1.000000
1816.384766 1100.000000 1.000000
1008.517395 1100.000000 1.000000
1242.067383 1100.000000 1.000000
1433.587769 1100.000000 1.000000
1549.789551 1100.000000 1.000000
949.084717 1100.000000 1.000000
2021.073120 1100.000000 1.000000
1413.457886 1100.000000 1.000000
1283.381470 1100.000000 1.000000
1399.878418 1100.000000 1.000000
1034.511353 1100.000000 1.000000
1203.394409 1100.000000 1.000000
1435.424316 1100.000000 1.000000
1518.252319 1100.000000 1.000000
954.866272 1100.000000 1.000000
1650.214355 1100.000000 1.000000
1225.429199 1100.000000 1.000000
1056.488037 1100.000000 1.000000
2376.645996 1100.000000 1.000000
1098.198853 1100.000000 1.000000
1701.847534 1100.000000 1.000000
1167.910400 1100.000000 1.000000
1481.282593 1100.000000 1.000000
1164.682861 1100.000000 1.000000
1455.841187 1100.000000 1.000000
1053.398682 1100.000000 1.000000
774.658997 1100.000000 1.000000
3246.035645 1100.000000 1.000000
1456.097900 1100.000000 1.000000
1059.031982 1100.000000 1.000000
1441.526733 1100.000000 1.000000
1350.477905 1100.000000 1.000000
1064.415527 1100.000000 1.000000
1117.033569 1100.000000 1.000000
1698.832153 1100.000000 1.000000
1667.944458 1100.000000 1.000000
1256.809326 1100.000000 1.000000
1752.371094 1100.000000 1.000000
955.164795 1100.000000 1.000000
999.387817 1100.000000 1.000000
651.093323 1100.000000 1.000000
1849.001465 1100.000000 1.000000
1219.030762 1100.000000 1.000000
1496.781494 1100.000000 1.000000
2104.158936 1100.000000 1.000000
2912.250732 1100.000000 1.000000
2203.606689 1100.000000 1.000000
1357.064331 1100.000000 1.000000
1445.808228 1100.000000 1.000000
1094.661011 1100.000000 1.000000
826.713562 1100.000000 1.000000
856.583496 1100.000000 1.000000
951.503845 1100.000000 1.000000
1054.944580 1100.000000 1.000000
1102.947510 1100.000000 1.000000
1262.912476 1100.000000 1.000000
1050.819824 1100.000000 1.000000
1536.116943 1100.000000 1.000000
932.662476 1100.000000 1.000000
1040.762695 1100.000000 1.000000
2163.809570 1100.000000 1.000000
1159.390137 1100.000000 1.000000
1065.834717 1100.000000 1.000000
1137.548096 1100.000000 1.000000
1547.995850 1100.000000 1.000000
1016.060730 1100.000000 1.000000
1768.525391 1100.000000 1.000000
975.806702 1100.000000 1.000000
1333.481812 1100.000000 1.000000
1123.981934 1100.000000 1.000000
858.941162 1100.000000 1.000000
1238.234497 1100.000000 1.000000
783.069824 1100.000000 1.000000
1477.907104 1100.000000 1.000000
1355.653076 1100.000000 1.000000
1183.823364 1100.000000 1.000000
884.353760 1100.000000 1.000000
1908.128296 1100.000000 1.000000
1296.723145 1100.000000 1.000000
1526.294312 1100.000000 1.000000
974.384277 1100.000000 1.000000
1061.051636 1100.000000 1.000000
837.090332 1100.000000 1.000000
1253.341309 1100.000000 1.000000
990.645020 1100.000000 1.000000
1178.418335 1100.000000 1.000000
920.425598 1100.000000 1.000000
957.155945 1100.000000 1.000000
1219.403931 1100.000000 1.000000
960.941162 1100.000000 1.000000
989.897888 1100.000000 1.000000
1073.973022 1100.000000 1.000000
1374.723755 1100.000000 1.000000
1087.556152 1100.000000 1.000000
1082.482666 1100.000000 1.000000
1033.559692 1100.000000 1.000000
1743.353882 1100.000000 1.000000
1813.330933 1100.000000 1.000000
1350.148315 1100.000000 1.000000
5520.952637 1100.000000 1.000000
629.564331 1100.000000 1.000000
1409.107544 1100.000000 1.000000
838.914856 1100.000000 1.000000
1140.370361 1100.000000 1.000000
1175.013550 1100.000000 1.000000
1735.698364 1100.000000 1.000000
1082.265381 1100.000000 1.000000
2108.798096 1100.000000 1.000000
1074.498657 1100.000000 1.000000
1068.402100 1100.000000 1.000000
2269.180908 1100.000000 1.000000
1145.488037 1100.000000 1.000000
2397.395264 1100.000000 1.000000
875.761047 1100.000000 1.000000
1211.035278 1100.000000 1.000000
1553.989502 1100.000000 1.000000
937.247620 1100.000000 1.000000
1383.387451 1100.000000 1.000000
1387.865112 1100.000000 1.000000
831.530945 1100.000000 1.000000
1121.904663 1100.000000 1.000000
1698.089355 1100.000000 1.000000
1022.183472 1100.000000 1.000000
861.612488 1100.000000 1.000000
1758.715332 1100.000000 1.000000
1149.825439 1100.000000 1.000000
1689.226440 1100.000000 1.000000
1131.078003 1100.000000 1.000000
1677.232178 1100.000000 1.000000
1604.591187 1100.000000 1.000000
1252.925293 1100.000000 1.000000
1217.736694 1100.000000 1.000000
1018.457520 1100.000000 1.000000
2032.996826 1100.000000 1.000000
1498.770996 1100.000000 1.000000
1367.594482 1100.000000 1.000000
775.624451 1100.000000 1.000000
1097.696655 1100.000000 1.000000
905.315674 1100.000000 1.000000
2422.359619 1100.000000 1.000000
1054.174805 1100.000000 1.000000
985.386108 1100.000000 1.000000
1061.725098 1100.000000 1.000000
1092.428833 1100.000000 1.000000
1158.500366 1100.000000 1.000000
1418.488647 1100.000000 1.000000
993.526917 1100.000000 1.000000
1544.716675 1100.000000 1.000000
1758.623413 1100.000000 1.000000
3357.110352 1100.000000 1.000000
847.006226 1100.000000 1.000000
1583.057373 1100.000000 1.000000
1297.064331 1100.000000 1.000000
960.733582 1100.000000 1.000000
759.533264 1100.000000 1.000000
1476.362671 1100.000000 1.000000
2563.146484 1100.000000 1.000000
2195.897461 1100.000000 1.000000
1174.303223 1100.000000 1.000000
1133.503418 1100.000000 1.000000
1242.000488 1100.000000 1.000000
1410.279297 1100.000000 1.000000
1101.951050 1100.000000 1.000000
1233.618896 1100.000000 1.000000
1117.054077 1100.000000 1.000000
966.400208 1100.000000 1.000000
2167.924561 1100.000000 1.000000
1168.531494 1100.000000 1.000000
1042.848511 1100.000000 1.000000
1545.706787 1100.000000 1.000000
1870.022217 1100.000000 1.000000
919.124207 1100.000000 1.000000
2012.563965 1100.000000 1.000000
1273.327881 1100.000000 1.000000
2560.373535 1100.000000 1.000000
1093.488281 1100.000000 1.000000
1236.812012 1100.000000 1.000000
1026.652832 1100.000000 1.000000
1042.258545 1100.000000 1.000000
1172.749634 1100.000000 1.000000
1143.437744 1100.000000 1.000000
1056.851074 1100.000000 1.000000
1074.462036 1100.000000 1.000000
1164.877197 1100.000000 1.000000
1778.034058 1100.000000 1.000000
768.309204 1100.000000 1.000000
1375.348877 1100.000000 1.000000
1164.293091 1100.000000 1.000000
1174.170654 1100.000000 1.000000
1222.737061 1100.000000 1.000000
988.408508 1100.000000 1.000000
796.191711 1100.000000 1.000000
1565.696533 1100.000000 1.000000
1453.572998 1100.000000 1.000000
902.066772 1100.000000 1.000000
1136.397461 1100.000000 1.000000
1327.385010 1100.000000 1.000000
1061.390137 1100.000000 1.000000
1143.853760 1100.000000 1.000000
1140.206909 1100.000000 1.000000
1581.541016 1100.000000 1.000000
773.035156 1100.000000 1.000000
1298.836426 1100.000000 1.000000
1061.988281 1100.000000 1.000000
2116.958252 1100.000000 1.000000
966.001587 1100.000000 1.000000
2781.223389 1100.000000 1.000000
797.687439 1100.000000 1.000000
2971.313721 1100.000000 1.000000
1147.342041 1100.000000 1.000000
985.176697 1100.000000 1.000000
1119.802124 1100.000000 1.000000
1671.632324 1100.000000 1.000000
1019.553345 1100.000000 1.000000
1194.461914 1100.000000 1.000000
1021.038940 1100.000000 1.000000
1044.174561 1100.000000 1.000000
1318.587402 1100.000000 1.000000
897.881226 1100.000000 1.000000
1325.463989 1100.000000 1.000000
2331.108887 1100.000000 1.000000
1625.593018 1100.000000 1.000000
1307.834961 1100.000000 1.000000
1047.216064 1100.000000 1.000000
3023.033447 1100.000000 1.000000
1024.112915 1100.000000 1.000000
1563.960571 1100.000000 1.000000
1122.874390 1100.000000 1.000000
1041.578003 1100.000000 1.000000
1121.739136 1100.000000 1.000000
896.880371 1100.000000 1.000000
1596.733765 1100.000000 1.000000
1530.792236 1100.000000 1.000000
1272.363647 1100.000000 1.000000
1092.496338 1100.000000 1.000000
1291.302856 1100.000000 1.000000
966.786133 1100.000000 1.000000
1231.152344 1100.000000 1.000000
1003.138245 1100.000000 1.000000
1135.516724 1100.000000 1.000000
1075.067505 1100.000000 1.000000
1730.677490 1100.000000 1.000000
1369.201904 1100.000000 1.000000
844.641541 1100.000000 1.000000
2340.811768 1100.000000 1.000000
1184.855835 1100.000000 1.000000
1146.669922 1100.000000 1.000000
1474.441406 1100.000000 1.000000
1214.077026 1100.000000 1.000000
1147.751587 1100.000000 1.000000
1147.634521 1100.000000 1.000000
1057.475830 1100.000000 1.000000
1604.076782 1100.000000 1.000000
1340.953613 1100.000000 1.000000
1747.271240 1100.000000 1.000000
987.822083 1100.000000 1.000000
2143.154785 1100.000000 1.000000
902.284546 1100.000000 1.000000
640.550354 1100.000000 1.000000
883.908203 1100.000000 1.000000
955.751953 1100.000000 1.000000
1021.692505 1100.000000 1.000000
1266.933105 1100.000000 1.000000
971.583130 1100.000000 1.000000
997.749329 1100.000000 1.000000
1394.351562 1100.000000 1.000000
1802.505981 1100.000000 1.000000
1082.675781 1100.000000 1.000000
1119.411377 1100.000000 1.000000
906.604187 1100.000000 1.000000
980.877991 1100.000000 1.000000
1100.727661 1100.000000 1.000000
953.061157 1100.000000 1.000000
1031.798462 1100.000000 1.000000
1430.125244 1100.000000 1.000000
999.677795 1100.000000 1.000000
1198.851196 1100.000000 1.000000
1084.875977 1100.000000 1.000000
1061.360840 1100.000000 1.000000
1198.224731 1100.000000 1.000000
1681.558228 1100.000000 1.000000
1029.325073 1100.000000 1.000000
1372.570923 1100.000000 1.000000
1106.531738 1100.000000 1.000000
1692.938232 1100.000000 1.000000
1101.047607 1100.000000 1.000000
1447.080566 1100.000000 1.000000
1313.026245 1100.000000 1.000000
1426.028442 1100.000000 1.000000
3877.228027 1100.000000 1.000000
1218.747681 1100.000000 1.000000
1292.796143 1100.000000 1.000000
958.579468 1100.000000 1.000000
1345.453735 1100.000000 1.000000
1179.701538 1100.000000 1.000000
934.084290 1100.000000 1.000000
935.344299 1100.000000 1.000000
1510.160645 1100.000000 1.000000
1067.556519 1100.000000 1.000000
820.587341 1100.000000 1.000000
2134.992188 1100.000000 1.000000
887.845886 1100.000000 1.000000
857.328308 1100.000000 1.000000
931.362427 1100.000000 1.000000
2099.625244 1100.000000 1.000000
1094.070801 1100.000000 1.000000
1039.654785 1100.000000 1.000000
1629.282959 1100.000000 1.000000
1005.598694 1100.000000 1.000000
848.550964 1100.000000 1.000000
1781.682739 1100.000000 1.000000
903.799500 1100.000000 1.000000
1715.861328 1100.000000 1.000000
1035.332886 1100.000000 1.000000
824.967529 1100.000000 1.000000
1387.000000 1100.000000 1.000000
2030.681030 1100.000000 1.000000
898.515442 1100.000000 1.000000
1039.026855 1100.000000 1.000000
1456.908691 1100.000000 1.000000
1590.198364 1100.000000 1.000000
1050.557251 1100.000000 1.000000
958.786255 1100.000000 1.000000
1439.223999 1100.000000 1.000000
915.611816 1100.000000 1.000000
1193.849365 1100.000000 1.000000
948.007324 1100.000000 1.000000
1138.981323 1100.000000 1.000000
828.451965 1100.000000 1.000000
1067.327148 1100.000000 1.000000
1340.076416 1100.000000 1.000000
1016.419128 1100.000000 1.000000
964.987549 1100.000000 1.000000
1113.054199 1100.000000 1.000000
1690.383057 1100.000000 1.000000
1375.792603 1100.000000 1.000000
975.620850 1100.000000 1.000000
1870.642944 1100.000000 1.000000
1143.004761 1100.000000 1.000000
1899.189453 1100.000000 1.000000
1009.721497 1100.000000 1.000000
929.199341 1100.000000 1.000000
1427.879150 1100.000000 1.000000
2049.959229 1100.000000 1.000000
2226.471191 1100.000000 1.000000
1130.444824 1100.000000 1.000000
2783.673828 1100.000000 1.000000
3098.696533 1100.000000 1.000000
1589.912842 1100.000000 1.000000
1130.682983 1100.000000 1.000000
1025.649902 1100.000000 1.000000
920.693237 1100.000000 1.000000
1136.959595 1100.000000 1.000000
1050.752441 1100.000000 1.000000
1095.745728 1100.000000 1.000000
1790.104736 1100.000000 1.000000
1376.610474 1100.000000 1.000000
998.042358 1100.000000 1.000000
1425.733643 1100.000000 1.000000
1114.783569 1100.000000 1.000000
2647.922852 1100.000000 1.000000
1674.473389 1100.000000 1.000000
758.857239 1100.000000 1.000000
1478.021973 1100.000000 1.000000
2605.497070 1100.000000 1.000000
901.019348 1100.000000 1.000000
1090.681641 1100.000000 1.000000
1014.177185 1100.000000 1.000000
1515.673584 1100.000000 1.000000
1309.715698 1100.000000 1.000000
1244.200806 1100.000000 1.000000
1925.383301 1100.000000 1.000000
1306.259399 1100.000000 1.000000
944.900879 1100.000000 1.000000
1281.450439 1100.000000 1.000000
988.879639 1100.000000 1.000000
1055.723022 1100.000000 1.000000
1098.682129 1100.000000 1.000000
874.072998 1100.000000 1.000000
1288.629639 1100.000000 1.000000
2054.552979 1100.000000 1.000000
1203.112305 1100.000000 1.000000
628.062073 1100.000000 1.000000
908.636536 1100.000000 1.000000
1010.768555 1100.000000 1.000000
2333.739258 1100.000000 1.000000
1631.620972 1100.000000 1.000000
1214.435791 1100.000000 1.000000
1122.463867 1100.000000 1.000000
1140.986328 1100.000000 1.000000
1094.210693 1100.000000 1.000000
1148.306519 1100.000000 1.000000
955.847839 1100.000000 1.000000
1079.186401 1100.000000 1.000000
844.520569 1100.000000 1.000000
1741.706909 1100.000000 1.000000
1007.691772 1100.000000 1.000000
910.497803 1100.000000 1.000000
1785.650024 1100.000000 1.000000
1518.079590 1100.000000 1.000000
1498.899292 1100.000000 1.000000
1245.838135 1100.000000 1.000000
994.250244 1100.000000 1.000000
1789.766357 1100.000000 1.000000
1818.015137 1100.000000 1.000000
827.842651 1100.000000 1.000000
1053.168823 1100.000000 1.000000
1167.493530 1100.000000 1.000000
1741.991577 1100.000000 1.000000
1036.059570 1100.000000 1.000000
1006.968384 1100.000000 1.000000
1187.395752 1100.000000 1.000000
1271.185913 1100.000000 1.000000
1672.411621 1100.000000 1.000000
1488.272949 1100.000000 1.000000
1691.094971 1100.000000 1.000000
2534.574951 1100.000000 1.000000
745.995056 1100.000000 1.000000
1106.351807 1100.000000 1.000000
815.250427 1100.000000 1.000000
965.485107 1100.000000 1.000000
1318.132812 1100.000000 1.000000
1039.278198 1100.000000 1.000000
1048.594238 1100.000000 1.000000
1143.846802 1100.000000 1.000000
1412.131348 1100.000000 1.000000
1239.081055 1100.000000 1.000000
974.200073 1100.000000 1.000000
2236.621582 1100.000000 1.000000
1506.488037 1100.000000 1.000000
984.012756 1100.000000 1.000000
1200.966675 1100.000000 1.000000
1838.922607 1100.000000 1.000000
1308.896240 1100.000000 1.000000
1286.615845 1100.000000 1.000000
925.943298 1100.000000 1.000000
1010.578979 1100.000000 1.000000
1085.794189 1100.000000 1.000000
1287.417480 1100.000000 1.000000
1198.391968 1100.000000 1.000000
1092.647705 1100.000000 1.000000
1107.476929 1100.000000 1.000000
1330.672119 1100.000000 1.000000
946.399109 1100.000000 1.000000
799.307190 1100.000000 1.000000
1098.997681 1100.000000 1.000000
638.547791 1100.000000 1.000000
1076.444336 1100.000000 1.000000
1888.353516 1100.000000 1.000000
1083.962036 1100.000000 1.000000
552.349426 1100.000000 1.000000
1059.776123 1100.000000 1.000000
1138.133179 1100.000000 1.000000
2533.522461 1100.000000 1.000000
867.538696 1100.000000 1.000000
881.392761 1100.000000 1.000000
1304.133057 1100.000000 1.000000
1481.158569 1100.000000 1.000000
2707.691650 1100.000000 1.000000
1660.814575 1100.000000 1.000000
1227.400513 1100.000000 1.000000
879.683533 1100.000000 1.000000
1020.483765 1100.000000 1.000000
944.063904 1100.000000 1.000000
960.290466 1100.000000 1.000000
1070.583496 1100.000000 1.000000
943.173767 1100.000000 1.000000
1089.837158 1100.000000 1.000000
1784.285278 1100.000000 1.000000
1028.411499 1100.000000 1.000000
1289.819702 1100.000000 1.000000
966.267273 1100.000000 1.000000
1197.752808 1100.000000 1.000000
1062.639648 1100.000000 1.000000
1197.051025 1100.000000 1.000000
829.089783 1100.000000 1.000000
1305.255859 1100.000000 1.000000
1188.385376 1100.000000 1.000000
1180.861084 1100.000000 1.000000
1798.053833 1100.000000 1.000000
1678.255249 1100.000000 1.000000
851.359924 1100.000000 1.000000
3084.390869 1100.000000 1.000000
1233.506104 1100.000000 1.000000
1424.801636 1100.000000 1.000000
1159.285645 1100.000000 1.000000
1324.911133 1100.000000 1.000000
1306.529053 1100.000000 1.000000
2392.529053 1100.000000 1.000000
1136.463257 1100.000000 1.000000
1093.309814 1100.000000 1.000000
839.580261 1100.000000 1.000000
1147.269165 1100.000000 1.000000
1068.991455 1100.000000 1.000000
2927.955078 1100.000000 1.000000
1021.186707 1100.000000 1.000000
1400.540894 1100.000000 1.000000
1756.154053 1100.000000 1.000000
916.511414 1100.000000 1.000000
1781.016846 1100.000000 1.000000
1698.838623 1100.000000 1.000000
1393.529907 1100.000000 1.000000
1539.625000 1100.000000 1.000000
992.834534 1100.000000 1.000000
1341.510498 1100.000000 1.000000
1221.528198 1100.000000 1.000000
1015.120422 1100.000000 1.000000
1157.056030 1100.000000 1.000000
1221.689575 1100.000000 1.000000
1237.010742 1100.000000 1.000000
1179.328003 1100.000000 1.000000
2023.143433 1100.000000 1.000000
1696.964233 1100.000000 1.000000
1134.216675 1100.000000 1.000000
766.663574 1100.000000 1.000000
1022.999390 1100.000000 1.000000
992.838806 1100.000000 1.000000
1356.932373 1100.000000 1.000000
1134.437866 1100.000000 1.000000
853.447266 1100.000000 1.000000
1351.952393 1100.000000 1.000000
1254.321777 1100.000000 1.000000
901.665894 1100.000000 1.000000
1027.940796 1100.000000 1.000000
1244.332520 1100.000000 1.000000
2175.918701 1100.000000 1.000000
1102.622925 1100.000000 1.000000
1294.194458 1100.000000 1.000000
1721.543091 1100.000000 1.000000
1174.356323 1100.000000 1.000000
951.332153 1100.000000 1.000000
1489.627441 1100.000000 1.000000
1835.942871 1100.000000 1.000000
1463.104736 1100.000000 1.000000
1822.463135 1100.000000 1.000000
1153.178711 1100.000000 1.000000
1163.571289 1100.000000 1.000000
2306.239502 1100.000000 1.000000
1013.038025 1100.000000 1.000000
1282.373901 1100.000000 1.000000
1050.893555 1100.000000 1.000000
1222.159912 1100.000000 1.000000
1111.619995 1100.000000 1.000000
611.851257 1100.000000 1.000000
1180.466553 1100.000000 1.000000
1393.728516 1100.000000 1.000000
1225.191162 1100.000000 1.000000
1323.157349 1100.000000 1.000000
1141.574829 1100.000000 1.000000
1157.031616 1100.000000 1.000000
1894.559937 1100.000000 1.000000
833.540527 1100.000000 1.000000
1354.805176 1100.000000 1.000000
965.118408 1100.000000 1.000000
1081.726929 1100.000000 1.000000
950.081177 1100.000000 1.000000
992.577454 1100.000000 1.000000
1025.544067 1100.000000 1.000000
1154.735840 1100.000000 1.000000
1064.113892 1100.000000 1.000000
1219.043213 1100.000000 1.000000
1358.293457 1100.000000 1.000000
1671.364380 1100.000000 1.000000
1532.963379 1100.000000 1.000000
1358.537842 1100.000000 1.000000
1292.624146 1100.000000 1.000000
955.062988 1100.000000 1.000000
1279.431152 1100.000000 1.000000
1010.270935 1100.000000 1.000000
1192.772827 1100.000000 1.000000
969.165222 1100.000000 1.000000
835.838074 1100.000000 1.000000
1533.852905 1100.000000 1.000000
2264.010498 1100.000000 1.000000
1251.140747 1100.000000 1.000000
1060.095337 1100.000000 1.000000
1039.988403 1100.000000 1.000000
823.673950 1100.000000 1.000000
1591.047363 1100.000000 1.000000
1504.793701 1100.000000 1.000000
1298.410156 1100.000000 1.000000
1432.233643 1100.000000 1.000000
812.752441 1100.000000 1.000000
932.888977 1100.000000 1.000000
2035.407471 1100.000000 1.000000
1315.396240 1100.000000 1.000000
1212.945435 1100.000000 1.000000
964.588440 1100.000000 1.000000
1627.273071 1100.000000 1.000000
1182.811768 1100.000000 1.000000
1143.884033 1100.000000 1.000000
836.062744 1100.000000 1.000000
1456.692017 1100.000000 1.000000
968.313660 1100.000000 1.000000
1001.979492 1100.000000 1.000000
1456.663086 1100.000000 1.000000
782.469971 1100.000000 1.000000
2193.615967 1100.000000 1.000000
1410.695435 1100.000000 1.000000
1912.836060 1100.000000 1.000000
1515.299438 1100.000000 1.000000
1508.936157 1100.000000 1.000000
1042.555054 1100.000000 1.000000
959.408752 1100.000000 1.000000
2112.282959 1100.000000 1.000000
1573.871582 1100.000000 1.000000
971.370544 1100.000000 1.000000
1778.356323 1100.000000 1.000000
1567.434814 1100.000000 1.000000
742.879761 1100.000000 1.000000
1707.106079 1100.000000 1.000000
929.675903 1100.000000 1.000000
1233.968628 1100.000000 1.000000
1029.870361 1100.000000 1.000000
1497.584106 1100.000000 1.000000
894.026123 1100.000000 1.000000
1032.379639 1100.000000 1.000000
1596.864624 1100.000000 1.000000
1848.502441 1100.000000 1.000000
1069.620850 1100.000000 1.000000
1300.541626 1100.000000 1.000000
1958.729492 1100.000000 1.000000
1207.118896 1100.000000 1.000000
977.021179 1100.000000 1.000000
1005.133911 1100.000000 1.000000
1912.773315 1100.000000 1.000000
1283.271973 1100.000000 1.000000
1112.381226 1100.000000 1.000000
833.685974 1100.000000 1.000000
1203.214600 1100.000000 1.000000
2398.012939 1100.000000 1.000000
974.368347 1100.000000 1.000000
835.957153 1100.000000 1.000000
1143.975586 1100.000000 1.000000
887.670715 1100.000000 1.000000
1250.789551 1100.000000 1.000000
1556.887817 1100.000000 1.000000
1433.076660 1100.000000 1.000000
1033.687988 1100.000000 1.000000
1260.059814 1100.000000 1.000000
939.201538 1100.000000 1.000000
1823.007080 1100.000000 1.000000
1277.147461 1100.000000 1.000000
1739.887329 1100.000000 1.000000
1257.196655 1100.000000 1.000000
1893.208496 1100.000000 1.000000
1164.437622 1100.000000 1.000000
1654.386230 1100.000000 1.000000
1342.154785 1100.000000 1.000000
1119.410767 1100.000000 1.000000
1773.374023 1100.000000 1.000000
1081.652954 1100.000000 1.000000
1217.159302 1100.000000 1.000000
1153.248535 1100.000000 1.000000
995.141113 1100.000000 1.000000
1135.429565 1100.000000 1.000000
898.014404 1100.000000 1.000000
2320.453369 1100.000000 1.000000
1080.399048 1100.000000 1.000000
1138.922241 1100.000000 1.000000
725.683105 1100.000000 1.000000
925.084229 1100.000000 1.000000
2308.845947 1100.000000 1.000000
1209.889771 1100.000000 1.000000
2393.478760 1100.000000 1.000000
995.936890 1100.000000 1.000000
1087.958130 1100.000000 1.000000
1470.725708 1100.000000 1.000000
1434.783691 1100.000000 1.000000
1343.240234 1100.000000 1.000000
1237.623047 1100.000000 1.000000
1389.908569 1100.000000 1.000000
1179.439453 1100.000000 1.000000
1713.161987 1100.000000 1.000000
1299.437744 1100.000000 1.000000
3868.760742 1100.000000 1.000000
1283.201294 1100.000000 1.000000
1110.797119 1100.000000 1.000000
1381.291382 1100.000000 1.000000
1537.601929 1100.000000 1.000000
1645.845825 1100.000000 1.000000
1904.456055 1100.000000 1.000000
1159.067139 1100.000000 1.000000
1479.777710 1100.000000 1.000000
821.483765 1100.000000 1.000000
2161.513672 1100.000000 1.000000
1528.297485 1100.000000 1.000000
1050.169556 1100.000000 1.000000
1101.940552 1100.000000 1.000000
1519.365601 1100.000000 1.000000
1077.052124 1100.000000 1.000000
1147.239136 1100.000000 1.000000
1321.153198 1100.000000 1.000000
1221.808594 1100.000000 1.000000
906.860535 1100.000000 1.000000
1010.328491 1100.000000 1.000000
1298.559937 1100.000000 1.000000
1084.170898 1100.000000 1.000000
1101.104126 1100.000000 1.000000
1097.857910 1100.000000 1.000000
1104.513672 1100.000000 1.000000
1272.672974 1100.000000 1.000000
2051.193115 1100.000000 1.000000
1058.682617 1100.000000 1.000000
1165.732788 1100.000000 1.000000
1034.141235 1100.000000 1.000000
1587.556641 1100.000000 1.000000
1352.102661 1100.000000 1.000000
1025.364502 1100.000000 1.000000
1070.176636 1100.000000 1.000000
967.101135 1100.000000 1.000000
1588.010254 1100.000000 1.000000
1440.468750 1100.000000 1.000000
1853.328003 1100.000000 1.000000
1023.427185 1100.000000 1.000000
1135.279907 1100.000000 1.000000
2565.264648 1100.000000 1.000000
1266.012329 1100.000000 1.000000
1770.933350 1100.000000 1.000000
1805.679443 1100.000000 1.000000
749.006165 1100.000000 1.000000
952.273987 1100.000000 1.000000
1113.790771 1100.000000 1.000000
1085.572266 1100.000000 1.000000
1290.125854 1100.000000 1.000000
1223.165894 1100.000000 1.000000
1588.558350 1100.000000 1.000000
1139.227295 1100.000000 1.000000
1060.874512 1100.000000 1.000000
1204.344727 1100.000000 1.000000
1081.573853 1100.000000 1.000000
976.341370 1100.000000 1.000000
1098.003662 1100.000000 1.000000
1880.491211 1100.000000 1.000000
1854.895630 1100.000000 1.000000
2316.430176 1100.000000 1.000000
1348.419434 1100.000000 1.000000
1301.152344 1100.000000 1.000000
1670.052124 1100.000000 1.000000
1267.227051 1100.000000 1.000000
1069.794434 1100.000000 1.000000
1441.984497 1100.000000 1.000000
871.084961 1100.000000 1.000000
1031.792236 1100.000000 1.000000
899.932434 1100.000000 1.000000
945.790955 1100.000000 1.000000
1526.973999 1100.000000 1.000000
1171.853027 1100.000000 1.000000
786.473877 1100.000000 1.000000
803.234924 1100.000000 1.000000
2667.699219 1100.000000 1.000000
1129.517578 1100.000000 1.000000
2943.492676 1100.000000 1.000000
1023.579224 1100.000000 1.000000
1027.248779 1100.000000 1.000000
2820.851562 1100.000000 1.000000
1949.053833 1100.000000 1.000000
1249.591431 1100.000000 1.000000
1102.583984 1100.000000 1.000000
999.129272 1100.000000 1.000000
1051.253540 1100.000000 1.000000
1080.499878 1100.000000 1.000000
1134.707031 1100.000000 1.000000
1163.890625 1100.000000 1.000000
1049.278931 1100.000000 1.000000
1573.029785 1100.000000 1.000000
1809.295166 1100.000000 1.000000
1667.062378 1100.000000 1.000000
1312.649780 1100.000000 1.000000
1141.541748 1100.000000 1.000000
1372.796875 1100.000000 1.000000
1136.208496 1100.000000 1.000000
1012.999268 1100.000000 1.000000
1614.084595 1100.000000 1.000000
1003.133362 1100.000000 1.000000
1367.750732 1100.000000 1.000000
1420.372070 1100.000000 1.000000
1300.091431 1100.000000 1.000000
1034.115723 1100.000000 1.000000
989.890320 1100.000000 1.000000
1307.246216 1100.000000 1.000000
1377.034546 1100.000000 1.000000
724.631287 1100.000000 1.000000
1356.196655 1100.000000 1.000000
1517.478882 1100.000000 1.000000
2305.504883 1100.000000 1.000000
926.615479 1100.000000 1.000000
946.600891 1100.000000 1.000000
1265.914429 1100.000000 1.000000
1171.115234 1100.000000 1.000000
1302.427856 1100.000000 1.000000
987.518250 1100.000000 1.000000
1010.162598 1100.000000 1.000000
1024.942749 1100.000000 1.000000
1131.424683 1100.000000 1.000000
1924.122803 1100.000000 1.000000
1195.720459 1100.000000 1.000000
1364.315552 1100.000000 1.000000
816.354675 1100.000000 1.000000
1301.255371 1100.000000 1.000000
878.962158 1100.000000 1.000000
1105.471558 1100.000000 1.000000
1508.344971 1100.000000 1.000000
1417.284912 1100.000000 1.000000
911.659851 1100.000000 1.000000
1083.189941 1100.000000 1.000000
1009.711731 1100.000000 1.000000
1082.180786 1100.000000 1.000000
1048.991455 1100.000000 1.000000
1044.622925 1100.000000 1.000000
1214.236938 1100.000000 1.000000
1066.131958 1100.000000 1.000000
815.176208 1100.000000 1.000000
1152.981689 1100.000000 1.000000
1118.141724 1100.000000 1.000000
1660.138184 1100.000000 1.000000
669.582336 1100.000000 1.000000
1610.380981 1100.000000 1.000000
826.294800 1100.000000 1.000000
1579.870361 1100.000000 1.000000
1173.672974 1100.000000 1.000000
1177.683716 1100.000000 1.000000
1398.136841 1100.000000 1.000000
927.499756 1100.000000 1.000000
1233.286133 1100.000000 1.000000
890.321106 1100.000000 1.000000
1076.013062 1100.000000 1.000000
1194.104370 1100.000000 1.000000
2243.894287 1100.000000 1.000000
1230.400879 1100.000000 1.000000
1420.785278 1100.000000 1.000000
1027.997803 1100.000000 1.000000
1173.273315 1100.000000 1.000000
924.469177 1100.000000 1.000000
1529.773315 1100.000000 1.000000
1336.970337 1100.000000 1.000000
1255.571655 1100.000000 1.000000
960.024780 1100.000000 1.000000
3210.058594 1100.000000 1.000000
863.912720 1100.000000 1.000000
1637.401733 1100.000000 1.000000
869.906128 1100.000000 1.000000
1508.161865 1100.000000 1.000000
1839.348267 1100.000000 1.000000
1917.161499 1100.000000 1.000000
1214.679199 1100.000000 1.000000
1151.810791 1100.000000 1.000000
1019.539307 1100.000000 1.000000
1100.976807 1100.000000 1.000000
1061.839478 1100.000000 1.000000
2042.464600 1100.000000 1.000000
2917.125977 1100.000000 1.000000
3181.136719 1100.000000 1.000000
1259.221436 1100.000000 1.000000
748.732056 1100.000000 1.000000
1313.487915 1100.000000 1.000000
2102.052490 1100.000000 1.000000
1179.680298 1100.000000 1.000000
1024.869263 1100.000000 1.000000
1414.893677 1100.000000 1.000000
1403.111572 1100.000000 1.000000
1403.699707 1100.000000 1.000000
1341.696533 1100.000000 1.000000
1148.477661 1100.000000 1.000000
1939.647095 1100.000000 1.000000
1091.847168 1100.000000 1.000000
1106.581787 1100.000000 1.000000
1337.477905 1100.000000 1.000000
1135.601685 1100.000000 1.000000
1019.053223 1100.000000 1.000000
971.366455 1100.000000 1.000000
992.055359 1100.000000 1.000000
1777.071411 1100.000000 1.000000
1021.713562 1100.000000 1.000000
1006.034973 1100.000000 1.000000
1755.999390 1100.000000 1.000000
1457.298950 1100.000000 1.000000
1088.755981 1100.000000 1.000000
1802.204224 1100.000000 1.000000
2778.436768 1100.000000 1.000000
1013.939514 1100.000000 1.000000
2070.540039 1100.000000 1.000000
1355.311401 1100.000000 1.000000
1223.143555 1100.000000 1.000000
1028.359009 1100.000000 1.000000
741.856812 1100.000000 1.000000
1617.121948 1100.000000 1.000000
1101.555176 1100.000000 1.000000
1044.400513 1100.000000 1.000000
1471.787598 1100.000000 1.000000
4025.527588 1100.000000 1.000000
923.270020 1100.000000 1.000000
1911.028442 1100.000000 1.000000
787.000244 1100.000000 1.000000
967.993591 1100.000000 1.000000
989.744324 1100.000000 1.000000
1042.493896 1100.000000 1.000000
1376.221802 1100.000000 1.000000
1067.974121 1100.000000 1.000000
1028.237671 1100.000000 1.000000
1098.597046 1100.000000 1.000000
1286.215454 1100.000000 1.000000
1562.372070 1100.000000 1.000000
1463.855713 1100.000000 1.000000
1430.725830 1100.000000 1.000000
1786.154663 1100.000000 1.000000
1142.117554 1100.000000 1.000000
1112.763428 1100.000000 1.000000
1174.454834 1100.000000 1.000000
1127.274902 1100.000000 1.000000
1186.945557 1100.000000 1.000000
1124.662720 1100.000000 1.000000
1474.817505 1100.000000 1.000000
1515.954834 1100.000000 1.000000
828.784058 1100.000000 1.000000
1406.890869 1100.000000 1.000000
1364.066650 1100.000000 1.000000
1395.510376 1100.000000 1.000000
1004.463684 1100.000000 1.000000
1123.133179 1100.000000 1.000000
1478.458618 1100.000000 1.000000
2263.156006 1100.000000 1.000000
1375.453369 1100.000000 1.000000
1038.794189 1100.000000 1.000000
1135.907104 1100.000000 1.000000
1690.182739 1100.000000 1.000000
1115.854126 1100.000000 1.000000
1198.158936 1100.000000 1.000000
1169.683105 1100.000000 1.000000
1624.989380 1100.000000 1.000000
2929.636719 1100.000000 1.000000
1005.608826 1100.000000 1.000000
1122.848755 1100.000000 1.000000
1457.185425 1100.000000 1.000000
1120.901123 1100.000000 1.000000
1251.636597 1100.000000 1.000000
1944.020508 1100.000000 1.000000
1340.298218 1100.000000 1.000000
1250.122803 1100.000000 1.000000
1113.887085 1100.000000 1.000000
915.706299 1100.000000 1.000000
1338.478760 1100.000000 1.000000
961.238342 1100.000000 1.000000
1441.497314 1100.000000 1.000000
1299.911499 1100.000000 1.000000
1410.430298 1100.000000 1.000000
1063.265869 1100.000000 1.000000
935.238342 1100.000000 1.000000
1575.043091 1100.000000 1.000000
1230.669312 1100.000000 1.000000
2121.317383 1100.000000 1.000000
1759.151123 1100.000000 1.000000
1717.936646 1100.000000 1.000000
1445.113525 1100.000000 1.000000
1380.881104 1100.000000 1.000000
1758.114868 1100.000000 1.000000
827.260742 1100.000000 1.000000
1251.177124 1100.000000 1.000000
955.278076 1100.000000 1.000000
1122.019043 1100.000000 1.000000
1194.270874 1100.000000 1.000000
1107.886353 1100.000000 1.000000
2450.548584 1100.000000 1.000000
1182.161011 1100.000000 1.000000
1088.432739 1100.000000 1.000000
1040.957764 1100.000000 1.000000
1329.790161 1100.000000 1.000000
1272.898804 1100.000000 1.000000
1537.935425 1100.000000 1.000000
1018.221741 1100.000000 1.000000
1937.003906 1100.000000 1.000000
880.052612 1100.000000 1.000000
1172.902466 1100.000000 1.000000
1334.587158 1100.000000 1.000000
1016.322510 1100.000000 1.000000
1725.179077 1100.000000 1.000000
620.288635 1100.000000 1.000000
1105.449097 1100.000000 1.000000
952.489746 1100.000000 1.000000
1268.277710 1100.000000 1.000000
1120.916138 1100.000000 1.000000
1715.769897 1100.000000 1.000000
1058.186401 1100.000000 1.000000
1246.054565 1100.000000 1.000000
1249.694580 1100.000000 1.000000
1127.756470 1100.000000 1.000000
1218.024292 1100.000000 1.000000
1240.573853 1100.000000 1.000000
986.015869 1100.000000 1.000000
1563.218506 1100.000000 1.000000
1056.797363 1100.000000 1.000000
1182.206665 1100.000000 1.000000
3590.863281 1100.000000 1.000000
2170.961670 1100.000000 1.000000
1465.544189 1100.000000 1.000000
1233.738770 1100.000000 1.000000
875.716614 1100.000000 1.000000
1184.519531 1100.000000 1.000000
1517.472168 1100.000000 1.000000
1072.111328 1100.000000 1.000000
1418.438232 1100.000000 1.000000
1395.617676 1100.000000 1.000000
990.153076 1100.000000 1.000000
1083.201416 1100.000000 1.000000
1418.049316 1100.000000 1.000000
1009.225891 1100.000000 1.000000
3389.433105 1100.000000 1.000000
1265.246460 1100.000000 1.000000
1121.234497 1100.000000 1.000000
852.698181 1100.000000 1.000000
1262.182373 1100.000000 1.000000
1041.690308 1100.000000 1.000000
1073.628296 1100.000000 1.000000
1770.248047 1100.000000 1.000000
1282.300781 1100.000000 1.000000
1245.848877 1100.000000 1.000000
794.534302 1100.000000 1.000000
1727.920654 1100.000000 1.000000
1401.563965 1100.000000 1.000000
785.218872 1100.000000 1.000000
4481.721191 1100.000000 1.000000
1052.617554 1100.000000 1.000000
1139.158691 1100.000000 1.000000
1115.466187 1100.000000 1.000000
1129.542603 1100.000000 1.000000
969.050720 1100.000000 1.000000
1257.036133 1100.000000 1.000000
1112.654907 1100.000000 1.000000
3051.489502 1100.000000 1.000000
2254.503418 1100.000000 1.000000
1023.577271 1100.000000 1.000000
1985.673950 1100.000000 1.000000
1037.588989 1100.000000 1.000000
1110.619995 1100.000000 1.000000
1225.168457 1100.000000 1.000000
1255.898682 1100.000000 1.000000
1673.688721 1100.000000 1.000000
1032.195679 1100.000000 1.000000
1125.924194 1100.000000 1.000000
871.756104 1100.000000 1.000000
1057.352539 1100.000000 1.000000
1401.313232 1100.000000 1.000000
935.931641 1100.000000 1.000000
1092.841064 1100.000000 1.000000
1053.143921 1100.000000 1.000000
1855.796753 1100.000000 1.000000
2214.893799 1100.000000 1.000000
952.255981 1100.000000 1.000000
991.971680 1100.000000 1.000000
1342.461792 1100.000000 1.000000
1064.914429 1100.000000 1.000000
1052.444214 1100.000000 1.000000
1260.860962 1100.000000 1.000000
1094.089233 1100.000000 1.000000
1839.752197 1100.000000 1.000000
1255.624634 1100.000000 1.000000
1424.837769 1100.000000 1.000000
896.628296 1100.000000 1.000000
1148.534180 1100.000000 1.000000
2018.312500 1100.000000 1.000000
1135.965210 1100.000000 1.000000
2164.977783 1100.000000 1.000000
1190.999390 1100.000000 1.000000
1107.275146 1100.000000 1.000000
1913.645020 1100.000000 1.000000
851.826599 1100.000000 1.000000
1310.276489 1100.000000 1.000000
1022.213623 1100.000000 1.000000
1083.784424 1100.000000 1.000000
1042.364380 1100.000000 1.000000
1263.241943 1100.000000 1.000000
1694.244507 1100.000000 1.000000
1681.257568 1100.000000 1.000000
1064.327637 1100.000000 1.000000
1790.739258 1100.000000 1.000000
817.399475 1100.000000 1.000000
1209.301514 1100.000000 1.000000
2140.298096 1100.000000 1.000000
1047.973511 1100.000000 1.000000
1177.022583 1100.000000 1.000000
1145.474854 1100.000000 1.000000
998.002991 1100.000000 1.000000
1019.840942 1100.000000 1.000000
1072.366577 1100.000000 1.000000
1623.214233 1100.000000 1.000000
1022.297668 1100.000000 1.000000
842.345337 1100.000000 1.000000
1187.191772 1100.000000 1.000000
1009.914368 1100.000000 1.000000
1132.469116 1100.000000 1.000000
1029.348022 1100.000000 1.000000
1576.752075 1100.000000 1.000000
1043.735107 1100.000000 1.000000
1182.647949 1100.000000 1.000000
1132.226440 1100.000000 1.000000
1695.203125 1100.000000 1.000000
1271.943848 1100.000000 1.000000
1164.786865 1100.000000 1.000000
1809.935425 1100.000000 1.000000
1224.241333 1100.000000 1.000000
1059.937866 1100.000000 1.000000
1083.119995 1100.000000 1.000000
1424.523438 1100.000000 1.000000
1560.937012 1100.000000 1.000000
2839.204834 1100.000000 1.000000
2874.408936 1100.000000 1.000000
2681.969727 1100.000000 1.000000
1137.609985 1100.000000 1.000000
1601.234863 1100.000000 1.000000
938.462097 1100.000000 1.000000
1098.720825 1100.000000 1.000000
1204.174805 1100.000000 1.000000
939.177002 1100.000000 1.000000
1023.410156 1100.000000 1.000000
1264.744873 1100.000000 1.000000
1473.989136 1100.000000 1.000000
936.627075 1100.000000 1.000000
2848.792969 1100.000000 1.000000
1216.509766 1100.000000 1.000000
1092.368774 1100.000000 1.000000
931.268433 1100.000000 1.000000
1318.457397 1100.000000 1.000000
924.234558 1100.000000 1.000000
1470.407959 1100.000000 1.000000
1026.557007 1100.000000 1.000000
961.108521 1100.000000 1.000000
870.615662 1100.000000 1.000000
1563.270142 1100.000000 1.000000
1201.208130 1100.000000 1.000000
1467.644165 1100.000000 1.000000
1593.487061 1100.000000 1.000000
1705.833130 1100.000000 1.000000
1015.629517 1100.000000 1.000000
968.995544 1100.000000 1.000000
1369.841919 1100.000000 1.000000
1814.217529 1100.000000 1.000000
2456.187988 1100.000000 1.000000
1155.457153 1100.000000 1.000000
1199.228027 1100.000000 1.000000
1204.140869 1100.000000 1.000000
1555.244995 1100.000000 1.000000
1417.319336 1100.000000 1.000000
1431.476074 1100.000000 1.000000
1598.596558 1100.000000 1.000000
1164.387085 1100.000000 1.000000
1594.561768 1100.000000 1.000000
1090.228760 1100.000000 1.000000
777.419739 1100.000000 1.000000
1275.397949 1100.000000 1.000000
1708.159790 1100.000000 1.000000
1288.268677 1100.000000 1.000000
1055.812622 1100.000000 1.000000
1080.772217 1100.000000 1.000000
1818.633301 1100.000000 1.000000
1131.456055 1100.000000 1.000000
1041.112915 1100.000000 1.000000
1102.164551 1100.000000 1.000000
1533.831665 1100.000000 1.000000
3367.475342 1100.000000 1.000000
1286.385742 1100.000000 1.000000
1432.899536 1100.000000 1.000000
2464.448730 1100.000000 1.000000
1161.668701 1100.000000 1.000000
1930.030151 1100.000000 1.000000
945.524292 1100.000000 1.000000
737.826294 1100.000000 1.000000
1255.604736 1100.000000 1.000000
1067.220215 1100.000000 1.000000
1211.408203 1100.000000 1.000000
977.654724 1100.000000 1.000000
1050.769897 1100.000000 1.000000
1142.417725 1100.000000 1.000000
1868.408203 1100.000000 1.000000
1225.689087 1100.000000 1.000000
1273.674927 1100.000000 1.000000
1118.819824 1100.000000 1.000000
1163.129028 1100.000000 1.000000
1114.055054 1100.000000 1.000000
1534.308838 1100.000000 1.000000
2865.245361 1100.000000 1.000000
1285.294556 1100.000000 1.000000
1219.049194 1100.000000 1.000000
2311.967285 1100.000000 1.000000
2068.688965 1100.000000 1.000000
2445.775879 1100.000000 1.000000
1317.504639 1100.000000 1.000000
1021.286072 1100.000000 1.000000
1165.146362 1100.000000 1.000000
1144.975708 1100.000000 1.000000
1075.455200 1100.000000 1.000000
1092.478760 1100.000000 1.000000
737.465393 1100.000000 1.000000
918.741516 1100.000000 1.000000
1420.823364 1100.000000 1.000000
1326.241089 1100.000000 1.000000
1074.208740 1100.000000 1.000000
2197.411865 1100.000000 1.000000
2431.126221 1100.000000 1.000000
1223.114624 1100.000000 1.000000
1468.420898 1100.000000 1.000000
726.074890 1100.000000 1.000000
1199.844116 1100.000000 1.000000
1073.485474 1100.000000 1.000000
986.586548 1100.000000 1.000000
1846.943237 1100.000000 1.000000
2511.883057 1100.000000 1.000000
1024.062866 1100.000000 1.000000
1221.446167 1100.000000 1.000000
1621.744019 1100.000000 1.000000
1108.031494 1100.000000 1.000000
1962.757324 1100.000000 1.000000
1454.843018 1100.000000 1.000000
1429.154419 1100.000000 1.000000
1222.786865 1100.000000 1.000000
1163.793335 1100.000000 1.000000
796.664734 1100.000000 1.000000
1976.263794 1100.000000 1.000000
932.821350 1100.000000 1.000000
1043.720215 1100.000000 1.000000
2076.654297 1100.000000 1.000000
1136.539917 1100.000000 1.000000
2857.925781 1100.000000 1.000000
1071.396118 1100.000000 1.000000
1346.327759 1100.000000 1.000000
1148.243896 1100.000000 1.000000
1525.833740 1100.000000 1.000000
1046.762573 1100.000000 1.000000
990.131348 1100.000000 1.000000
1279.074951 1100.000000 1.000000
860.601135 1100.000000 1.000000
1690.150757 1100.000000 1.000000
1506.890015 1100.000000 1.000000
904.131287 1100.000000 1.000000
759.672058 1100.000000 1.000000
1150.302979 1100.000000 1.000000
1520.221436 1100.000000 1.000000
1900.181885 1100.000000 1.000000
2274.270996 1100.000000 1.000000
868.331177 1100.000000 1.000000
3414.803223 1100.000000 1.000000
1990.764893 1100.000000 1.000000
1620.168823 1100.000000 1.000000
1888.929810 1100.000000 1.000000
1498.917358 1100.000000 1.000000
1341.843384 1100.000000 1.000000
1460.748413 1100.000000 1.000000
1123.777954 1100.000000 1.000000
874.472656 1100.000000 1.000000
1010.100037 1100.000000 1.000000
1290.086548 1100.000000 1.000000
1698.570923 1100.000000 1.000000
1460.207397 1100.000000 1.000000
924.707214 1100.000000 1.000000
1313.621704 1100.000000 1.000000
1029.886841 1100.000000 1.000000
1169.024170 1100.000000 1.000000
1374.188965 1100.000000 1.000000
1194.817017 1100.000000 1.000000
1234.167847 1100.000000 1.000000
1764.216431 1100.000000 1.000000
1038.818115 1100.000000 1.000000
1001.695740 1100.000000 1.000000
2112.635254 1100.000000 1.000000
1421.163330 1100.000000 1.000000
862.155945 1100.000000 1.000000
1218.529175 1100.000000 1.000000
1190.585083 1100.000000 1.000000
1942.159790 1100.000000 1.000000
1310.354614 1100.000000 1.000000
1438.894409 1100.000000 1.000000
1589.648071 1100.000000 1.000000
1392.849731 1100.000000 1.000000
1222.411621 1100.000000 1.000000
1355.104858 1100.000000 1.000000
1635.106323 1100.000000 1.000000
1088.366455 1100.000000 1.000000
1984.555786 1100.000000 1.000000
1288.587036 1100.000000 1.000000
1009.222778 1100.000000 1.000000
1526.960083 1100.000000 1.000000
2314.522461 1100.000000 1.000000
1206.601318 1100.000000 1.000000
1285.197998 1100.000000 1.000000
1338.414185 1100.000000 1.000000
1075.680786 1100.000000 1.000000
957.441772 1100.000000 1.000000
894.716675 1100.000000 1.000000
982.752686 1100.000000 1.000000
1383.062622 1100.000000 1.000000
1323.447876 1100.000000 1.000000
1414.828125 1100.000000 1.000000
961.745544 1100.000000 1.000000
1223.287109 1100.000000 1.000000
1005.813965 1100.000000 1.000000
890.057556 1100.000000 1.000000
1079.303589 1100.000000 1.000000
1198.334351 1100.000000 1.000000
939.945068 1100.000000 1.000000
686.500671 1100.000000 1.000000
1068.968140 1100.000000 1.000000
1619.640869 1100.000000 1.000000
1064.635864 1100.000000 1.000000
754.218079 1100.000000 1.000000
1223.138306 1100.000000 1.000000
937.590881 1100.000000 1.000000
1145.887573 1100.000000 1.000000
1182.132080 1100.000000 1.000000
1780.317871 1100.000000 1.000000
1972.723633 1100.000000 1.000000
1507.458740 1100.000000 1.000000
1204.869751 1100.000000 1.000000
1300.852051 1100.000000 1.000000
1121.610596 1100.000000 1.000000
678.208374 1100.000000 1.000000
1064.830322 1100.000000 1.000000
1129.050293 1100.000000 1.000000
1698.187988 1100.000000 1.000000
1225.948853 1100.000000 1.000000
1019.031860 1100.000000 1.000000
1166.086548 1100.000000 1.000000
1025.495361 1100.000000 1.000000
1342.637573 1100.000000 1.000000
1255.089600 1100.000000 1.000000
1410.082886 1100.000000 1.000000
1463.290039 1100.000000 1.000000
1073.064087 1100.000000 1.000000
1009.253601 1100.000000 1.000000
1179.559692 1100.000000 1.000000
2746.757568 1100.000000 1.000000
1643.091431 1100.000000 1.000000
1409.565186 1100.000000 1.000000
1205.976074 1100.000000 1.000000
2065.439209 1100.000000 1.000000
1409.431885 1100.000000 1.000000
917.412170 1100.000000 1.000000
1362.541870 1100.000000 1.000000
1747.999634 1100.000000 1.000000
2264.380859 1100.000000 1.000000
1522.573853 1100.000000 1.000000
1425.850098 1100.000000 1.000000
953.420227 1100.000000 1.000000
1838.965332 1100.000000 1.000000
1685.915771 1100.000000 1.000000
1761.966675 1100.000000 1.000000
1545.306030 1100.000000 1.000000
1135.166870 1100.000000 1.000000
1314.056396 1100.000000 1.000000
1260.473755 1100.000000 1.000000
1558.908813 1100.000000 1.000000
1196.146362 1100.000000 1.000000
855.614258 1100.000000 1.000000
1541.702881 1100.000000 1.000000
2815.948486 1100.000000 1.000000
2088.450684 1100.000000 1.000000
1014.830139 1100.000000 1.000000
1384.271606 1100.000000 1.000000
995.906921 1100.000000 1.000000
957.345215 1100.000000 1.000000
1083.035645 1100.000000 1.000000
1293.193848 1100.000000 1.000000
878.278503 1100.000000 1.000000
1313.422485 1100.000000 1.000000
2324.158936 1100.000000 1.000000
1087.832764 1100.000000 1.000000
1402.499878 1100.000000 1.000000
913.831665 1100.000000 1.000000
880.719421 1100.000000 1.000000
1237.362549 1100.000000 1.000000
1056.271606 1100.000000 1.000000
1459.598755 1100.000000 1.000000
1299.083984 1100.000000 1.000000
1104.517700 1100.000000 1.000000
2203.123535 1100.000000 1.000000
1498.715820 1100.000000 1.000000
856.300598 1100.000000 1.000000
918.811157 1100.000000 1.000000
1282.703735 1100.000000 1.000000
1286.633789 1100.000000 1.000000
2096.804199 1100.000000 1.000000
1001.291687 1100.000000 1.000000
2626.268555 1100.000000 1.000000
1275.975098 1100.000000 1.000000
1739.190430 1100.000000 1.000000
932.524170 1100.000000 1.000000
1427.322876 1100.000000 1.000000
988.309814 1100.000000 1.000000
2078.818115 1100.000000 1.000000
923.117310 1100.000000 1.000000
1329.832764 1100.000000 1.000000
816.235474 1100.000000 1.000000
1686.683716 1100.000000 1.000000
836.455444 1100.000000 1.000000
952.550842 1100.000000 1.000000
1193.451538 1100.000000 1.000000
1306.158203 1100.000000 1.000000
823.311951 1100.000000 1.000000
2458.936279 1100.000000 1.000000
1122.213501 1100.000000 1.000000
1293.817017 1100.000000 1.000000
1108.666504 1100.000000 1.000000
987.355896 1100.000000 1.000000
1493.565674 1100.000000 1.000000
2134.757324 1100.000000 1.000000
1424.648926 1100.000000 1.000000
1128.089722 1100.000000 1.000000
893.356506 1100.000000 1.000000
931.521240 1100.000000 1.000000
1022.890381 1100.000000 1.000000
2185.482910 1100.000000 1.000000
1276.541016 1100.000000 1.000000
1016.659729 1100.000000 1.000000
1123.711670 1100.000000 1.000000
852.408386 1100.000000 1.000000
1233.151733 1100.000000 1.000000
1336.423828 1100.000000 1.000000
1362.660278 1100.000000 1.000000
1107.186646 1100.000000 1.000000
1329.515381 1100.000000 1.000000
1144.318237 1100.000000 1.000000
918.359802 1100.000000 1.000000
1093.112061 1100.000000 1.000000
1419.779297 1100.000000 1.000000
2404.157227 1100.000000 1.000000
1388.346924 1100.000000 1.000000
1518.913940 1100.000000 1.000000
1321.505859 1100.000000 1.000000
1608.396973 1100.000000 1.000000
966.770142 1100.000000 1.000000
1557.700806 1100.000000 1.000000
1379.777466 1100.000000 1.000000
1162.232056 1100.000000 1.000000
1458.708008 1100.000000 1.000000
1479.072510 1100.000000 1.000000
864.850769 1100.000000 1.000000
917.564575 1100.000000 1.000000
2009.651245 1100.000000 1.000000
1701.932007 1100.000000 1.000000
1136.247192 1100.000000 1.000000
1447.022461 1100.000000 1.000000
1049.198486 1100.000000 1.000000
1259.278809 1100.000000 1.000000
1461.741577 1100.000000 1.000000
1050.582153 1100.000000 1.000000
1330.199219 1100.000000 1.000000
1504.818970 1100.000000 1.000000
947.685547 1100.000000 1.000000
1273.692993 1100.000000 1.000000
1161.541016 1100.000000 1.000000
853.118896 1100.000000 1.000000
1416.112549 1100.000000 1.000000
2493.563477 1100.000000 1.000000
962.994080 1100.000000 1.000000
1485.189087 1100.000000 1.000000
899.237122 1100.000000 1.000000
1355.847412 1100.000000 1.000000
1426.078613 1100.000000 1.000000
1229.765381 1100.000000 1.000000
1402.457397 1100.000000 1.000000
1505.031128 1100.000000 1.000000
1115.599487 1100.000000 1.000000
1056.026978 1100.000000 1.000000
1562.171143 1100.000000 1.000000
1259.125366 1100.000000 1.000000
1062.390503 1100.000000 1.000000
1204.274658 1100.000000 1.000000
1689.381226 1100.000000 1.000000
1131.652344 1100.000000 1.000000
1095.452759 1100.000000 1.000000
1107.624756 1100.000000 1.000000
928.861694 1100.000000 1.000000
1003.873596 1100.000000 1.000000
1447.059326 1100.000000 1.000000
1333.813843 1100.000000 1.000000
943.906921 1100.000000 1.000000
1002.062378 1100.000000 1.000000
982.602783 1100.000000 1.000000
1102.302856 1100.000000 1.000000
1134.425781 1100.000000 1.000000
909.026062 1100.000000 1.000000
1091.548218 1100.000000 1.000000
2180.969727 1100.000000 1.000000
1143.115601 1100.000000 1.000000
1499.527954 1100.000000 1.000000
1141.725952 1100.000000 1.000000
1502.887085 1100.000000 1.000000
1774.876587 1100.000000 1.000000
1265.912109 1100.000000 1.000000
1436.410645 1100.000000 1.000000
1152.716797 1100.000000 1.000000
1046.646362 1100.000000 1.000000
942.971497 1100.000000 1.000000
1650.023926 1100.000000 1.000000
1006.689697 1100.000000 1.000000
1315.362549 1100.000000 1.000000
1019.660767 1100.000000 1.000000
1462.942871 1100.000000 1.000000
870.797241 1100.000000 1.000000
1352.938232 1100.000000 1.000000
869.204529 1100.000000 1.000000
992.474243 1100.000000 1.000000
1031.914673 1100.000000 1.000000
2953.998291 1100.000000 1.000000
3829.329834 1100.000000 1.000000
1099.920654 1100.000000 1.000000
1130.447388 1100.000000 1.000000
1430.794678 1100.000000 1.000000
2372.328613 1100.000000 1.000000
944.392883 1100.000000 1.000000
1228.837769 1100.000000 1.000000
1144.190674 1100.000000 1.000000
1278.093262 1100.000000 1.000000
2470.135010 1100.000000 1.000000
1126.602661 1100.000000 1.000000
869.768005 1100.000000 1.000000
1261.463623 1100.000000 1.000000
2495.918457 1100.000000 1.000000
1024.980591 1100.000000 1.000000
682.311279 1100.000000 1.000000
1149.176636 1100.000000 1.000000
1299.409546 1100.000000 1.000000
1426.868408 1100.000000 1.000000
1472.861450 1100.000000 1.000000
922.312195 1100.000000 1.000000
1533.782349 1100.000000 1.000000
931.809204 1100.000000 1.000000
953.005981 1100.000000 1.000000
1004.517273 1100.000000 1.000000
1166.926025 1100.000000 1.000000
1278.615479 1100.000000 1.000000
3554.955322 1100.000000 1.000000
2200.910400 1100.000000 1.000000
1167.884766 1100.000000 1.000000
1233.861938 1100.000000 1.000000
1061.953125 1100.000000 1.000000
1327.002808 1100.000000 1.000000
972.858093 1100.000000 1.000000
1622.051025 1100.000000 1.000000
1885.661987 1100.000000 1.000000
1059.128784 1100.000000 1.000000
958.242432 1100.000000 1.000000
1213.419922 1100.000000 1.000000
1152.585693 1100.000000 1.000000
1124.285400 1100.000000 1.000000
1112.832520 1100.000000 1.000000
1074.442261 1100.000000 1.000000
1979.584961 1100.000000 1.000000
1456.179443 1100.000000 1.000000
1546.700684 1100.000000 1.000000
1333.301880 1100.000000 1.000000
1186.378296 1100.000000 1.000000
1167.906738 1100.000000 1.000000
1372.776733 1100.000000 1.000000
1333.542480 1100.000000 1.000000
1713.774170 1100.000000 1.000000
1511.705078 1100.000000 1.000000
905.875366 1100.000000 1.000000
1241.219727 1100.000000 1.000000
1806.402710 1100.000000 1.000000
1366.581299 1100.000000 1.000000
1024.658936 1100.000000 1.000000
781.657898 1100.000000 1.000000
1158.057861 1100.000000 1.000000
1007.545105 1100.000000 1.000000
1018.480042 1100.000000 1.000000
1050.283325 1100.000000 1.000000
886.476318 1100.000000 1.000000
1025.995117 1100.000000 1.000000
1494.132935 1100.000000 1.000000
936.232727 1100.000000 1.000000
945.382812 1100.000000 1.000000
1265.759521 1100.000000 1.000000
1210.437744 1100.000000 1.000000
1558.702881 1100.000000 1.000000
1109.055298 1100.000000 1.000000
1236.263062 1100.000000 1.000000
1983.889648 1100.000000 1.000000
992.438843 1100.000000 1.000000
1668.682861 1100.000000 1.000000
1070.513184 1100.000000 1.000000
1527.080200 1100.000000 1.000000
1645.830933 1100.000000 1.000000
1025.805298 1100.000000 1.000000
773.717407 1100.000000 1.000000
1591.093384 1100.000000 1.000000
957.611084 1100.000000 1.000000
1112.044312 1100.000000 1.000000
2880.295410 1100.000000 1.000000
2282.394043 1100.000000 1.000000
1045.869385 1100.000000 1.000000
1592.953857 1100.000000 1.000000
1546.171021 1100.000000 1.000000
959.724487 1100.000000 1.000000
1028.349854 1100.000000 1.000000
1879.913452 1100.000000 1.000000
1123.291260 1100.000000 1.000000
1202.198608 1100.000000 1.000000
1292.934692 1100.000000 1.000000
1218.290771 1100.000000 1.000000
1427.403320 1100.000000 1.000000
1090.083008 1100.000000 1.000000
1182.080322 1100.000000 1.000000
744.117432 1100.000000 1.000000
1067.447144 1100.000000 1.000000
1423.480957 1100.000000 1.000000
1083.409058 1100.000000 1.000000
1294.160278 1100.000000 1.000000
1196.397217 1100.000000 1.000000
2408.842041 1100.000000 1.000000
1088.089966 1100.000000 1.000000
1413.980469 1100.000000 1.000000
1102.484985 1100.000000 1.000000
906.790649 1100.000000 1.000000
1210.589600 1100.000000 1.000000
1052.306763 1100.000000 1.000000
1042.616211 1100.000000 1.000000
1036.692505 1100.000000 1.000000
1049.511475 1100.000000 1.000000
1294.260742 1100.000000 1.000000
919.493896 1100.000000 1.000000
2675.966064 1100.000000 1.000000
1044.227417 1100.000000 1.000000
996.714905 1100.000000 1.000000
950.833740 1100.000000 1.000000
2001.390747 1100.000000 1.000000
1044.072388 1100.000000 1.000000
731.983643 1100.000000 1.000000
765.650085 1100.000000 1.000000
993.461853 1100.000000 1.000000
1097.668213 1100.000000 1.000000
1698.202026 1100.000000 1.000000
1077.666748 1100.000000 1.000000
832.342529 1100.000000 1.000000
1199.040771 1100.000000 1.000000
998.509216 1100.000000 1.000000
1049.651245 1100.000000 1.000000
2823.433350 1100.000000 1.000000
938.636292 1100.000000 1.000000
983.612061 1100.000000 1.000000
1353.086548 1100.000000 1.000000
967.345337 1100.000000 1.000000
1211.972656 1100.000000 1.000000
1151.471191 1100.000000 1.000000
1649.837524 1100.000000 1.000000
1209.120728 1100.000000 1.000000
2894.212646 1100.000000 1.000000
921.373962 1100.000000 1.000000
1119.806763 1100.000000 1.000000
865.159363 1100.000000 1.000000
1028.580444 1100.000000 1.000000
1075.277710 1100.000000 1.000000
1223.278931 1100.000000 1.000000
1242.580811 1100.000000 1.000000
1481.519165 1100.000000 1.000000
937.667664 1100.000000 1.000000
1585.814209 1100.000000 1.000000
1145.852051 1100.000000 1.000000
1538.523071 1100.000000 1.000000
1251.967041 1100.000000 1.000000
1751.541626 1100.000000 1.000000
1071.385010 1100.000000 1.000000
1067.912476 1100.000000 1.000000
1885.084106 1100.000000 1.000000
2533.093506 1100.000000 1.000000
867.052002 1100.000000 1.000000
1157.468750 1100.000000 1.000000
951.197266 1100.000000 1.000000
1044.328979 1100.000000 1.000000
1363.208740 1100.000000 1.000000
1200.608643 1100.000000 1.000000
1141.034790 1100.000000 1.000000
1128.018066 1100.000000 1.000000
1008.406494 1100.000000 1.000000
4998.708745 1100.000000 0.000000
814.549377 1100.000000 0.000000
1413.089026 1100.000000 0.000000
4736.005410 1100.000000 0.000000
1158.282714 1100.000000 0.000000
2424.868072 1100.000000 0.000000
4787.384783 1100.000000 0.000000
3721.526716 1100.000000 0.000000
2700.218292 1100.000000 0.000000
3699.764907 1100.000000 0.000000
3799.718991 1100.000000 0.000000
3293.183072 1100.000000 0.000000
1578.188108 1100.000000 0.000000
4022.015074 1100.000000 0.000000
2598.360576 1100.000000 0.000000
842.862109 1100.000000 0.000000
2377.648652 1100.000000 0.000000
1961.569970 1100.000000 0.000000
1108.338436 1100.000000 0.000000
1065.952295 1100.000000 0.000000
151.676021 1100.000000 0.000000
1667.696249 1100.000000 0.000000
970.744253 1100.000000 0.000000
4718.583904 1100.000000 0.000000
2899.658375 1100.000000 0.000000
4491.524289 1100.000000 0.000000
3327.819657 1100.000000 0.000000
2493.051549 1100.000000 0.000000
2803.141286 1100.000000 0.000000
911.423228 1100.000000 0.000000
1482.627654 1100.000000 0.000000
587.044667 1100.000000 0.000000
314.588329 1100.000000 0.000000
3240.627873 1100.000000 0.000000
3627.092643 1100.000000 0.000000
3185.655791 1100.000000 0.000000
3569.425312 1100.000000 0.000000
497.881216 1100.000000 0.000000
3496.335981 1100.000000 0.000000
539.062349 1100.000000 0.000000
646.213756 1100.000000 0.000000
2512.015193 1100.000000 0.000000
1038.899532 1100.000000 0.000000
1444.551529 1100.000000 0.000000
415.873972 1100.000000 0.000000
640.621077 1100.000000 0.000000
2736.857055 1100.000000 0.000000
411.597998 1100.000000 0.000000
1460.707133 1100.000000 0.000000
4458.118685 1100.000000 0.000000
1135.589195 1100.000000 0.000000
2159.227313 1100.000000 0.000000
703.665004 1100.000000 0.000000
2001.960675 1100.000000 0.000000
3434.734505 1100.000000 0.000000
853.354553 1100.000000 0.000000
2204.104338 1100.000000 0.000000
226.682825 1100.000000 0.000000
1556.482069 1100.000000 0.000000
2530.905257 1100.000000 0.000000
912.054200 1100.000000 0.000000
2555.160077 1100.000000 0.000000
3703.941026 1100.000000 0.000000
1829.943134 1100.000000 0.000000
804.044184 1100.000000 0.000000
2300.533926 1100.000000 0.000000
3139.182358 1100.000000 0.000000
3388.018440 1100.000000 0.000000
3490.982613 1100.000000 0.000000
2392.684339 1100.000000 0.000000
450.537971 1100.000000 0.000000
1693.642609 1100.000000 0.000000
476.068984 1100.000000 0.000000
2182.709819 1100.000000 0.000000
2373.366762 1100.000000 0.000000
2096.229632 1100.000000 0.000000
3887.684260 1100.000000 0.000000
3123.052823 1100.000000 0.000000
4902.182749 1100.000000 0.000000
1852.151006 1100.000000 0.000000
4154.063181 1100.000000 0.000000
704.032237 1100.000000 0.000000
3720.426537 1100.000000 0.000000
4148.698399 1100.000000 0.000000
1955.521592 1100.000000 0.000000
3109.781960 1100.000000 0.000000
1733.497388 1100.000000 0.000000
230.847623 1100.000000 0.000000
3065.331607 1100.000000 0.000000
2836.870240 1100.000000 0.000000
2494.470129 1100.000000 0.000000
3619.010394 1100.000000 0.000000
722.752624 1100.000000 0.000000
211.515817 1100.000000 0.000000
1553.935113 1100.000000 0.000000
608.205769 1100.000000 0.000000
1210.348355 1100.000000 0.000000
1905.294277 1100.000000 0.000000
2200.642686 1100.000000 0.000000
2998.979508 1100.000000 0.000000
3222.873270 1100.000000 0.000000
2163.131083 1100.000000 0.000000
2779.841310 1100.000000 0.000000
3584.205840 1100.000000 0.000000
3211.812574 1100.000000 0.000000
3428.883627 1100.000000 0.000000
480.790731 1100.000000 0.000000
614.667318 1100.000000 0.000000
284.987076 1100.000000 0.000000
4100.360222 1100.000000 0.000000
627.696429 1100.000000 0.000000
1578.725354 1100.000000 0.000000
902.834624 1100.000000 0.000000
711.136097 1100.000000 0.000000
3322.148066 1100.000000 0.000000
3425.946115 1100.000000 0.000000
955.009663 1100.000000 0.000000
2181.715093 1100.000000 0.000000
4822.296123 1100.000000 0.000000
4340.817952 1100.000000 0.000000
654.399827 1100.000000 0.000000
2422.211398 1100.000000 0.000000
1873.272256 1100.000000 0.000000
4502.375611 1100.000000 0.000000
893.283935 1100.000000 0.000000
3398.175653 1100.000000 0.000000
3114.371550 1100.000000 0.000000
4918.279748 1100.000000 0.000000
2203.573899 1100.000000 0.000000
4023.686387 1100.000000 0.000000
4974.225304 1100.000000 0.000000
2707.754807 1100.000000 0.000000
1279.527277 1100.000000 0.000000
3194.728177 1100.000000 0.000000
2879.551352 1100.000000 0.000000
1293.607098 1100.000000 0.000000
957.965006 1100.000000 0.000000
2228.315234 1100.000000 0.000000
746.332547 1100.000000 0.000000
4983.618446 1100.000000 0.000000
608.811111 1100.000000 0.000000
3257.696398 1100.000000 0.000000
138.975489 1100.000000 0.000000
1949.888011 1100.000000 0.000000
4139.565220 1100.000000 0.000000
1419.069536 1100.000000 0.000000
3051.018218 1100.000000 0.000000
1182.063748 1100.000000 0.000000
2054.105251 1100.000000 0.000000
3388.573083 1100.000000 0.000000
4235.632941 1100.000000 0.000000
3246.281139 1100.000000 0.000000
406.913256 1100.000000 0.000000
604.152418 1100.000000 0.000000
2395.996321 1100.000000 0.000000
3889.391788 1100.000000 0.000000
2359.888505 1100.000000 0.000000
4716.687554 1100.000000 0.000000
4904.004962 1100.000000 0.000000
1672.773653 1100.000000 0.000000
1013.339619 1100.000000 0.000000
1714.206170 1100.000000 0.000000
3267.721222 1100.000000 0.000000
3413.793984 1100.000000 0.000000
3049.680699 1100.000000 0.000000
499.635515 1100.000000 0.000000
3831.274905 1100.000000 0.000000
3677.907641 1100.000000 0.000000
1205.695700 1100.000000 0.000000
1315.893556 1100.000000 0.000000
4804.349493 1100.000000 0.000000
2116.978683 1100.000000 0.000000
1680.290729 1100.000000 0.000000
1.247489 1100.000000 0.000000
4344.205083 1100.000000 0.000000
18.765752 1100.000000 0.000000
829.231553 1100.000000 0.000000
59.104206 1100.000000 0.000000
3032.275368 1100.000000 0.000000
3649.860095 1100.000000 0.000000
3069.122785 1100.000000 0.000000
4828.840921 1100.000000 0.000000
2485.491306 1100.000000 0.000000
2649.427014 1100.000000 0.000000
2308.037659 1100.000000 0.000000
3565.168503 1100.000000 0.000000
2899.798838 1100.000000 0.000000
3414.012777 1100.000000 0.000000
4769.607570 1100.000000 0.000000
118.276018 1100.000000 0.000000
1400.550734 1100.000000 0.000000
4347.631767 1100.000000 0.000000
1496.666369 1100.000000 0.000000
1597.768017 1100.000000 0.000000
1504.758544 1100.000000 0.000000
4705.557432 1100.000000 0.000000
4240.635319 1100.000000 0.000000
3766.730647 1100.000000 0.000000
2691.220436 1100.000000 0.000000
2042.406907 1100.000000 0.000000
1061.856580 1100.000000 0.000000
380.702011 1100.000000 0.000000
1449.674541 1100.000000 0.000000
98.909169 1100.000000 0.000000
1206.239497 1100.000000 0.000000
1923.095824 1100.000000 0.000000
2274.534432 1100.000000 0.000000
1869.912605 1100.000000 0.000000
2200.943980 1100.000000 0.000000
589.484039 1100.000000 0.000000
4027.149223 1100.000000 0.000000
824.463207 1100.000000 0.000000
1412.649682 1100.000000 0.000000
863.426997 1100.000000 0.000000
4679.211648 1100.000000 0.000000
3404.765298 1100.000000 0.000000
668.483694 1100.000000 0.000000
1273.806114 1100.000000 0.000000
1997.224380 1100.000000 0.000000
1846.176825 1100.000000 0.000000
3631.809459 1100.000000 0.000000
1389.187297 1100.000000 0.000000
3467.845520 1100.000000 0.000000
2501.773444 1100.000000 0.000000
592.027691 1100.000000 0.000000
756.516675 1100.000000 0.000000
3407.234714 1100.000000 0.000000
3603.329592 1100.000000 0.000000
4898.234695 1100.000000 0.000000
3483.895556 1100.000000 0.000000
2786.050362 1100.000000 0.000000
3404.107409 1100.000000 0.000000
4776.760249 1100.000000 0.000000
2991.044782 1100.000000 0.000000
3852.269476 1100.000000 0.000000
4567.987428 1100.000000 0.000000
3294.793246 1100.000000 0.000000
3354.873067 1100.000000 0.000000
2890.925877 1100.000000 0.000000
4765.196451 1100.000000 0.000000
814.617290 1100.000000 0.000000
1675.284930 1100.000000 0.000000
4759.123520 1100.000000 0.000000
548.308218 1100.000000 0.000000
3096.511515 1100.000000 0.000000
4784.083712 1100.000000 0.000000
4926.215471 1100.000000 0.000000
353.688744 1100.000000 0.000000
2511.651950 1100.000000 0.000000
3403.606130 1100.000000 0.000000
2766.600328 1100.000000 0.000000
2935.027907 1100.000000 0.000000
3458.102808 1100.000000 0.000000
2313.239549 1100.000000 0.000000
2871.271468 1100.000000 0.000000
364.450440 1100.000000 0.000000
3191.332591 1100.000000 0.000000
1938.786441 1100.000000 0.000000
1104.801086 1100.000000 0.000000
11.159012 1100.000000 0.000000
2478.283877 1100.000000 0.000000
956.582616 1100.000000 0.000000
111.325040 1100.000000 0.000000
4517.945104 1100.000000 0.000000
3693.140877 1100.000000 0.000000
2222.654449 1100.000000 0.000000
2088.511216 1100.000000 0.000000
3804.305611 1100.000000 0.000000
2188.766111 1100.000000 0.000000
954.914307 1100.000000 0.000000
2885.564812 1100.000000 0.000000
663.441715 1100.000000 0.000000
1589.121735 1100.000000 0.000000
2434.582451 1100.000000 0.000000
4695.455346 1100.000000 0.000000
4669.731404 1100.000000 0.000000
368.300675 1100.000000 0.000000
3062.181476 1100.000000 0.000000
2573.743622 1100.000000 0.000000
3123.317908 1100.000000 0.000000
653.226310 1100.000000 0.000000
3226.052204 1100.000000 0.000000
670.742752 1100.000000 0.000000
3264.629840 1100.000000 0.000000
1326.050046 1100.000000 0.000000
1909.026343 1100.000000 0.000000
2951.075302 1100.000000 0.000000
3348.520411 1100.000000 0.000000
2771.662400 1100.000000 0.000000
97.523801 1100.000000 0.000000
921.734812 1100.000000 0.000000
4955.902311 1100.000000 0.000000
2868.388819 1100.000000 0.000000
3188.810427 1100.000000 0.000000
2974.287989 1100.000000 0.000000
2576.223441 1100.000000 0.000000
1653.467546 1100.000000 0.000000
1983.712248 1100.000000 0.000000
4419.827402 1100.000000 0.000000
3857.426330 1100.000000 0.000000
2995.376904 1100.000000 0.000000
123.633149 1100.000000 0.000000
61.293948 1100.000000 0.000000
3492.261597 1100.000000 0.000000
1329.955045 1100.000000 0.000000
3683.503607 1100.000000 0.000000
4999.863094 1100.000000 0.000000
3748.961578 1100.000000 0.000000
2424.777945 1100.000000 0.000000
4118.502643 1100.000000 0.000000
3113.885449 1100.000000 0.000000
4512.560470 1100.000000 0.000000
282.525644 1100.000000 0.000000
3695.386946 1100.000000 0.000000
1880.881099 1100.000000 0.000000
184.003825 1100.000000 0.000000
3880.991093 1100.000000 0.000000
4186.770931 1100.000000 0.000000
1725.409651 1100.000000 0.000000
409.213238 1100.000000 0.000000
1113.107724 1100.000000 0.000000
762.381593 1100.000000 0.000000
2005.885977 1100.000000 0.000000
2658.063041 1100.000000 0.000000
4058.533009 1100.000000 0.000000
203.887831 1100.000000 0.000000
589.445041 1100.000000 0.000000
2875.949827 1100.000000 0.000000
4161.811038 1100.000000 0.000000
1023.209264 1100.000000 0.000000
1193.608865 1100.000000 0.000000
4984.643498 1100.000000 0.000000
1292.952978 1100.000000 0.000000
4460.279838 1100.000000 0.000000
4234.298941 1100.000000 0.000000
1532.918531 1100.000000 0.000000
166.812459 1100.000000 0.000000
3532.102492 1100.000000 0.000000
968.078041 1100.000000 0.000000
2544.890688 1100.000000 0.000000
107.725734 1100.000000 0.000000
3363.663966 1100.000000 0.000000
4067.812222 1100.000000 0.000000
4036.420260 1100.000000 0.000000
2407.634216 1100.000000 0.000000
2687.595476 1100.000000 0.000000
3904.243031 1100.000000 0.000000
1679.244541 1100.000000 0.000000
3496.296856 1100.000000 0.000000
2129.276497 1100.000000 0.000000
4126.203316 1100.000000 0.000000
4728.068459 1100.000000 0.000000
2774.206251 1100.000000 0.000000
3552.475942 1100.000000 0.000000
1891.801829 1100.000000 0.000000
3241.693653 1100.000000 0.000000
228.363584 1100.000000 0.000000
777.386617 1100.000000 0.000000
4426.769838 1100.000000 0.000000
3607.828623 1100.000000 0.000000
4808.336007 1100.000000 0.000000
2151.504426 1100.000000 0.000000
660.156769 1100.000000 0.000000
2196.656044 1100.000000 0.000000
2335.938681 1100.000000 0.000000
2050.416083 1100.000000 0.000000
1385.983555 1100.000000 0.000000
1392.547796 1100.000000 0.000000
4773.104029 1100.000000 0.000000
4021.787457 1100.000000 0.000000
4842.552331 1100.000000 0.000000
4998.613957 1100.000000 0.000000
4735.801416 1100.000000 0.000000
1242.755688 1100.000000 0.000000
33.524930 1100.000000 0.000000
2223.636576 1100.000000 0.000000
3370.243891 1100.000000 0.000000
2482.401804 1100.000000 0.000000
105.046250 1100.000000 0.000000
4158.816109 1100.000000 0.000000
542.729261 1100.000000 0.000000
465.758197 1100.000000 0.000000
4451.028202 1100.000000 0.000000
2229.726053 1100.000000 0.000000
4534.533842 1100.000000 0.000000
2770.199105 1100.000000 0.000000
3797.171747 1100.000000 0.000000
4077.756919 1100.000000 0.000000
2664.842514 1100.000000 0.000000
275.675731 1100.000000 0.000000
269.928271 1100.000000 0.000000
4495.940951 1100.000000 0.000000
734.536869 1100.000000 0.000000
2413.236571 1100.000000 0.000000
336.514905 1100.000000 0.000000
1405.809323 1100.000000 0.000000
4664.245826 1100.000000 0.000000
2536.589665 1100.000000 0.000000
2822.515072 1100.000000 0.000000
4003.566001 1100.000000 0.000000
3229.437494 1100.000000 0.000000
1546.097489 1100.000000 0.000000
239.033033 1100.000000 0.000000
1259.829149 1100.000000 0.000000
3569.405711 1100.000000 0.000000
3354.970086 1100.000000 0.000000
3026.428799 1100.000000 0.000000
741.359496 1100.000000 0.000000
3976.251748 1100.000000 0.000000
3326.386766 1100.000000 0.000000
4271.510214 1100.000000 0.000000
4052.668384 1100.000000 0.000000
355.719919 1100.000000 0.000000
343.967839 1100.000000 0.000000
4452.332866 1100.000000 0.000000
3790.229784 1100.000000 0.000000
351.552936 1100.000000 0.000000
4260.472390 1100.000000 0.000000
3876.784508 1100.000000 0.000000
3424.476013 1100.000000 0.000000
1172.763936 1100.000000 0.000000
2307.878472 1100.000000 0.000000
4682.177287 1100.000000 0.000000
3324.732095 1100.000000 0.000000
2298.397949 1100.000000 0.000000
4439.117552 1100.000000 0.000000
2873.111303 1100.000000 0.000000
150.843117 1100.000000 0.000000
3836.773604 1100.000000 0.000000
1727.392776 1100.000000 0.000000
3045.615717 1100.000000 0.000000
1087.714352 1100.000000 0.000000
3218.802804 1100.000000 0.000000
2856.963243 1100.000000 0.000000
4011.555244 1100.000000 0.000000
4811.677736 1100.000000 0.000000
2008.849279 1100.000000 0.000000
4982.767090 1100.000000 0.000000
3729.729058 1100.000000 0.000000
2242.055917 1100.000000 0.000000
1978.921402 1100.000000 0.000000
616.949630 1100.000000 0.000000
2663.074564 1100.000000 0.000000
4166.898011 1100.000000 0.000000
4588.365648 1100.000000 0.000000
4128.037833 1100.000000 0.000000
2229.576998 1100.000000 0.000000
1335.681006 1100.000000 0.000000
3321.994498 1100.000000 0.000000
3834.303471 1100.000000 0.000000
3329.841375 1100.000000 0.000000
2519.775525 1100.000000 0.000000
4175.768509 1100.000000 0.000000
3112.026893 1100.000000 0.000000
2287.694591 1100.000000 0.000000
2774.916389 1100.000000 0.000000
1829.068550 1100.000000 0.000000
3281.511156 1100.000000 0.000000
4585.193347 1100.000000 0.000000
1380.272957 1100.000000 0.000000
606.072207 1100.000000 0.000000
4830.891270 1100.000000 0.000000
3487.195042 1100.000000 0.000000
2217.738947 1100.000000 0.000000
3150.979121 1100.000000 0.000000
1841.733374 1100.000000 0.000000
1190.959781 1100.000000 0.000000
1501.369103 1100.000000 0.000000
3551.660859 1100.000000 0.000000
237.374190 1100.000000 0.000000
2462.627217 1100.000000 0.000000
406.269899 1100.000000 0.000000
610.083910 1100.000000 0.000000
4965.510900 1100.000000 0.000000
1775.455136 1100.000000 0.000000
3824.318653 1100.000000 0.000000
4520.497714 1100.000000 0.000000
1980.548063 1100.000000 0.000000
4085.674281 1100.000000 0.000000
1744.871108 1100.000000 0.000000
1330.968168 1100.000000 0.000000
1837.509788 1100.000000 0.000000
3761.581066 1100.000000 0.000000
2939.000119 1100.000000 0.000000
2447.105474 1100.000000 0.000000
3367.370304 1100.000000 0.000000
1641.480696 1100.000000 0.000000
4269.729196 1100.000000 0.000000
4161.903682 1100.000000 0.000000
797.943432 1100.000000 0.000000
1612.055108 1100.000000 0.000000
4750.868536 1100.000000 0.000000
476.883560 1100.000000 0.000000
1155.099276 1100.000000 0.000000
4303.038762 1100.000000 0.000000
1798.135961 1100.000000 0.000000
4924.218495 1100.000000 0.000000
159.878340 1100.000000 0.000000
4143.249572 1100.000000 0.000000
2584.047448 1100.000000 0.000000
2447.039618 1100.000000 0.000000
4819.886490 1100.000000 0.000000
4800.658695 1100.000000 0.000000
3409.083955 1100.000000 0.000000
4303.940844 1100.000000 0.000000
2279.146408 1100.000000 0.000000
1661.953279 1100.000000 0.000000
295.749021 1100.000000 0.000000
2261.229884 1100.000000 0.000000
1086.771080 1100.000000 0.000000
1728.037200 1100.000000 0.000000
2749.859967 1100.000000 0.000000
1588.111258 1100.000000 0.000000
4464.882213 1100.000000 0.000000
2450.227252 1100.000000 0.000000
1282.395048 1100.000000 0.000000
4844.993191 1100.000000 0.000000
4553.182324 1100.000000 0.000000
1133.587989 1100.000000 0.000000
1639.142861 1100.000000 0.000000
1433.510450 1100.000000 0.000000
712.575272 1100.000000 0.000000
496.408696 1100.000000 0.000000
961.662045 1100.000000 0.000000
1541.884346 1100.000000 0.000000
4357.079795 1100.000000 0.000000
1955.743929 1100.000000 0.000000
3943.304410 1100.000000 0.000000
1004.080203 1100.000000 0.000000
4932.379795 1100.000000 0.000000
4414.310629 1100.000000 0.000000
549.312255 1100.000000 0.000000
1771.416275 1100.000000 0.000000
2778.713410 1100.000000 0.000000
3453.492289 1100.000000 0.000000
3219.078761 1100.000000 0.000000
1815.521425 1100.000000 0.000000
394.313555 1100.000000 0.000000
1004.102069 1100.000000 0.000000
3584.867651 1100.000000 0.000000
3721.768729 1100.000000 0.000000
3838.182151 1100.000000 0.000000
1227.212253 1100.000000 0.000000
3340.045596 1100.000000 0.000000
4434.946886 1100.000000 0.000000
1834.249654 1100.000000 0.000000
2657.783140 1100.000000 0.000000
2514.219894 1100.000000 0.000000
1572.718348 1100.000000 0.000000
3112.706821 1100.000000 0.000000
99.519291 1100.000000 0.000000
3381.775672 1100.000000 0.000000
2149.093108 1100.000000 0.000000
1164.176059 1100.000000 0.000000
4938.097285 1100.000000 0.000000
1532.860677 1100.000000 0.000000
2473.185188 1100.000000 0.000000
3743.074466 1100.000000 0.000000
4459.217804 1100.000000 0.000000
226.427480 1100.000000 0.000000
2137.805360 1100.000000 0.000000
1134.892212 1100.000000 0.000000
2420.364926 1100.000000 0.000000
823.228150 1100.000000 0.000000
449.037441 1100.000000 0.000000
1921.318687 1100.000000 0.000000
119.177361 1100.000000 0.000000
1648.672734 1100.000000 0.000000
2656.153679 1100.000000 0.000000
2383.416804 1100.000000 0.000000
4387.412368 1100.000000 0.000000
2277.508138 1100.000000 0.000000
2486.512475 1100.000000 0.000000
1980.921503 1100.000000 0.000000
4430.623640 1100.000000 0.000000
3680.350460 1100.000000 0.000000
544.587976 1100.000000 0.000000
1989.609511 1100.000000 0.000000
4212.875105 1100.000000 0.000000
4131.001600 1100.000000 0.000000
4683.275827 1100.000000 0.000000
1227.948051 1100.000000 0.000000
3198.443082 1100.000000 0.000000
2466.675155 1100.000000 0.000000
367.247534 1100.000000 0.000000
3900.690506 1100.000000 0.000000
210.560616 1100.000000 0.000000
3505.582383 1100.000000 0.000000
4702.616334 1100.000000 0.000000
3502.740852 1100.000000 0.000000
3883.801359 1100.000000 0.000000
963.712904 1100.000000 0.000000
34.626344 1100.000000 0.000000
4214.918128 1100.000000 0.000000
4596.620882 1100.000000 0.000000
1210.416344 1100.000000 0.000000
950.503370 1100.000000 0.000000
3675.423195 1100.000000 0.000000
822.611594 1100.000000 0.000000
4951.532250 1100.000000 0.000000
4914.239699 1100.000000 0.000000
3285.847694 1100.000000 0.000000
93.868221 1100.000000 0.000000
3797.982412 1100.000000 0.000000
1787.838053 1100.000000 0.000000
2545.081719 1100.000000 0.000000
3694.498405 1100.000000 0.000000
2839.615818 1100.000000 0.000000
1445.283170 1100.000000 0.000000
2075.085702 1100.000000 0.000000
4905.272806 1100.000000 0.000000
1829.422395 1100.000000 0.000000
2589.391307 1100.000000 0.000000
4221.045109 1100.000000 0.000000
4840.613264 1100.000000 0.000000
1294.472642 1100.000000 0.000000
2391.552204 1100.000000 0.000000
2186.704932 1100.000000 0.000000
1896.990003 1100.000000 0.000000
1015.409419 1100.000000 0.000000
2754.103742 1100.000000 0.000000
1277.713613 1100.000000 0.000000
2750.490153 1100.000000 0.000000
4352.389695 1100.000000 0.000000
1206.151068 1100.000000 0.000000
785.541188 1100.000000 0.000000
1091.304137 1100.000000 0.000000
581.388687 1100.000000 0.000000
3745.091377 1100.000000 0.000000
791.453293 1100.000000 0.000000
2381.769533 1100.000000 0.000000
2726.636617 1100.000000 0.000000
4394.890607 1100.000000 0.000000
85.721085 1100.000000 0.000000
2714.909937 1100.000000 0.000000
1590.090408 1100.000000 0.000000
3944.026714 1100.000000 0.000000
4358.606871 1100.000000 0.000000
3692.452047 1100.000000 0.000000
461.665073 1100.000000 0.000000
1506.993215 1100.000000 0.000000
3185.516432 1100.000000 0.000000
2857.821357 1100.000000 0.000000
3564.051710 1100.000000 0.000000
3221.446211 1100.000000 0.000000
1152.380039 1100.000000 0.000000
4858.477932 1100.000000 0.000000
4830.797141 1100.000000 0.000000
1459.419543 1100.000000 0.000000
876.429089 1100.000000 0.000000
1564.412761 1100.000000 0.000000
4923.256399 1100.000000 0.000000
2841.956771 1100.000000 0.000000
4222.342819 1100.000000 0.000000
722.169540 1100.000000 0.000000
2299.703048 1100.000000 0.000000
3039.489526 1100.000000 0.000000
920.613526 1100.000000 0.000000
1714.027465 1100.000000 0.000000
3032.164988 1100.000000 0.000000
4190.982927 1100.000000 0.000000
930.942589 1100.000000 0.000000
151.372345 1100.000000 0.000000
1536.959289 1100.000000 0.000000
626.430145 1100.000000 0.000000
1351.974824 1100.000000 0.000000
4370.807403 1100.000000 0.000000
1852.547787 1100.000000 0.000000
4471.166850 1100.000000 0.000000
2039.978369 1100.000000 0.000000
4409.392343 1100.000000 0.000000
3239.756192 1100.000000 0.000000
1184.933637 1100.000000 0.000000
2644.036679 1100.000000 0.000000
1468.657712 1100.000000 0.000000
471.602126 1100.000000 0.000000
4672.693129 1100.000000 0.000000
608.396662 1100.000000 0.000000
1748.408802 1100.000000 0.000000
335.134289 1100.000000 0.000000
3210.983846 1100.000000 0.000000
3462.235688 1100.000000 0.000000
1674.633666 1100.000000 0.000000
1871.220968 1100.000000 0.000000
1569.425256 1100.000000 0.000000
2693.691473 1100.000000 0.000000
492.962615 1100.000000 0.000000
2452.571127 1100.000000 0.000000
1643.678352 1100.000000 0.000000
3548.628968 1100.000000 0.000000
4408.490148 1100.000000 0.000000
1965.002405 1100.000000 0.000000
4271.216365 1100.000000 0.000000
2318.882965 1100.000000 0.000000
2635.281949 1100.000000 0.000000
2466.549462 1100.000000 0.000000
1338.921681 1100.000000 0.000000
2915.387381 1100.000000 0.000000
286.757083 1100.000000 0.000000
4796.681842 1100.000000 0.000000
3857.085867 1100.000000 0.000000
213.592316 1100.000000 0.000000
2492.166844 1100.000000 0.000000
261.471351 1100.000000 0.000000
2807.757248 1100.000000 0.000000
4801.809547 1100.000000 0.000000
3099.086570 1100.000000 0.000000
2643.141841 1100.000000 0.000000
3491.175893 1100.000000 0.000000
930.810208 1100.000000 0.000000
2769.990838 1100.000000 0.000000
3330.601458 1100.000000 0.000000
763.655243 1100.000000 0.000000
4743.750787 1100.000000 0.000000
934.128945 1100.000000 0.000000
2902.563320 1100.000000 0.000000
4255.122208 1100.000000 0.000000
534.329218 1100.000000 0.000000
3379.308684 1100.000000 0.000000
3980.226200 1100.000000 0.000000
3288.230515 1100.000000 0.000000
46.747619 1100.000000 0.000000
1031.337939 1100.000000 0.000000
3182.101840 1100.000000 0.000000
191.282302 1100.000000 0.000000
3388.551251 1100.000000 0.000000
3389.589627 1100.000000 0.000000
3358.421343 1100.000000 0.000000
1981.588580 1100.000000 0.000000
3307.985237 1100.000000 0.000000
3166.801917 1100.000000 0.000000
4810.621194 1100.000000 0.000000
4963.557089 1100.000000 0.000000
496.724132 1100.000000 0.000000
339.466371 1100.000000 0.000000
2130.065758 1100.000000 0.000000
4735.227511 1100.000000 0.000000
3541.630047 1100.000000 0.000000
2334.089231 1100.000000 0.000000
224.181443 1100.000000 0.000000
3742.904608 1100.000000 0.000000
3391.853472 1100.000000 0.000000
1054.606716 1100.000000 0.000000
1992.451531 1100.000000 0.000000
4768.377923 1100.000000 0.000000
144.511424 1100.000000 0.000000
4678.832847 1100.000000 0.000000
4234.652368 1100.000000 0.000000
3313.800879 1100.000000 0.000000
4339.554517 1100.000000 0.000000
3261.796618 1100.000000 0.000000
2264.024701 1100.000000 0.000000
1526.144912 1100.000000 0.000000
1760.174935 1100.000000 0.000000
1398.217011 1100.000000 0.000000
1180.227970 1100.000000 0.000000
135.017304 1100.000000 0.000000
3260.311943 1100.000000 0.000000
3560.001133 1100.000000 0.000000
3099.654334 1100.000000 0.000000
627.195388 1100.000000 0.000000
2263.949817 1100.000000 0.000000
4611.657548 1100.000000 0.000000
604.221796 1100.000000 0.000000
2019.044873 1100.000000 0.000000
1301.452230 1100.000000 0.000000
3894.218192 1100.000000 0.000000
3339.205998 1100.000000 0.000000
133.947186 1100.000000 0.000000
2456.661504 1100.000000 0.000000
4575.304438 1100.000000 0.000000
3520.126733 1100.000000 0.000000
3141.004265 1100.000000 0.000000
2891.692333 1100.000000 0.000000
3145.782078 1100.000000 0.000000
3652.053245 1100.000000 0.000000
3206.591670 1100.000000 0.000000
2318.546673 1100.000000 0.000000
3071.456196 1100.000000 0.000000
1272.353278 1100.000000 0.000000
4043.413459 1100.000000 0.000000
1144.918652 1100.000000 0.000000
2252.389981 1100.000000 0.000000
4371.175709 1100.000000 0.000000
1013.869529 1100.000000 0.000000
2618.555961 1100.000000 0.000000
632.591329 1100.000000 0.000000
2897.014495 1100.000000 0.000000
1309.423352 1100.000000 0.000000
1038.845285 1100.000000 0.000000
2764.190801 1100.000000 0.000000
4256.976820 1100.000000 0.000000
2567.972187 1100.000000 0.000000
2791.299223 1100.000000 0.000000
3330.742677 1100.000000 0.000000
4994.873285 1100.000000 0.000000
891.370372 1100.000000 0.000000
583.698179 1100.000000 0.000000
342.127716 1100.000000 0.000000
3113.566887 1100.000000 0.000000
1572.414752 1100.000000 0.000000
4449.139666 1100.000000 0.000000
4032.388300 1100.000000 0.000000
2149.584745 1100.000000 0.000000
2623.477288 1100.000000 0.000000
2263.377651 1100.000000 0.000000
3153.715607 1100.000000 0.000000
2832.972427 1100.000000 0.000000
4794.303316 1100.000000 0.000000
4540.261432 1100.000000 0.000000
3504.491311 1100.000000 0.000000
1885.126921 1100.000000 0.000000
3418.981129 1100.000000 0.000000
990.442311 1100.000000 0.000000
3087.003496 1100.000000 0.000000
2068.630792 1100.000000 0.000000
4117.942083 1100.000000 0.000000
3777.889740 1100.000000 0.000000
3515.486586 1100.000000 0.000000
1821.471389 1100.000000 0.000000
4098.934931 1100.000000 0.000000
3757.908817 1100.000000 0.000000
243.847545 1100.000000 0.000000
2642.845016 1100.000000 0.000000
3083.740962 1100.000000 0.000000
1354.714155 1100.000000 0.000000
4004.208733 1100.000000 0.000000
1175.871113 1100.000000 0.000000
4518.932762 1100.000000 0.000000
1294.007846 1100.000000 0.000000
956.682062 1100.000000 0.000000
62.051710 1100.000000 0.000000
4267.069991 1100.000000 0.000000
3105.043558 1100.000000 0.000000
4279.309656 1100.000000 0.000000
700.531005 1100.000000 0.000000
4363.439820 1100.000000 0.000000
3544.198677 1100.000000 0.000000
463.204946 1100.000000 0.000000
103.752097 1100.000000 0.000000
3913.182592 1100.000000 0.000000
150.412618 1100.000000 0.000000
2523.053160 1100.000000 0.000000
408.110891 1100.000000 0.000000
3867.468724 1100.000000 0.000000
4362.886408 1100.000000 0.000000
4400.156240 1100.000000 0.000000
4417.621496 1100.000000 0.000000
4362.136641 1100.000000 0.000000
2293.611127 1100.000000 0.000000
4511.494206 1100.000000 0.000000
2739.524759 1100.000000 0.000000
279.942176 1100.000000 0.000000
2955.899439 1100.000000 0.000000
2819.708547 1100.000000 0.000000
3880.650379 1100.000000 0.000000
1477.848892 1100.000000 0.000000
204.268267 1100.000000 0.000000
1992.835916 1100.000000 0.000000
1411.373101 1100.000000 0.000000
4033.581605 1100.000000 0.000000
2535.796810 1100.000000 0.000000
3440.754823 1100.000000 0.000000
2473.320202 1100.000000 0.000000
2272.730202 1100.000000 0.000000
2107.400456 1100.000000 0.000000
196.258664 1100.000000 0.000000
455.981016 1100.000000 0.000000
1969.076546 1100.000000 0.000000
676.865974 1100.000000 0.000000
4843.252915 1100.000000 0.000000
4058.380554 1100.000000 0.000000
1629.827055 1100.000000 0.000000
4809.995890 1100.000000 0.000000
501.406010 1100.000000 0.000000
514.623062 1100.000000 0.000000
1536.295452 1100.000000 0.000000
1668.410298 1100.000000 0.000000
4289.830668 1100.000000 0.000000
2614.608681 1100.000000 0.000000
3077.500205 1100.000000 0.000000
4907.793419 1100.000000 0.000000
3987.423693 1100.000000 0.000000
994.048371 1100.000000 0.000000
2283.520951 1100.000000 0.000000
2854.853985 1100.000000 0.000000
1074.543482 1100.000000 0.000000
3432.166571 1100.000000 0.000000
1393.010576 1100.000000 0.000000
898.699241 1100.000000 0.000000
1987.489731 1100.000000 0.000000
814.294675 1100.000000 0.000000
4013.108810 1100.000000 0.000000
418.229566 1100.000000 0.000000
3191.353761 1100.000000 0.000000
1154.282592 1100.000000 0.000000
2900.471897 1100.000000 0.000000
4321.462569 1100.000000 0.000000
4663.691436 1100.000000 0.000000
4106.965618 1100.000000 0.000000
2402.952363 1100.000000 0.000000
3181.865079 1100.000000 0.000000
907.543279 1100.000000 0.000000
2346.002506 1100.000000 0.000000
1546.382206 1100.000000 0.000000
3344.052156 1100.000000 0.000000
3611.705806 1100.000000 0.000000
2874.283345 1100.000000 0.000000
2639.272565 1100.000000 0.000000
4046.157793 1100.000000 0.000000
4934.413307 1100.000000 0.000000
1619.302480 1100.000000 0.000000
3031.982294 1100.000000 0.000000
3797.794828 1100.000000 0.000000
3954.840901 1100.000000 0.000000
349.649071 1100.000000 0.000000
2752.327070 1100.000000 0.000000
46.491412 1100.000000 0.000000
3923.147374 1100.000000 0.000000
3445.220572 1100.000000 0.000000
4817.940454 1100.000000 0.000000
2582.207988 1100.000000 0.000000
1785.891523 1100.000000 0.000000
2411.684459 1100.000000 0.000000
2149.798010 1100.000000 0.000000
4981.530737 1100.000000 0.000000
3005.880055 1100.000000 0.000000
3925.021035 1100.000000 0.000000
4852.710606 1100.000000 0.000000
2439.272745 1100.000000 0.000000
474.633761 1100.000000 0.000000
4896.658866 1100.000000 0.000000
604.388696 1100.000000 0.000000
3151.301681 1100.000000 0.000000
971.237698 1100.000000 0.000000
1065.408515 1100.000000 0.000000
72.993899 1100.000000 0.000000
1833.355575 1100.000000 0.000000
1700.503887 1100.000000 0.000000
3608.931737 1100.000000 0.000000
1837.665563 1100.000000 0.000000
105.167686 1100.000000 0.000000
658.439962 1100.000000 0.000000
2933.798379 1100.000000 0.000000
3668.023201 1100.000000 0.000000
4318.175754 1100.000000 0.000000
684.973228 1100.000000 0.000000
262.134889 1100.000000 0.000000
2031.117042 1100.000000 0.000000
1208.284735 1100.000000 0.000000
2362.253515 1100.000000 0.000000
4361.079896 1100.000000 0.000000
2273.596163 1100.000000 0.000000
357.895348 1100.000000 0.000000
1570.306221 1100.000000 0.000000
2464.115571 1100.000000 0.000000
3708.605669 1100.000000 0.000000
3473.918317 1100.000000 0.000000
4914.339359 1100.000000 0.000000
1598.740686 1100.000000 0.000000
4021.018520 1100.000000 0.000000
267.339076 1100.000000 0.000000
3730.776741 1100.000000 0.000000
1517.374654 1100.000000 0.000000
465.407569 1100.000000 0.000000
4672.658321 1100.000000 0.000000
3734.340931 1100.000000 0.000000
500.242357 1100.000000 0.000000
3601.482540 1100.000000 0.000000
1053.768699 1100.000000 0.000000
4815.483748 1100.000000 0.000000
3745.947056 1100.000000 0.000000
3698.109660 1100.000000 0.000000
2550.361636 1100.000000 0.000000
436.464932 1100.000000 0.000000
3250.102347 1100.000000 0.000000
411.824248 1100.000000 0.000000
3634.603727 1100.000000 0.000000
2663.091327 1100.000000 0.000000
3746.529332 1100.000000 0.000000
4306.334700 1100.000000 0.000000
173.497241 1100.000000 0.000000
465.612292 1100.000000 0.000000
3276.285476 1100.000000 0.000000
4797.589236 1100.000000 0.000000
2435.286155 1100.000000 0.000000
4299.478724 1100.000000 0.000000
423.972105 1100.000000 0.000000
3592.708575 1100.000000 0.000000
4254.591640 1100.000000 0.000000
4094.423908 1100.000000 0.000000
3581.372299 1100.000000 0.000000
2041.119649 1100.000000 0.000000
3182.928350 1100.000000 0.000000
2619.193515 1100.000000 0.000000
1860.194362 1100.000000 0.000000
1767.130484 1100.000000 0.000000
2990.245235 1100.000000 0.000000
487.434373 1100.000000 0.000000
1381.765191 1100.000000 0.000000
