1256.214111 1400.000000 1.000000
1179.101807 1400.000000 1.000000
1397.440430 1400.000000 1.000000
2173.700928 1400.000000 1.000000
1532.574463 1400.000000 1.000000
2246.201416 1400.000000 1.000000
1414.182495 1400.000000 1.000000
1362.101929 1400.000000 1.000000
1082.138550 1400.000000 1.000000
1526.270386 1400.000000 1.000000
1413.894653 1400.000000 1.000000
1549.411377 1400.000000 1.000000
1819.215088 1400.000000 1.000000
1380.377930 1400.000000 1.000000
1839.314941 1400.000000 1.000000
1807.267090 1400.000000 1.000000
1143.495850 1400.000000 1.000000
1580.680908 1400.000000 1.000000
2078.810059 1400.000000 1.000000
1366.906006 1400.000000 1.000000
1149.760498 1400.000000 1.000000
2008.275757 1400.000000 1.000000
1447.497070 1400.000000 1.000000
1027.746704 1400.000000 1.000000
1708.926636 1400.000000 1.000000
1266.944702 1400.000000 1.000000
1331.273315 1400.000000 1.000000
1509.531738 1400.000000 1.000000
1565.135010 1400.000000 1.000000
1483.562988 1400.000000 1.000000
1189.391968 1400.000000 1.000000
1425.096924 1400.000000 1.000000
1688.031982 1400.000000 1.000000
2384.979248 1400.000000 1.000000
1810.040894 1400.000000 1.000000
1534.364990 1400.000000 1.000000
1892.695679 1400.000000 1.000000
1390.161255 1400.000000 1.000000
1440.533447 1400.000000 1.000000
1570.404785 1400.000000 1.000000
1766.826294 1400.000000 1.000000
1409.681274 1400.000000 1.000000
1337.073120 1400.000000 1.000000
1933.253052 1400.000000 1.000000
1996.973267 1400.000000 1.000000
1419.192871 1400.000000 1.000000
1177.651001 1400.000000 1.000000
1481.386230 1400.000000 1.000000
1844.366089 1400.000000 1.000000
1813.017212 1400.000000 1.000000
2415.184814 1400.000000 1.000000
1508.606445 1400.000000 1.000000
1435.334229 1400.000000 1.000000
1410.088013 1400.000000 1.000000
934.879211 1400.000000 1.000000
3759.558838 1400.000000 1.000000
2248.651855 1400.000000 1.000000
1392.954956 1400.000000 1.000000
1652.386841 1400.000000 1.000000
1724.603027 1400.000000 1.000000
1432.306030 1400.000000 1.000000
1414.885986 1400.000000 1.000000
1291.984863 1400.000000 1.000000
1791.378052 1400.000000 1.000000
2197.726562 1400.000000 1.000000
1348.358276 1400.000000 1.000000
1835.125244 1400.000000 1.000000
956.958313 1400.000000 1.000000
1351.398193 1400.000000 1.000000
3155.099121 1400.000000 1.000000
1959.587280 1400.000000 1.000000
1408.519287 1400.000000 1.000000
1822.486938 1400.000000 1.000000
2519.986084 1400.000000 1.000000
1184.818726 1400.000000 1.000000
1610.111816 1400.000000 1.000000
1915.357666 1400.000000 1.000000
1331.892212 1400.000000 1.000000
1208.994629 1400.000000 1.000000
1233.704102 1400.000000 1.000000
1939.345337 1400.000000 1.000000
1118.100952 1400.000000 1.000000
1055.387329 1400.000000 1.000000
1248.144897 1400.000000 1.000000
1623.966187 1400.000000 1.000000
1109.140137 1400.000000 1.000000
1828.010742 1400.000000 1.000000
1463.355347 1400.000000 1.000000
1055.467773 1400.000000 1.000000
2052.948242 1400.000000 1.000000
1349.146240 1400.000000 1.000000
2256.444336 1400.000000 1.000000
1386.162354 1400.000000 1.000000
3430.305664 1400.000000 1.000000
3759.217285 1400.000000 1.000000
2587.398438 1400.000000 1.000000
1148.537964 1400.000000 1.000000
1870.731445 1400.000000 1.000000
987.646179 1400.000000 1.000000
1499.477539 1400.000000 1.000000
1454.563599 1400.000000 1.000000
1553.407715 1400.000000 1.000000
1539.169434 1400.000000 1.000000
1669.645508 1400.000000 1.000000
1428.385010 1400.000000 1.000000
2176.999268 1400.000000 1.000000
1860.341919 1400.000000 1.000000
1519.050415 1400.000000 1.000000
1737.752441 1400.000000 1.000000
1047.895264 1400.000000 1.000000
1527.758057 1400.000000 1.000000
1888.176025 1400.000000 1.000000
1434.395142 1400.000000 1.000000
1272.332886 1400.000000 1.000000
1243.070801 1400.000000 1.000000
1174.552002 1400.000000 1.000000
1572.047974 1400.000000 1.000000
1668.471558 1400.000000 1.000000
1179.547729 1400.000000 1.000000
2110.275879 1400.000000 1.000000
1294.739380 1400.000000 1.000000
1584.280518 1400.000000 1.000000
2363.439209 1400.000000 1.000000
1434.546021 1400.000000 1.000000
1461.532349 1400.000000 1.000000
1402.255981 1400.000000 1.000000
721.590820 1400.000000 1.000000
1814.833496 1400.000000 1.000000
1458.163940 1400.000000 1.000000
996.832825 1400.000000 1.000000
1664.401733 1400.000000 1.000000
1679.521484 1400.000000 1.000000
1182.247070 1400.000000 1.000000
1643.642822 1400.000000 1.000000
1347.115967 1400.000000 1.000000
1261.633911 1400.000000 1.000000
2348.832520 1400.000000 1.000000
1463.700439 1400.000000 1.000000
2439.293701 1400.000000 1.000000
1175.019775 1400.000000 1.000000
1588.371338 1400.000000 1.000000
1562.771729 1400.000000 1.000000
1092.600952 1400.000000 1.000000
1678.448486 1400.000000 1.000000
1435.021362 1400.000000 1.000000
1444.724731 1400.000000 1.000000
2173.865723 1400.000000 1.000000
1381.877808 1400.000000 1.000000
1634.067383 1400.000000 1.000000
1574.968018 1400.000000 1.000000
2013.580566 1400.000000 1.000000
1013.814880 1400.000000 1.000000
1707.579102 1400.000000 1.000000
1513.834839 1400.000000 1.000000
810.117981 1400.000000 1.000000
1575.911011 1400.000000 1.000000
1450.466064 1400.000000 1.000000
1292.381958 1400.000000 1.000000
1560.396973 1400.000000 1.000000
1599.942017 1400.000000 1.000000
1460.814087 1400.000000 1.000000
1532.069702 1400.000000 1.000000
1198.979126 1400.000000 1.000000
1242.609253 1400.000000 1.000000
1542.874634 1400.000000 1.000000
2110.959229 1400.000000 1.000000
1468.825928 1400.000000 1.000000
2009.682861 1400.000000 1.000000
933.016907 1400.000000 1.000000
1335.348389 1400.000000 1.000000
945.752502 1400.000000 1.000000
1540.503174 1400.000000 1.000000
1420.452026 1400.000000 1.000000
1377.102051 1400.000000 1.000000
1536.925415 1400.000000 1.000000
1617.528687 1400.000000 1.000000
1430.976440 1400.000000 1.000000
1231.964722 1400.000000 1.000000
1789.131470 1400.000000 1.000000
1405.259521 1400.000000 1.000000
1646.134155 1400.000000 1.000000
1897.810547 1400.000000 1.000000
983.094543 1400.000000 1.000000
1667.038086 1400.000000 1.000000
1459.298462 1400.000000 1.000000
1277.225342 1400.000000 1.000000
1789.723389 1400.000000 1.000000
1914.979736 1400.000000 1.000000
4463.146973 1400.000000 1.000000
1462.422974 1400.000000 1.000000
1515.544922 1400.000000 1.000000
1248.660156 1400.000000 1.000000
1288.963989 1400.000000 1.000000
1213.549072 1400.000000 1.000000
2054.294189 1400.000000 1.000000
1339.425781 1400.000000 1.000000
1412.358154 1400.000000 1.000000
2885.221191 1400.000000 1.000000
1223.778076 1400.000000 1.000000
1465.582153 1400.000000 1.000000
1367.828613 1400.000000 1.000000
1255.139771 1400.000000 1.000000
869.341736 1400.000000 1.000000
1588.279053 1400.000000 1.000000
1767.083130 1400.000000 1.000000
1672.096191 1400.000000 1.000000
1468.411865 1400.000000 1.000000
3230.343994 1400.000000 1.000000
1616.597534 1400.000000 1.000000
1218.846680 1400.000000 1.000000
2337.329834 1400.000000 1.000000
2180.762451 1400.000000 1.000000
1634.077759 1400.000000 1.000000
1231.138794 1400.000000 1.000000
1837.880981 1400.000000 1.000000
1281.274658 1400.000000 1.000000
1280.741943 1400.000000 1.000000
1801.001831 1400.000000 1.000000
1512.703613 1400.000000 1.000000
1333.659790 1400.000000 1.000000
1790.749390 1400.000000 1.000000
1121.608154 1400.000000 1.000000
2406.462891 1400.000000 1.000000
1391.369995 1400.000000 1.000000
1908.703979 1400.000000 1.000000
1008.774597 1400.000000 1.000000
1607.368164 1400.000000 1.000000
1348.300049 1400.000000 1.000000
2062.288086 1400.000000 1.000000
2388.192627 1400.000000 1.000000
1267.405396 1400.000000 1.000000
1001.510193 1400.000000 1.000000
1317.623291 1400.000000 1.000000
1414.718140 1400.000000 1.000000
1500.935547 1400.000000 1.000000
1441.912231 1400.000000 1.000000
1881.641724 1400.000000 1.000000
1284.130371 1400.000000 1.000000
1438.155762 1400.000000 1.000000
2010.479980 1400.000000 1.000000
958.105957 1400.000000 1.000000
1223.628540 1400.000000 1.000000
1534.001831 1400.000000 1.000000
1856.465210 1400.000000 1.000000
1631.191162 1400.000000 1.000000
1325.792847 1400.000000 1.000000
1398.741211 1400.000000 1.000000
1188.393799 1400.000000 1.000000
1187.681274 1400.000000 1.000000
1380.674072 1400.000000 1.000000
1506.835205 1400.000000 1.000000
1673.664062 1400.000000 1.000000
1054.152954 1400.000000 1.000000
1542.536011 1400.000000 1.000000
1437.575195 1400.000000 1.000000
1545.543701 1400.000000 1.000000
1334.941528 1400.000000 1.000000
1384.193237 1400.000000 1.000000
1533.835327 1400.000000 1.000000
1012.292114 1400.000000 1.000000
1751.317871 1400.000000 1.000000
1233.352783 1400.000000 1.000000
3498.072754 1400.000000 1.000000
908.976196 1400.000000 1.000000
1203.502319 1400.000000 1.000000
1399.492188 1400.000000 1.000000
2290.490723 1400.000000 1.000000
1230.117554 1400.000000 1.000000
3188.800781 1400.000000 1.000000
1560.635864 1400.000000 1.000000
1506.266479 1400.000000 1.000000
1335.541748 1400.000000 1.000000
2517.438721 1400.000000 1.000000
1694.952148 1400.000000 1.000000
1577.774780 1400.000000 1.000000
2050.510742 1400.000000 1.000000
2638.065186 1400.000000 1.000000
3006.701904 1400.000000 1.000000
1542.789795 1400.000000 1.000000
1462.101685 1400.000000 1.000000
1332.978027 1400.000000 1.000000
1386.393799 1400.000000 1.000000
1465.946777 1400.000000 1.000000
1856.745117 1400.000000 1.000000
1616.138428 1400.000000 1.000000
1544.422485 1400.000000 1.000000
1492.294556 1400.000000 1.000000
1317.022583 1400.000000 1.000000
2120.134277 1400.000000 1.000000
1302.180908 1400.000000 1.000000
1209.303589 1400.000000 1.000000
1356.720215 1400.000000 1.000000
1498.085205 1400.000000 1.000000
1495.149658 1400.000000 1.000000
2200.700684 1400.000000 1.000000
1393.162964 1400.000000 1.000000
1615.139038 1400.000000 1.000000
1419.991455 1400.000000 1.000000
1617.848755 1400.000000 1.000000
1380.404663 1400.000000 1.000000
1225.895630 1400.000000 1.000000
761.499939 1400.000000 1.000000
1529.604248 1400.000000 1.000000
1150.253662 1400.000000 1.000000
2227.426758 1400.000000 1.000000
4319.331543 1400.000000 1.000000
1384.631592 1400.000000 1.000000
1025.078125 1400.000000 1.000000
1677.544189 1400.000000 1.000000
1224.083740 1400.000000 1.000000
1636.509277 1400.000000 1.000000
1354.456543 1400.000000 1.000000
1359.797485 1400.000000 1.000000
1286.465576 1400.000000 1.000000
1452.547607 1400.000000 1.000000
1325.689453 1400.000000 1.000000
1826.591919 1400.000000 1.000000
1968.274536 1400.000000 1.000000
1474.062256 1400.000000 1.000000
742.935364 1400.000000 1.000000
2345.374268 1400.000000 1.000000
1225.647217 1400.000000 1.000000
2347.730225 1400.000000 1.000000
1307.581421 1400.000000 1.000000
1174.791992 1400.000000 1.000000
1969.685303 1400.000000 1.000000
1662.296509 1400.000000 1.000000
1315.874756 1400.000000 1.000000
1437.393188 1400.000000 1.000000
1309.685425 1400.000000 1.000000
960.586731 1400.000000 1.000000
1899.439697 1400.000000 1.000000
1176.422485 1400.000000 1.000000
2077.227051 1400.000000 1.000000
1375.932129 1400.000000 1.000000
867.171204 1400.000000 1.000000
1333.550293 1400.000000 1.000000
1710.692871 1400.000000 1.000000
1060.643921 1400.000000 1.000000
1722.174194 1400.000000 1.000000
1530.868164 1400.000000 1.000000
2053.617188 1400.000000 1.000000
2476.436768 1400.000000 1.000000
2276.880859 1400.000000 1.000000
1288.990112 1400.000000 1.000000
1480.920898 1400.000000 1.000000
2071.455566 1400.000000 1.000000
1416.754761 1400.000000 1.000000
1925.525513 1400.000000 1.000000
1388.952881 1400.000000 1.000000
1872.009277 1400.000000 1.000000
1503.152832 1400.000000 1.000000
1595.208252 1400.000000 1.000000
1295.455811 1400.000000 1.000000
1340.530151 1400.000000 1.000000
1210.666626 1400.000000 1.000000
1978.182861 1400.000000 1.000000
1218.389526 1400.000000 1.000000
1433.043091 1400.000000 1.000000
1778.234253 1400.000000 1.000000
1896.790161 1400.000000 1.000000
1606.338745 1400.000000 1.000000
2393.005859 1400.000000 1.000000
1524.669189 1400.000000 1.000000
2269.781494 1400.000000 1.000000
1356.199951 1400.000000 1.000000
1080.241455 1400.000000 1.000000
1765.040894 1400.000000 1.000000
1499.708008 1400.000000 1.000000
1589.528687 1400.000000 1.000000
1004.859619 1400.000000 1.000000
1551.490356 1400.000000 1.000000
1663.339966 1400.000000 1.000000
1606.957886 1400.000000 1.000000
1221.128052 1400.000000 1.000000
1391.486816 1400.000000 1.000000
1805.909912 1400.000000 1.000000
1177.392456 1400.000000 1.000000
2612.703125 1400.000000 1.000000
1282.212280 1400.000000 1.000000
1843.061401 1400.000000 1.000000
2939.319580 1400.000000 1.000000
1550.659912 1400.000000 1.000000
988.272156 1400.000000 1.000000
2803.307129 1400.000000 1.000000
1126.707275 1400.000000 1.000000
2124.871338 1400.000000 1.000000
1234.490723 1400.000000 1.000000
1479.722778 1400.000000 1.000000
2029.616821 1400.000000 1.000000
1186.306519 1400.000000 1.000000
1448.884644 1400.000000 1.000000
1529.643555 1400.000000 1.000000
2945.124023 1400.000000 1.000000
2146.215576 1400.000000 1.000000
1902.036011 1400.000000 1.000000
1333.011108 1400.000000 1.000000
1102.814697 1400.000000 1.000000
1527.972046 1400.000000 1.000000
1415.010986 1400.000000 1.000000
1270.572388 1400.000000 1.000000
1305.318848 1400.000000 1.000000
1517.511963 1400.000000 1.000000
2040.136963 1400.000000 1.000000
1177.011230 1400.000000 1.000000
1229.467651 1400.000000 1.000000
1757.701416 1400.000000 1.000000
1509.922363 1400.000000 1.000000
1321.869629 1400.000000 1.000000
1846.104004 1400.000000 1.000000
1107.410278 1400.000000 1.000000
3522.815186 1400.000000 1.000000
1019.275146 1400.000000 1.000000
1398.051514 1400.000000 1.000000
1277.622192 1400.000000 1.000000
2212.618896 1400.000000 1.000000
1822.267212 1400.000000 1.000000
1768.418823 1400.000000 1.000000
1154.935059 1400.000000 1.000000
1199.902100 1400.000000 1.000000
1399.600342 1400.000000 1.000000
1421.825317 1400.000000 1.000000
1625.877686 1400.000000 1.000000
2448.830078 1400.000000 1.000000
1614.616455 1400.000000 1.000000
2268.127197 1400.000000 1.000000
2347.899658 1400.000000 1.000000
1249.917969 1400.000000 1.000000
1440.785645 1400.000000 1.000000
1278.231445 1400.000000 1.000000
1952.394653 1400.000000 1.000000
884.398987 1400.000000 1.000000
1927.549683 1400.000000 1.000000
1592.817749 1400.000000 1.000000
1658.386230 1400.000000 1.000000
1711.650513 1400.000000 1.000000
1384.047974 1400.000000 1.000000
2572.902588 1400.000000 1.000000
996.592163 1400.000000 1.000000
1659.397705 1400.000000 1.000000
1813.696167 1400.000000 1.000000
1425.464111 1400.000000 1.000000
1250.397095 1400.000000 1.000000
1363.258423 1400.000000 1.000000
1160.517700 1400.000000 1.000000
1904.175781 1400.000000 1.000000
1862.627441 1400.000000 1.000000
1266.084473 1400.000000 1.000000
1201.813232 1400.000000 1.000000
1412.464966 1400.000000 1.000000
3678.104736 1400.000000 1.000000
1016.613403 1400.000000 1.000000
1870.131592 1400.000000 1.000000
1389.642944 1400.000000 1.000000
1273.891602 1400.000000 1.000000
1405.303833 1400.000000 1.000000
2175.388184 1400.000000 1.000000
1174.989502 1400.000000 1.000000
1906.334106 1400.000000 1.000000
1504.137207 1400.000000 1.000000
1560.441406 1400.000000 1.000000
1487.548706 1400.000000 1.000000
829.412964 1400.000000 1.000000
1036.987671 1400.000000 1.000000
1471.961304 1400.000000 1.000000
1236.825562 1400.000000 1.000000
1547.546509 1400.000000 1.000000
2530.757568 1400.000000 1.000000
1465.340576 1400.000000 1.000000
3153.651855 1400.000000 1.000000
1778.495361 1400.000000 1.000000
1105.301514 1400.000000 1.000000
1838.981812 1400.000000 1.000000
1326.117798 1400.000000 1.000000
1215.885498 1400.000000 1.000000
2384.289307 1400.000000 1.000000
1245.813965 1400.000000 1.000000
2160.888672 1400.000000 1.000000
1825.764038 1400.000000 1.000000
1601.827148 1400.000000 1.000000
3064.540527 1400.000000 1.000000
1380.219604 1400.000000 1.000000
1197.776978 1400.000000 1.000000
2032.674683 1400.000000 1.000000
1353.548828 1400.000000 1.000000
1471.872314 1400.000000 1.000000
2206.671387 1400.000000 1.000000
2295.495361 1400.000000 1.000000
1642.404907 1400.000000 1.000000
1261.792114 1400.000000 1.000000
1315.126221 1400.000000 1.000000
1423.763794 1400.000000 1.000000
1234.271484 1400.000000 1.000000
2379.615234 1400.000000 1.000000
1390.096558 1400.000000 1.000000
1016.124512 1400.000000 1.000000
1095.019409 1400.000000 1.000000
1169.557373 1400.000000 1.000000
1405.044312 1400.000000 1.000000
1434.206055 1400.000000 1.000000
1360.750122 1400.000000 1.000000
1840.972412 1400.000000 1.000000
3158.805664 1400.000000 1.000000
1986.541748 1400.000000 1.000000
1389.582764 1400.000000 1.000000
1736.575562 1400.000000 1.000000
1410.038452 1400.000000 1.000000
1396.173828 1400.000000 1.000000
2066.921143 1400.000000 1.000000
1705.627930 1400.000000 1.000000
1370.281128 1400.000000 1.000000
2348.444580 1400.000000 1.000000
979.259155 1400.000000 1.000000
4175.239258 1400.000000 1.000000
1484.009033 1400.000000 1.000000
1187.264160 1400.000000 1.000000
2423.193115 1400.000000 1.000000
1495.273926 1400.000000 1.000000
1926.294678 1400.000000 1.000000
1003.801819 1400.000000 1.000000
1485.425171 1400.000000 1.000000
1709.765503 1400.000000 1.000000
1435.641724 1400.000000 1.000000
1282.454468 1400.000000 1.000000
1359.421509 1400.000000 1.000000
1755.873169 1400.000000 1.000000
1268.211548 1400.000000 1.000000
2500.917236 1400.000000 1.000000
2229.822266 1400.000000 1.000000
2345.971436 1400.000000 1.000000
784.727844 1400.000000 1.000000
2187.262451 1400.000000 1.000000
1158.151367 1400.000000 1.000000
1314.407104 1400.000000 1.000000
1972.700928 1400.000000 1.000000
1166.979248 1400.000000 1.000000
1471.678955 1400.000000 1.000000
1627.815308 1400.000000 1.000000
1337.886353 1400.000000 1.000000
1546.684082 1400.000000 1.000000
1273.497559 1400.000000 1.000000
2473.346191 1400.000000 1.000000
3156.533203 1400.000000 1.000000
1519.630249 1400.000000 1.000000
1980.546265 1400.000000 1.000000
1254.441040 1400.000000 1.000000
1569.433838 1400.000000 1.000000
934.147278 1400.000000 1.000000
1150.291626 1400.000000 1.000000
864.867310 1400.000000 1.000000
1275.212891 1400.000000 1.000000
1247.302612 1400.000000 1.000000
1411.148071 1400.000000 1.000000
2180.491699 1400.000000 1.000000
2586.220459 1400.000000 1.000000
1023.970703 1400.000000 1.000000
3682.689697 1400.000000 1.000000
3773.317383 1400.000000 1.000000
1370.934937 1400.000000 1.000000
3290.311768 1400.000000 1.000000
975.496765 1400.000000 1.000000
4278.881348 1400.000000 1.000000
1890.531616 1400.000000 1.000000
1151.795654 1400.000000 1.000000
1451.757812 1400.000000 1.000000
1476.261963 1400.000000 1.000000
1870.476318 1400.000000 1.000000
1825.850098 1400.000000 1.000000
1450.771240 1400.000000 1.000000
1229.624023 1400.000000 1.000000
2163.952637 1400.000000 1.000000
1137.499023 1400.000000 1.000000
1407.213257 1400.000000 1.000000
1103.138550 1400.000000 1.000000
1525.428223 1400.000000 1.000000
1306.607544 1400.000000 1.000000
1456.837891 1400.000000 1.000000
1287.274170 1400.000000 1.000000
1607.678833 1400.000000 1.000000
1809.052979 1400.000000 1.000000
1695.560059 1400.000000 1.000000
1255.810303 1400.000000 1.000000
2196.910400 1400.000000 1.000000
1400.793335 1400.000000 1.000000
1188.218506 1400.000000 1.000000
2435.224365 1400.000000 1.000000
1462.713745 1400.000000 1.000000
1846.363281 1400.000000 1.000000
1106.215576 1400.000000 1.000000
1147.211792 1400.000000 1.000000
1492.142212 1400.000000 1.000000
1470.977417 1400.000000 1.000000
1220.033447 1400.000000 1.000000
1336.759277 1400.000000 1.000000
2624.720947 1400.000000 1.000000
1191.566040 1400.000000 1.000000
1691.993408 1400.000000 1.000000
2687.313232 1400.000000 1.000000
1302.085327 1400.000000 1.000000
1913.512451 1400.000000 1.000000
1834.620239 1400.000000 1.000000
1463.796265 1400.000000 1.000000
1412.867065 1400.000000 1.000000
1208.903564 1400.000000 1.000000
2175.372559 1400.000000 1.000000
1788.959229 1400.000000 1.000000
1395.112549 1400.000000 1.000000
1582.257812 1400.000000 1.000000
3796.357666 1400.000000 1.000000
2055.329102 1400.000000 1.000000
2439.884033 1400.000000 1.000000
1344.010620 1400.000000 1.000000
2584.575195 1400.000000 1.000000
2007.266724 1400.000000 1.000000
1509.776123 1400.000000 1.000000
1801.152100 1400.000000 1.000000
1882.149536 1400.000000 1.000000
1056.392822 1400.000000 1.000000
1488.345337 1400.000000 1.000000
1086.739502 1400.000000 1.000000
1861.234253 1400.000000 1.000000
1774.789551 1400.000000 1.000000
1428.078613 1400.000000 1.000000
1398.482178 1400.000000 1.000000
4049.317383 1400.000000 1.000000
1538.840942 1400.000000 1.000000
1868.651001 1400.000000 1.000000
1384.205811 1400.000000 1.000000
1414.858521 1400.000000 1.000000
1562.347046 1400.000000 1.000000
1292.818237 1400.000000 1.000000
1903.585083 1400.000000 1.000000
1575.417847 1400.000000 1.000000
1824.879883 1400.000000 1.000000
1476.158569 1400.000000 1.000000
2010.218262 1400.000000 1.000000
1134.247437 1400.000000 1.000000
1410.080566 1400.000000 1.000000
1279.982910 1400.000000 1.000000
1274.436890 1400.000000 1.000000
1206.762207 1400.000000 1.000000
1632.624634 1400.000000 1.000000
1843.709717 1400.000000 1.000000
2105.322998 1400.000000 1.000000
1357.997559 1400.000000 1.000000
2163.347656 1400.000000 1.000000
1284.104492 1400.000000 1.000000
1773.466064 1400.000000 1.000000
1954.550293 1400.000000 1.000000
1625.372314 1400.000000 1.000000
1203.087891 1400.000000 1.000000
1345.701050 1400.000000 1.000000
1218.893677 1400.000000 1.000000
800.618042 1400.000000 1.000000
1931.951050 1400.000000 1.000000
1363.360107 1400.000000 1.000000
1187.741943 1400.000000 1.000000
1598.716431 1400.000000 1.000000
1371.187622 1400.000000 1.000000
2138.300537 1400.000000 1.000000
1179.823730 1400.000000 1.000000
1891.585327 1400.000000 1.000000
1332.032227 1400.000000 1.000000
1391.796753 1400.000000 1.000000
1810.244873 1400.000000 1.000000
1974.645020 1400.000000 1.000000
989.958435 1400.000000 1.000000
1101.229858 1400.000000 1.000000
1236.862793 1400.000000 1.000000
1399.657959 1400.000000 1.000000
1456.005737 1400.000000 1.000000
1582.492798 1400.000000 1.000000
1808.276611 1400.000000 1.000000
1877.725098 1400.000000 1.000000
1801.368530 1400.000000 1.000000
1258.808594 1400.000000 1.000000
2173.150635 1400.000000 1.000000
1405.045044 1400.000000 1.000000
1249.515747 1400.000000 1.000000
1457.742188 1400.000000 1.000000
1311.230225 1400.000000 1.000000
1404.123413 1400.000000 1.000000
1717.176514 1400.000000 1.000000
1339.682007 1400.000000 1.000000
2565.397217 1400.000000 1.000000
1239.913452 1400.000000 1.000000
1135.614868 1400.000000 1.000000
1209.119873 1400.000000 1.000000
1557.415039 1400.000000 1.000000
1553.723145 1400.000000 1.000000
1575.860474 1400.000000 1.000000
1842.440186 1400.000000 1.000000
1479.930542 1400.000000 1.000000
2025.855347 1400.000000 1.000000
2162.712158 1400.000000 1.000000
1053.001099 1400.000000 1.000000
1703.294189 1400.000000 1.000000
1453.940674 1400.000000 1.000000
1282.244873 1400.000000 1.000000
1609.965332 1400.000000 1.000000
2513.039551 1400.000000 1.000000
1751.281860 1400.000000 1.000000
1939.519409 1400.000000 1.000000
2303.419922 1400.000000 1.000000
1712.569458 1400.000000 1.000000
1809.096924 1400.000000 1.000000
1349.802979 1400.000000 1.000000
1344.690918 1400.000000 1.000000
1088.740356 1400.000000 1.000000
1173.142578 1400.000000 1.000000
1322.444458 1400.000000 1.000000
3331.095703 1400.000000 1.000000
1669.075684 1400.000000 1.000000
1405.678345 1400.000000 1.000000
3221.569824 1400.000000 1.000000
1665.796265 1400.000000 1.000000
1544.430786 1400.000000 1.000000
1458.163574 1400.000000 1.000000
1558.262085 1400.000000 1.000000
1585.603271 1400.000000 1.000000
1346.438965 1400.000000 1.000000
1626.165161 1400.000000 1.000000
1687.357788 1400.000000 1.000000
1012.531921 1400.000000 1.000000
1198.910400 1400.000000 1.000000
1838.709106 1400.000000 1.000000
1792.109619 1400.000000 1.000000
1501.641602 1400.000000 1.000000
2802.841309 1400.000000 1.000000
1243.041138 1400.000000 1.000000
911.535706 1400.000000 1.000000
1340.006104 1400.000000 1.000000
1374.042847 1400.000000 1.000000
1436.679077 1400.000000 1.000000
2219.475586 1400.000000 1.000000
1031.409546 1400.000000 1.000000
2115.503174 1400.000000 1.000000
1618.813110 1400.000000 1.000000
1139.819336 1400.000000 1.000000
1577.733765 1400.000000 1.000000
1425.814819 1400.000000 1.000000
1859.726196 1400.000000 1.000000
1763.160278 1400.000000 1.000000
1381.816162 1400.000000 1.000000
1763.221313 1400.000000 1.000000
884.143555 1400.000000 1.000000
1038.914795 1400.000000 1.000000
3105.102051 1400.000000 1.000000
1671.284912 1400.000000 1.000000
2422.913574 1400.000000 1.000000
1443.002808 1400.000000 1.000000
1433.847168 1400.000000 1.000000
1371.747192 1400.000000 1.000000
1122.117920 1400.000000 1.000000
1343.154419 1400.000000 1.000000
1263.092285 1400.000000 1.000000
1449.022217 1400.000000 1.000000
1275.407837 1400.000000 1.000000
1316.708618 1400.000000 1.000000
2392.861328 1400.000000 1.000000
1306.463257 1400.000000 1.000000
1751.971924 1400.000000 1.000000
1212.103149 1400.000000 1.000000
1774.426758 1400.000000 1.000000
1619.112183 1400.000000 1.000000
2696.009766 1400.000000 1.000000
1624.342896 1400.000000 1.000000
1061.975708 1400.000000 1.000000
1460.246460 1400.000000 1.000000
1878.596191 1400.000000 1.000000
1400.300537 1400.000000 1.000000
1417.330688 1400.000000 1.000000
1034.579956 1400.000000 1.000000
853.446899 1400.000000 1.000000
2591.965576 1400.000000 1.000000
1264.317993 1400.000000 1.000000
1518.784546 1400.000000 1.000000
1305.457031 1400.000000 1.000000
1594.489990 1400.000000 1.000000
1413.825317 1400.000000 1.000000
2008.788940 1400.000000 1.000000
1158.561890 1400.000000 1.000000
1381.381104 1400.000000 1.000000
1400.284302 1400.000000 1.000000
1454.467651 1400.000000 1.000000
1895.475098 1400.000000 1.000000
2617.685303 1400.000000 1.000000
2607.815918 1400.000000 1.000000
788.659241 1400.000000 1.000000
1294.401733 1400.000000 1.000000
2555.767090 1400.000000 1.000000
1667.253174 1400.000000 1.000000
1155.358398 1400.000000 1.000000
2916.533447 1400.000000 1.000000
2868.017090 1400.000000 1.000000
1330.782349 1400.000000 1.000000
1419.045410 1400.000000 1.000000
2094.138916 1400.000000 1.000000
3124.217773 1400.000000 1.000000
1468.909546 1400.000000 1.000000
1245.825439 1400.000000 1.000000
1856.085693 1400.000000 1.000000
2053.175781 1400.000000 1.000000
1209.126953 1400.000000 1.000000
1794.117310 1400.000000 1.000000
1290.745483 1400.000000 1.000000
1895.128418 1400.000000 1.000000
1617.165527 1400.000000 1.000000
1386.411377 1400.000000 1.000000
1662.016357 1400.000000 1.000000
1455.738525 1400.000000 1.000000
3586.441895 1400.000000 1.000000
1302.012329 1400.000000 1.000000
1124.281616 1400.000000 1.000000
1149.568115 1400.000000 1.000000
1571.805420 1400.000000 1.000000
1605.160278 1400.000000 1.000000
1385.322144 1400.000000 1.000000
1247.509766 1400.000000 1.000000
1465.970825 1400.000000 1.000000
1992.503662 1400.000000 1.000000
1340.154297 1400.000000 1.000000
1486.652588 1400.000000 1.000000
1403.396484 1400.000000 1.000000
985.156982 1400.000000 1.000000
1740.300537 1400.000000 1.000000
2266.041992 1400.000000 1.000000
3585.810059 1400.000000 1.000000
1855.239502 1400.000000 1.000000
1551.407593 1400.000000 1.000000
1287.637817 1400.000000 1.000000
1709.444580 1400.000000 1.000000
1273.503296 1400.000000 1.000000
2100.829834 1400.000000 1.000000
891.805481 1400.000000 1.000000
1313.992065 1400.000000 1.000000
2585.317627 1400.000000 1.000000
1683.619019 1400.000000 1.000000
1101.986450 1400.000000 1.000000
1632.486206 1400.000000 1.000000
1311.273438 1400.000000 1.000000
1411.587402 1400.000000 1.000000
1084.370850 1400.000000 1.000000
1727.515625 1400.000000 1.000000
1611.974976 1400.000000 1.000000
1905.124390 1400.000000 1.000000
1197.152466 1400.000000 1.000000
2119.170166 1400.000000 1.000000
1427.117310 1400.000000 1.000000
983.572021 1400.000000 1.000000
1932.427856 1400.000000 1.000000
1526.206909 1400.000000 1.000000
1483.837524 1400.000000 1.000000
1808.091919 1400.000000 1.000000
1635.779297 1400.000000 1.000000
1465.922729 1400.000000 1.000000
3484.560547 1400.000000 1.000000
1254.328491 1400.000000 1.000000
1562.071411 1400.000000 1.000000
1356.182129 1400.000000 1.000000
1582.032227 1400.000000 1.000000
1283.225830 1400.000000 1.000000
1923.955078 1400.000000 1.000000
2285.574707 1400.000000 1.000000
1667.203003 1400.000000 1.000000
1425.198608 1400.000000 1.000000
1238.258301 1400.000000 1.000000
1129.959839 1400.000000 1.000000
1628.040161 1400.000000 1.000000
1723.944214 1400.000000 1.000000
1416.152222 1400.000000 1.000000
2011.626709 1400.000000 1.000000
1426.968628 1400.000000 1.000000
1720.662476 1400.000000 1.000000
953.424744 1400.000000 1.000000
2064.543945 1400.000000 1.000000
1829.953491 1400.000000 1.000000
1498.647217 1400.000000 1.000000
1279.759766 1400.000000 1.000000
1353.926392 1400.000000 1.000000
1632.999390 1400.000000 1.000000
1635.970093 1400.000000 1.000000
1025.511841 1400.000000 1.000000
1609.563477 1400.000000 1.000000
1207.885986 1400.000000 1.000000
1460.262085 1400.000000 1.000000
1338.865967 1400.000000 1.000000
1698.633545 1400.000000 1.000000
1590.264160 1400.000000 1.000000
1201.760010 1400.000000 1.000000
1470.969727 1400.000000 1.000000
1506.550537 1400.000000 1.000000
2275.123779 1400.000000 1.000000
1466.146240 1400.000000 1.000000
2804.814697 1400.000000 1.000000
1590.498535 1400.000000 1.000000
1948.624268 1400.000000 1.000000
2321.337402 1400.000000 1.000000
1755.146484 1400.000000 1.000000
1566.315186 1400.000000 1.000000
1174.986938 1400.000000 1.000000
2137.507568 1400.000000 1.000000
1478.567993 1400.000000 1.000000
1257.853271 1400.000000 1.000000
1322.923462 1400.000000 1.000000
1583.470703 1400.000000 1.000000
1069.624390 1400.000000 1.000000
1207.332153 1400.000000 1.000000
1575.219360 1400.000000 1.000000
1343.349609 1400.000000 1.000000
1376.208618 1400.000000 1.000000
1464.679199 1400.000000 1.000000
1375.392822 1400.000000 1.000000
1339.795532 1400.000000 1.000000
1177.275269 1400.000000 1.000000
1683.072876 1400.000000 1.000000
1317.636841 1400.000000 1.000000
1347.093262 1400.000000 1.000000
1303.940308 1400.000000 1.000000
1355.005005 1400.000000 1.000000
1480.811035 1400.000000 1.000000
1272.556763 1400.000000 1.000000
1549.922363 1400.000000 1.000000
1664.462036 1400.000000 1.000000
1513.507812 1400.000000 1.000000
1221.239624 1400.000000 1.000000
2593.316895 1400.000000 1.000000
1386.464233 1400.000000 1.000000
1194.257690 1400.000000 1.000000
1263.260498 1400.000000 1.000000
1963.003662 1400.000000 1.000000
1230.975220 1400.000000 1.000000
2130.579834 1400.000000 1.000000
1210.864136 1400.000000 1.000000
1384.418091 1400.000000 1.000000
1253.332764 1400.000000 1.000000
1716.729614 1400.000000 1.000000
1378.117798 1400.000000 1.000000
1433.796631 1400.000000 1.000000
1546.515503 1400.000000 1.000000
2432.232422 1400.000000 1.000000
867.910828 1400.000000 1.000000
1590.344238 1400.000000 1.000000
1151.392334 1400.000000 1.000000
1681.074219 1400.000000 1.000000
1180.047729 1400.000000 1.000000
1818.773315 1400.000000 1.000000
1389.338257 1400.000000 1.000000
1522.435913 1400.000000 1.000000
987.622437 1400.000000 1.000000
1709.028198 1400.000000 1.000000
1240.903809 1400.000000 1.000000
1540.810913 1400.000000 1.000000
1223.104126 1400.000000 1.000000
1313.741089 1400.000000 1.000000
1172.425903 1400.000000 1.000000
1960.236206 1400.000000 1.000000
1399.781616 1400.000000 1.000000
1290.585571 1400.000000 1.000000
1389.290894 1400.000000 1.000000
1556.339722 1400.000000 1.000000
1134.295532 1400.000000 1.000000
1551.066650 1400.000000 1.000000
2077.052734 1400.000000 1.000000
2434.452637 1400.000000 1.000000
2190.623535 1400.000000 1.000000
1635.138672 1400.000000 1.000000
2128.946533 1400.000000 1.000000
1260.770264 1400.000000 1.000000
1524.847046 1400.000000 1.000000
1277.392090 1400.000000 1.000000
1448.859375 1400.000000 1.000000
1651.708252 1400.000000 1.000000
1768.941162 1400.000000 1.000000
1311.181519 1400.000000 1.000000
1436.375244 1400.000000 1.000000
1889.947266 1400.000000 1.000000
2780.022217 1400.000000 1.000000
1370.479126 1400.000000 1.000000
1105.838867 1400.000000 1.000000
1607.120239 1400.000000 1.000000
2066.663330 1400.000000 1.000000
1116.359863 1400.000000 1.000000
1281.786255 1400.000000 1.000000
1527.946045 1400.000000 1.000000
1254.868164 1400.000000 1.000000
2189.257080 1400.000000 1.000000
1344.488281 1400.000000 1.000000
3001.079834 1400.000000 1.000000
1348.592407 1400.000000 1.000000
2763.537354 1400.000000 1.000000
1459.811035 1400.000000 1.000000
1364.479858 1400.000000 1.000000
1833.765015 1400.000000 1.000000
1796.347534 1400.000000 1.000000
1697.470215 1400.000000 1.000000
1393.218628 1400.000000 1.000000
1407.473755 1400.000000 1.000000
2141.819092 1400.000000 1.000000
1732.759399 1400.000000 1.000000
1367.059570 1400.000000 1.000000
1242.015869 1400.000000 1.000000
1513.162720 1400.000000 1.000000
1249.651489 1400.000000 1.000000
1651.130615 1400.000000 1.000000
1570.874878 1400.000000 1.000000
1250.283203 1400.000000 1.000000
1301.468628 1400.000000 1.000000
1408.215454 1400.000000 1.000000
1466.067017 1400.000000 1.000000
2326.996094 1400.000000 1.000000
1081.480713 1400.000000 1.000000
1333.326538 1400.000000 1.000000
1515.826782 1400.000000 1.000000
1489.941650 1400.000000 1.000000
1761.564453 1400.000000 1.000000
1206.659668 1400.000000 1.000000
1505.551025 1400.000000 1.000000
1210.149780 1400.000000 1.000000
1643.154053 1400.000000 1.000000
1177.281494 1400.000000 1.000000
1023.354431 1400.000000 1.000000
1847.807861 1400.000000 1.000000
1468.239746 1400.000000 1.000000
2092.556885 1400.000000 1.000000
1264.223267 1400.000000 1.000000
2373.501709 1400.000000 1.000000
1650.887939 1400.000000 1.000000
1587.432739 1400.000000 1.000000
1675.473022 1400.000000 1.000000
1737.681396 1400.000000 1.000000
1301.600586 1400.000000 1.000000
2909.424316 1400.000000 1.000000
1700.486572 1400.000000 1.000000
2261.532715 1400.000000 1.000000
1276.263794 1400.000000 1.000000
1332.234619 1400.000000 1.000000
3019.261963 1400.000000 1.000000
1443.174805 1400.000000 1.000000
1654.899780 1400.000000 1.000000
1495.461914 1400.000000 1.000000
1421.167603 1400.000000 1.000000
1351.584595 1400.000000 1.000000
1274.559326 1400.000000 1.000000
1338.496948 1400.000000 1.000000
1812.952759 1400.000000 1.000000
1377.113647 1400.000000 1.000000
1554.746826 1400.000000 1.000000
1230.287354 1400.000000 1.000000
1026.254395 1400.000000 1.000000
1744.298950 1400.000000 1.000000
2074.858887 1400.000000 1.000000
1212.147095 1400.000000 1.000000
1363.381836 1400.000000 1.000000
1348.215332 1400.000000 1.000000
1685.904663 1400.000000 1.000000
1062.979736 1400.000000 1.000000
1306.614258 1400.000000 1.000000
1384.204712 1400.000000 1.000000
1761.766113 1400.000000 1.000000
1332.262573 1400.000000 1.000000
1739.459961 1400.000000 1.000000
1383.780518 1400.000000 1.000000
1492.114380 1400.000000 1.000000
1900.629517 1400.000000 1.000000
1518.956421 1400.000000 1.000000
2298.556641 1400.000000 1.000000
1408.122803 1400.000000 1.000000
2380.477783 1400.000000 1.000000
1343.939209 1400.000000 1.000000
1554.741211 1400.000000 1.000000
1456.133911 1400.000000 1.000000
1759.739746 1400.000000 1.000000
1468.976929 1400.000000 1.000000
1517.056885 1400.000000 1.000000
1327.770752 1400.000000 1.000000
727.066956 1400.000000 1.000000
1794.712280 1400.000000 1.000000
1013.863708 1400.000000 1.000000
2322.851318 1400.000000 1.000000
2454.235352 1400.000000 1.000000
1720.491211 1400.000000 1.000000
1671.038696 1400.000000 1.000000
1353.152954 1400.000000 1.000000
1397.545898 1400.000000 1.000000
1986.695312 1400.000000 1.000000
1553.308594 1400.000000 1.000000
1548.812256 1400.000000 1.000000
1307.535889 1400.000000 1.000000
1008.186768 1400.000000 1.000000
1891.087891 1400.000000 1.000000
2034.910645 1400.000000 1.000000
1733.256226 1400.000000 1.000000
1240.012329 1400.000000 1.000000
1740.654419 1400.000000 1.000000
2230.728027 1400.000000 1.000000
1476.080078 1400.000000 1.000000
1326.689453 1400.000000 1.000000
1514.314087 1400.000000 1.000000
1474.144775 1400.000000 1.000000
1516.646118 1400.000000 1.000000
1251.960205 1400.000000 1.000000
1732.605469 1400.000000 1.000000
1839.803711 1400.000000 1.000000
2519.895996 1400.000000 1.000000
1285.319458 1400.000000 1.000000
1769.520752 1400.000000 1.000000
1925.362183 1400.000000 1.000000
2126.374756 1400.000000 1.000000
1760.652710 1400.000000 1.000000
1270.228027 1400.000000 1.000000
1759.452637 1400.000000 1.000000
2497.009277 1400.000000 1.000000
1250.983032 1400.000000 1.000000
1391.746826 1400.000000 1.000000
1306.175659 1400.000000 1.000000
1247.253906 1400.000000 1.000000
2151.514404 1400.000000 1.000000
1617.338379 1400.000000 1.000000
1552.231201 1400.000000 1.000000
1537.483765 1400.000000 1.000000
1403.862305 1400.000000 1.000000
1555.852539 1400.000000 1.000000
1610.995605 1400.000000 1.000000
1480.019165 1400.000000 1.000000
1916.363281 1400.000000 1.000000
1796.845093 1400.000000 1.000000
1162.632935 1400.000000 1.000000
2016.991455 1400.000000 1.000000
1883.588867 1400.000000 1.000000
1664.239258 1400.000000 1.000000
1358.875366 1400.000000 1.000000
1313.837158 1400.000000 1.000000
1580.466553 1400.000000 1.000000
1333.550659 1400.000000 1.000000
1821.744019 1400.000000 1.000000
1161.144775 1400.000000 1.000000
2679.934326 1400.000000 1.000000
1150.367188 1400.000000 1.000000
1373.658081 1400.000000 1.000000
1686.126099 1400.000000 1.000000
1954.955444 1400.000000 1.000000
1752.255371 1400.000000 1.000000
1063.880737 1400.000000 1.000000
2094.438721 1400.000000 1.000000
3035.160889 1400.000000 1.000000
1495.759766 1400.000000 1.000000
1431.522827 1400.000000 1.000000
1382.014038 1400.000000 1.000000
1273.008789 1400.000000 1.000000
1220.612427 1400.000000 1.000000
1424.759155 1400.000000 1.000000
1705.570923 1400.000000 1.000000
1610.544556 1400.000000 1.000000
1739.458008 1400.000000 1.000000
1696.913818 1400.000000 1.000000
1538.151245 1400.000000 1.000000
1714.140991 1400.000000 1.000000
1461.827148 1400.000000 1.000000
612.070129 1400.000000 1.000000
1582.981079 1400.000000 1.000000
1866.039307 1400.000000 1.000000
1361.743774 1400.000000 1.000000
1373.857788 1400.000000 1.000000
2249.139893 1400.000000 1.000000
1469.010864 1400.000000 1.000000
1440.701782 1400.000000 1.000000
1982.786743 1400.000000 1.000000
1336.911743 1400.000000 1.000000
1573.622437 1400.000000 1.000000
3124.416504 1400.000000 1.000000
831.552795 1400.000000 1.000000
1925.142090 1400.000000 1.000000
1468.542725 1400.000000 1.000000
1324.295776 1400.000000 1.000000
1083.964355 1400.000000 1.000000
1380.589355 1400.000000 1.000000
3296.168945 1400.000000 1.000000
1221.632446 1400.000000 1.000000
1293.506104 1400.000000 1.000000
1552.032837 1400.000000 1.000000
1689.344482 1400.000000 1.000000
1330.916626 1400.000000 1.000000
2971.248779 1400.000000 1.000000
1661.925049 1400.000000 1.000000
1416.327026 1400.000000 1.000000
1522.966064 1400.000000 1.000000
1589.049561 1400.000000 1.000000
1822.085327 1400.000000 1.000000
583.580444 1400.000000 1.000000
1041.631104 1400.000000 1.000000
1545.198975 1400.000000 1.000000
1417.665161 1400.000000 1.000000
1501.236328 1400.000000 1.000000
1355.425537 1400.000000 1.000000
1266.222168 1400.000000 1.000000
1240.131226 1400.000000 1.000000
1113.451294 1400.000000 1.000000
1382.101318 1400.000000 1.000000
1997.846558 1400.000000 1.000000
1356.974609 1400.000000 1.000000
1704.373169 1400.000000 1.000000
2626.917725 1400.000000 1.000000
1494.923828 1400.000000 1.000000
1598.914062 1400.000000 1.000000
1056.851562 1400.000000 1.000000
1936.140869 1400.000000 1.000000
1315.229370 1400.000000 1.000000
1397.448486 1400.000000 1.000000
1174.379517 1400.000000 1.000000
2584.266602 1400.000000 1.000000
2145.244385 1400.000000 1.000000
1606.813232 1400.000000 1.000000
2817.895508 1400.000000 1.000000
2047.863403 1400.000000 1.000000
1083.714600 1400.000000 1.000000
1393.816528 1400.000000 1.000000
1428.238770 1400.000000 1.000000
1463.224121 1400.000000 1.000000
1834.002319 1400.000000 1.000000
1660.965210 1400.000000 1.000000
1073.059326 1400.000000 1.000000
3078.695801 1400.000000 1.000000
1812.342285 1400.000000 1.000000
1339.845825 1400.000000 1.000000
1867.577759 1400.000000 1.000000
2204.056641 1400.000000 1.000000
1539.392212 1400.000000 1.000000
1761.206299 1400.000000 1.000000
3057.880859 1400.000000 1.000000
1454.805664 1400.000000 1.000000
1955.581055 1400.000000 1.000000
1229.309570 1400.000000 1.000000
1450.449219 1400.000000 1.000000
1776.778809 1400.000000 1.000000
1909.229858 1400.000000 1.000000
1157.514893 1400.000000 1.000000
1746.516113 1400.000000 1.000000
1221.869995 1400.000000 1.000000
1153.565063 1400.000000 1.000000
1486.328125 1400.000000 1.000000
1255.545166 1400.000000 1.000000
1524.643921 1400.000000 1.000000
1292.944824 1400.000000 1.000000
1544.704468 1400.000000 1.000000
1847.049194 1400.000000 1.000000
1586.519775 1400.000000 1.000000
1356.195190 1400.000000 1.000000
1335.784302 1400.000000 1.000000
1612.272217 1400.000000 1.000000
1783.056885 1400.000000 1.000000
1804.508667 1400.000000 1.000000
1146.958862 1400.000000 1.000000
1406.940552 1400.000000 1.000000
1101.555786 1400.000000 1.000000
1122.335938 1400.000000 1.000000
1431.219971 1400.000000 1.000000
1805.360840 1400.000000 1.000000
1115.760132 1400.000000 1.000000
1669.163940 1400.000000 1.000000
1175.516235 1400.000000 1.000000
1590.588135 1400.000000 1.000000
1325.733521 1400.000000 1.000000
1020.078064 1400.000000 1.000000
1645.042358 1400.000000 1.000000
1939.478271 1400.000000 1.000000
1349.010742 1400.000000 1.000000
1590.469604 1400.000000 1.000000
3001.358398 1400.000000 1.000000
1570.205688 1400.000000 1.000000
1351.849487 1400.000000 1.000000
2792.244385 1400.000000 1.000000
1119.015015 1400.000000 1.000000
1634.003296 1400.000000 1.000000
6413.663574 1400.000000 1.000000
1488.906372 1400.000000 1.000000
2112.244385 1400.000000 1.000000
1888.530029 1400.000000 1.000000
1295.471069 1400.000000 1.000000
1471.173584 1400.000000 1.000000
1647.241699 1400.000000 1.000000
1593.780396 1400.000000 1.000000
1683.677856 1400.000000 1.000000
1654.487671 1400.000000 1.000000
2628.635986 1400.000000 1.000000
1691.124634 1400.000000 1.000000
1198.442749 1400.000000 1.000000
1901.664551 1400.000000 1.000000
1491.308472 1400.000000 1.000000
1097.170654 1400.000000 1.000000
1726.064453 1400.000000 1.000000
1613.564209 1400.000000 1.000000
1275.390015 1400.000000 1.000000
1667.637573 1400.000000 1.000000
1157.374146 1400.000000 1.000000
1311.623779 1400.000000 1.000000
1673.012573 1400.000000 1.000000
1757.365356 1400.000000 1.000000
1745.542603 1400.000000 1.000000
844.360046 1400.000000 1.000000
1343.049194 1400.000000 1.000000
1237.906494 1400.000000 1.000000
1082.363159 1400.000000 1.000000
1264.486694 1400.000000 1.000000
2176.323486 1400.000000 1.000000
1605.579590 1400.000000 1.000000
1760.950195 1400.000000 1.000000
1771.328125 1400.000000 1.000000
1490.979248 1400.000000 1.000000
1388.014282 1400.000000 1.000000
1106.646240 1400.000000 1.000000
694.633240 1400.000000 1.000000
1486.311035 1400.000000 1.000000
2036.330811 1400.000000 1.000000
2107.705811 1400.000000 1.000000
4998.708745 1400.000000 0.000000
814.549377 1400.000000 0.000000
1413.089026 1400.000000 0.000000
4736.005410 1400.000000 0.000000
1158.282714 1400.000000 0.000000
2424.868072 1400.000000 0.000000
4787.384783 1400.000000 0.000000
3721.526716 1400.000000 0.000000
2700.218292 1400.000000 0.000000
3699.764907 1400.000000 0.000000
3799.718991 1400.000000 0.000000
3293.183072 1400.000000 0.000000
1578.188108 1400.000000 0.000000
4022.015074 1400.000000 0.000000
2598.360576 1400.000000 0.000000
842.862109 1400.000000 0.000000
2377.648652 1400.000000 0.000000
1961.569970 1400.000000 0.000000
1108.338436 1400.000000 0.000000
1065.952295 1400.000000 0.000000
151.676021 1400.000000 0.000000
1667.696249 1400.000000 0.000000
970.744253 1400.000000 0.000000
4718.583904 1400.000000 0.000000
2899.658375 1400.000000 0.000000
4491.524289 1400.000000 0.000000
3327.819657 1400.000000 0.000000
2493.051549 1400.000000 0.000000
2803.141286 1400.000000 0.000000
911.423228 1400.000000 0.000000
1482.627654 1400.000000 0.000000
587.044667 1400.000000 0.000000
314.588329 1400.000000 0.000000
3240.627873 1400.000000 0.000000
3627.092643 1400.000000 0.000000
3185.655791 1400.000000 0.000000
3569.425312 1400.000000 0.000000
497.881216 1400.000000 0.000000
3496.335981 1400.000000 0.000000
539.062349 1400.000000 0.000000
646.213756 1400.000000 0.000000
2512.015193 1400.000000 0.000000
1038.899532 1400.000000 0.000000
1444.551529 1400.000000 0.000000
415.873972 1400.000000 0.000000
640.621077 1400.000000 0.000000
2736.857055 1400.000000 0.000000
411.597998 1400.000000 0.000000
1460.707133 1400.000000 0.000000
4458.118685 1400.000000 0.000000
1135.589195 1400.000000 0.000000
2159.227313 1400.000000 0.000000
703.665004 1400.000000 0.000000
2001.960675 1400.000000 0.000000
3434.734505 1400.000000 0.000000
853.354553 1400.000000 0.000000
2204.104338 1400.000000 0.000000
226.682825 1400.000000 0.000000
1556.482069 1400.000000 0.000000
2530.905257 1400.000000 0.000000
912.054200 1400.000000 0.000000
2555.160077 1400.000000 0.000000
3703.941026 1400.000000 0.000000
1829.943134 1400.000000 0.000000
804.044184 1400.000000 0.000000
2300.533926 1400.000000 0.000000
3139.182358 1400.000000 0.000000
3388.018440 1400.000000 0.000000
3490.982613 1400.000000 0.000000
2392.684339 1400.000000 0.000000
450.537971 1400.000000 0.000000
1693.642609 1400.000000 0.000000
476.068984 1400.000000 0.000000
2182.709819 1400.000000 0.000000
2373.366762 1400.000000 0.000000
2096.229632 1400.000000 0.000000
3887.684260 1400.000000 0.000000
3123.052823 1400.000000 0.000000
4902.182749 1400.000000 0.000000
1852.151006 1400.000000 0.000000
4154.063181 1400.000000 0.000000
704.032237 1400.000000 0.000000
3720.426537 1400.000000 0.000000
4148.698399 1400.000000 0.000000
1955.521592 1400.000000 0.000000
3109.781960 1400.000000 0.000000
1733.497388 1400.000000 0.000000
230.847623 1400.000000 0.000000
3065.331607 1400.000000 0.000000
2836.870240 1400.000000 0.000000
2494.470129 1400.000000 0.000000
3619.010394 1400.000000 0.000000
722.752624 1400.000000 0.000000
211.515817 1400.000000 0.000000
1553.935113 1400.000000 0.000000
608.205769 1400.000000 0.000000
1210.348355 1400.000000 0.000000
1905.294277 1400.000000 0.000000
2200.642686 1400.000000 0.000000
2998.979508 1400.000000 0.000000
3222.873270 1400.000000 0.000000
2163.131083 1400.000000 0.000000
2779.841310 1400.000000 0.000000
3584.205840 1400.000000 0.000000
3211.812574 1400.000000 0.000000
3428.883627 1400.000000 0.000000
480.790731 1400.000000 0.000000
614.667318 1400.000000 0.000000
284.987076 1400.000000 0.000000
4100.360222 1400.000000 0.000000
627.696429 1400.000000 0.000000
1578.725354 1400.000000 0.000000
902.834624 1400.000000 0.000000
711.136097 1400.000000 0.000000
3322.148066 1400.000000 0.000000
3425.946115 1400.000000 0.000000
955.009663 1400.000000 0.000000
2181.715093 1400.000000 0.000000
4822.296123 1400.000000 0.000000
4340.817952 1400.000000 0.000000
654.399827 1400.000000 0.000000
2422.211398 1400.000000 0.000000
1873.272256 1400.000000 0.000000
4502.375611 1400.000000 0.000000
893.283935 1400.000000 0.000000
3398.175653 1400.000000 0.000000
3114.371550 1400.000000 0.000000
4918.279748 1400.000000 0.000000
2203.573899 1400.000000 0.000000
4023.686387 1400.000000 0.000000
4974.225304 1400.000000 0.000000
2707.754807 1400.000000 0.000000
1279.527277 1400.000000 0.000000
3194.728177 1400.000000 0.000000
2879.551352 1400.000000 0.000000
1293.607098 1400.000000 0.000000
957.965006 1400.000000 0.000000
2228.315234 1400.000000 0.000000
746.332547 1400.000000 0.000000
4983.618446 1400.000000 0.000000
608.811111 1400.000000 0.000000
3257.696398 1400.000000 0.000000
138.975489 1400.000000 0.000000
1949.888011 1400.000000 0.000000
4139.565220 1400.000000 0.000000
1419.069536 1400.000000 0.000000
3051.018218 1400.000000 0.000000
1182.063748 1400.000000 0.000000
2054.105251 1400.000000 0.000000
3388.573083 1400.000000 0.000000
4235.632941 1400.000000 0.000000
3246.281139 1400.000000 0.000000
406.913256 1400.000000 0.000000
604.152418 1400.000000 0.000000
2395.996321 1400.000000 0.000000
3889.391788 1400.000000 0.000000
2359.888505 1400.000000 0.000000
4716.687554 1400.000000 0.000000
4904.004962 1400.000000 0.000000
1672.773653 1400.000000 0.000000
1013.339619 1400.000000 0.000000
1714.206170 1400.000000 0.000000
3267.721222 1400.000000 0.000000
3413.793984 1400.000000 0.000000
3049.680699 1400.000000 0.000000
499.635515 1400.000000 0.000000
3831.274905 1400.000000 0.000000
3677.907641 1400.000000 0.000000
1205.695700 1400.000000 0.000000
1315.893556 1400.000000 0.000000
4804.349493 1400.000000 0.000000
2116.978683 1400.000000 0.000000
1680.290729 1400.000000 0.000000
1.247489 1400.000000 0.000000
4344.205083 1400.000000 0.000000
18.765752 1400.000000 0.000000
829.231553 1400.000000 0.000000
59.104206 1400.000000 0.000000
3032.275368 1400.000000 0.000000
3649.860095 1400.000000 0.000000
3069.122785 1400.000000 0.000000
4828.840921 1400.000000 0.000000
2485.491306 1400.000000 0.000000
2649.427014 1400.000000 0.000000
2308.037659 1400.000000 0.000000
3565.168503 1400.000000 0.000000
2899.798838 1400.000000 0.000000
3414.012777 1400.000000 0.000000
4769.607570 1400.000000 0.000000
118.276018 1400.000000 0.000000
1400.550734 1400.000000 0.000000
4347.631767 1400.000000 0.000000
1496.666369 1400.000000 0.000000
1597.768017 1400.000000 0.000000
1504.758544 1400.000000 0.000000
4705.557432 1400.000000 0.000000
4240.635319 1400.000000 0.000000
3766.730647 1400.000000 0.000000
2691.220436 1400.000000 0.000000
2042.406907 1400.000000 0.000000
1061.856580 1400.000000 0.000000
380.702011 1400.000000 0.000000
1449.674541 1400.000000 0.000000
98.909169 1400.000000 0.000000
1206.239497 1400.000000 0.000000
1923.095824 1400.000000 0.000000
2274.534432 1400.000000 0.000000
1869.912605 1400.000000 0.000000
2200.943980 1400.000000 0.000000
589.484039 1400.000000 0.000000
4027.149223 1400.000000 0.000000
824.463207 1400.000000 0.000000
1412.649682 1400.000000 0.000000
863.426997 1400.000000 0.000000
4679.211648 1400.000000 0.000000
3404.765298 1400.000000 0.000000
668.483694 1400.000000 0.000000
1273.806114 1400.000000 0.000000
1997.224380 1400.000000 0.000000
1846.176825 1400.000000 0.000000
3631.809459 1400.000000 0.000000
1389.187297 1400.000000 0.000000
3467.845520 1400.000000 0.000000
2501.773444 1400.000000 0.000000
592.027691 1400.000000 0.000000
756.516675 1400.000000 0.000000
3407.234714 1400.000000 0.000000
3603.329592 1400.000000 0.000000
4898.234695 1400.000000 0.000000
3483.895556 1400.000000 0.000000
2786.050362 1400.000000 0.000000
3404.107409 1400.000000 0.000000
4776.760249 1400.000000 0.000000
2991.044782 1400.000000 0.000000
3852.269476 1400.000000 0.000000
4567.987428 1400.000000 0.000000
3294.793246 1400.000000 0.000000
3354.873067 1400.000000 0.000000
2890.925877 1400.000000 0.000000
4765.196451 1400.000000 0.000000
814.617290 1400.000000 0.000000
1675.284930 1400.000000 0.000000
4759.123520 1400.000000 0.000000
548.308218 1400.000000 0.000000
3096.511515 1400.000000 0.000000
4784.083712 1400.000000 0.000000
4926.215471 1400.000000 0.000000
353.688744 1400.000000 0.000000
2511.651950 1400.000000 0.000000
3403.606130 1400.000000 0.000000
2766.600328 1400.000000 0.000000
2935.027907 1400.000000 0.000000
3458.102808 1400.000000 0.000000
2313.239549 1400.000000 0.000000
2871.271468 1400.000000 0.000000
364.450440 1400.000000 0.000000
3191.332591 1400.000000 0.000000
1938.786441 1400.000000 0.000000
1104.801086 1400.000000 0.000000
11.159012 1400.000000 0.000000
2478.283877 1400.000000 0.000000
956.582616 1400.000000 0.000000
111.325040 1400.000000 0.000000
4517.945104 1400.000000 0.000000
3693.140877 1400.000000 0.000000
2222.654449 1400.000000 0.000000
2088.511216 1400.000000 0.000000
3804.305611 1400.000000 0.000000
2188.766111 1400.000000 0.000000
954.914307 1400.000000 0.000000
2885.564812 1400.000000 0.000000
663.441715 1400.000000 0.000000
1589.121735 1400.000000 0.000000
2434.582451 1400.000000 0.000000
4695.455346 1400.000000 0.000000
4669.731404 1400.000000 0.000000
368.300675 1400.000000 0.000000
3062.181476 1400.000000 0.000000
2573.743622 1400.000000 0.000000
3123.317908 1400.000000 0.000000
653.226310 1400.000000 0.000000
3226.052204 1400.000000 0.000000
670.742752 1400.000000 0.000000
3264.629840 1400.000000 0.000000
1326.050046 1400.000000 0.000000
1909.026343 1400.000000 0.000000
2951.075302 1400.000000 0.000000
3348.520411 1400.000000 0.000000
2771.662400 1400.000000 0.000000
97.523801 1400.000000 0.000000
921.734812 1400.000000 0.000000
4955.902311 1400.000000 0.000000
2868.388819 1400.000000 0.000000
3188.810427 1400.000000 0.000000
2974.287989 1400.000000 0.000000
2576.223441 1400.000000 0.000000
1653.467546 1400.000000 0.000000
1983.712248 1400.000000 0.000000
4419.827402 1400.000000 0.000000
3857.426330 1400.000000 0.000000
2995.376904 1400.000000 0.000000
123.633149 1400.000000 0.000000
61.293948 1400.000000 0.000000
3492.261597 1400.000000 0.000000
1329.955045 1400.000000 0.000000
3683.503607 1400.000000 0.000000
4999.863094 1400.000000 0.000000
3748.961578 1400.000000 0.000000
2424.777945 1400.000000 0.000000
4118.502643 1400.000000 0.000000
3113.885449 1400.000000 0.000000
4512.560470 1400.000000 0.000000
282.525644 1400.000000 0.000000
3695.386946 1400.000000 0.000000
1880.881099 1400.000000 0.000000
184.003825 1400.000000 0.000000
3880.991093 1400.000000 0.000000
4186.770931 1400.000000 0.000000
1725.409651 1400.000000 0.000000
409.213238 1400.000000 0.000000
1113.107724 1400.000000 0.000000
762.381593 1400.000000 0.000000
2005.885977 1400.000000 0.000000
2658.063041 1400.000000 0.000000
4058.533009 1400.000000 0.000000
203.887831 1400.000000 0.000000
589.445041 1400.000000 0.000000
2875.949827 1400.000000 0.000000
4161.811038 1400.000000 0.000000
1023.209264 1400.000000 0.000000
1193.608865 1400.000000 0.000000
4984.643498 1400.000000 0.000000
1292.952978 1400.000000 0.000000
4460.279838 1400.000000 0.000000
4234.298941 1400.000000 0.000000
1532.918531 1400.000000 0.000000
166.812459 1400.000000 0.000000
3532.102492 1400.000000 0.000000
968.078041 1400.000000 0.000000
2544.890688 1400.000000 0.000000
107.725734 1400.000000 0.000000
3363.663966 1400.000000 0.000000
4067.812222 1400.000000 0.000000
4036.420260 1400.000000 0.000000
2407.634216 1400.000000 0.000000
2687.595476 1400.000000 0.000000
3904.243031 1400.000000 0.000000
1679.244541 1400.000000 0.000000
3496.296856 1400.000000 0.000000
2129.276497 1400.000000 0.000000
4126.203316 1400.000000 0.000000
4728.068459 1400.000000 0.000000
2774.206251 1400.000000 0.000000
3552.475942 1400.000000 0.000000
1891.801829 1400.000000 0.000000
3241.693653 1400.000000 0.000000
228.363584 1400.000000 0.000000
777.386617 1400.000000 0.000000
4426.769838 1400.000000 0.000000
3607.828623 1400.000000 0.000000
4808.336007 1400.000000 0.000000
2151.504426 1400.000000 0.000000
660.156769 1400.000000 0.000000
2196.656044 1400.000000 0.000000
2335.938681 1400.000000 0.000000
2050.416083 1400.000000 0.000000
1385.983555 1400.000000 0.000000
1392.547796 1400.000000 0.000000
4773.104029 1400.000000 0.000000
4021.787457 1400.000000 0.000000
4842.552331 1400.000000 0.000000
4998.613957 1400.000000 0.000000
4735.801416 1400.000000 0.000000
1242.755688 1400.000000 0.000000
33.524930 1400.000000 0.000000
2223.636576 1400.000000 0.000000
3370.243891 1400.000000 0.000000
2482.401804 1400.000000 0.000000
105.046250 1400.000000 0.000000
4158.816109 1400.000000 0.000000
542.729261 1400.000000 0.000000
465.758197 1400.000000 0.000000
4451.028202 1400.000000 0.000000
2229.726053 1400.000000 0.000000
4534.533842 1400.000000 0.000000
2770.199105 1400.000000 0.000000
3797.171747 1400.000000 0.000000
4077.756919 1400.000000 0.000000
2664.842514 1400.000000 0.000000
275.675731 1400.000000 0.000000
269.928271 1400.000000 0.000000
4495.940951 1400.000000 0.000000
734.536869 1400.000000 0.000000
2413.236571 1400.000000 0.000000
336.514905 1400.000000 0.000000
1405.809323 1400.000000 0.000000
4664.245826 1400.000000 0.000000
2536.589665 1400.000000 0.000000
2822.515072 1400.000000 0.000000
4003.566001 1400.000000 0.000000
3229.437494 1400.000000 0.000000
1546.097489 1400.000000 0.000000
239.033033 1400.000000 0.000000
1259.829149 1400.000000 0.000000
3569.405711 1400.000000 0.000000
3354.970086 1400.000000 0.000000
3026.428799 1400.000000 0.000000
741.359496 1400.000000 0.000000
3976.251748 1400.000000 0.000000
3326.386766 1400.000000 0.000000
4271.510214 1400.000000 0.000000
4052.668384 1400.000000 0.000000
355.719919 1400.000000 0.000000
343.967839 1400.000000 0.000000
4452.332866 1400.000000 0.000000
3790.229784 1400.000000 0.000000
351.552936 1400.000000 0.000000
4260.472390 1400.000000 0.000000
3876.784508 1400.000000 0.000000
3424.476013 1400.000000 0.000000
1172.763936 1400.000000 0.000000
2307.878472 1400.000000 0.000000
4682.177287 1400.000000 0.000000
3324.732095 1400.000000 0.000000
2298.397949 1400.000000 0.000000
4439.117552 1400.000000 0.000000
2873.111303 1400.000000 0.000000
150.843117 1400.000000 0.000000
3836.773604 1400.000000 0.000000
1727.392776 1400.000000 0.000000
3045.615717 1400.000000 0.000000
1087.714352 1400.000000 0.000000
3218.802804 1400.000000 0.000000
2856.963243 1400.000000 0.000000
4011.555244 1400.000000 0.000000
4811.677736 1400.000000 0.000000
2008.849279 1400.000000 0.000000
4982.767090 1400.000000 0.000000
3729.729058 1400.000000 0.000000
2242.055917 1400.000000 0.000000
1978.921402 1400.000000 0.000000
616.949630 1400.000000 0.000000
2663.074564 1400.000000 0.000000
4166.898011 1400.000000 0.000000
4588.365648 1400.000000 0.000000
4128.037833 1400.000000 0.000000
2229.576998 1400.000000 0.000000
1335.681006 1400.000000 0.000000
3321.994498 1400.000000 0.000000
3834.303471 1400.000000 0.000000
3329.841375 1400.000000 0.000000
2519.775525 1400.000000 0.000000
4175.768509 1400.000000 0.000000
3112.026893 1400.000000 0.000000
2287.694591 1400.000000 0.000000
2774.916389 1400.000000 0.000000
1829.068550 1400.000000 0.000000
3281.511156 1400.000000 0.000000
4585.193347 1400.000000 0.000000
1380.272957 1400.000000 0.000000
606.072207 1400.000000 0.000000
4830.891270 1400.000000 0.000000
3487.195042 1400.000000 0.000000
2217.738947 1400.000000 0.000000
3150.979121 1400.000000 0.000000
1841.733374 1400.000000 0.000000
1190.959781 1400.000000 0.000000
1501.369103 1400.000000 0.000000
3551.660859 1400.000000 0.000000
237.374190 1400.000000 0.000000
2462.627217 1400.000000 0.000000
406.269899 1400.000000 0.000000
610.083910 1400.000000 0.000000
4965.510900 1400.000000 0.000000
1775.455136 1400.000000 0.000000
3824.318653 1400.000000 0.000000
4520.497714 1400.000000 0.000000
1980.548063 1400.000000 0.000000
4085.674281 1400.000000 0.000000
1744.871108 1400.000000 0.000000
1330.968168 1400.000000 0.000000
1837.509788 1400.000000 0.000000
3761.581066 1400.000000 0.000000
2939.000119 1400.000000 0.000000
2447.105474 1400.000000 0.000000
3367.370304 1400.000000 0.000000
1641.480696 1400.000000 0.000000
4269.729196 1400.000000 0.000000
4161.903682 1400.000000 0.000000
797.943432 1400.000000 0.000000
1612.055108 1400.000000 0.000000
4750.868536 1400.000000 0.000000
476.883560 1400.000000 0.000000
1155.099276 1400.000000 0.000000
4303.038762 1400.000000 0.000000
1798.135961 1400.000000 0.000000
4924.218495 1400.000000 0.000000
159.878340 1400.000000 0.000000
4143.249572 1400.000000 0.000000
2584.047448 1400.000000 0.000000
2447.039618 1400.000000 0.000000
4819.886490 1400.000000 0.000000
4800.658695 1400.000000 0.000000
3409.083955 1400.000000 0.000000
4303.940844 1400.000000 0.000000
2279.146408 1400.000000 0.000000
1661.953279 1400.000000 0.000000
295.749021 1400.000000 0.000000
2261.229884 1400.000000 0.000000
1086.771080 1400.000000 0.000000
1728.037200 1400.000000 0.000000
2749.859967 1400.000000 0.000000
1588.111258 1400.000000 0.000000
4464.882213 1400.000000 0.000000
2450.227252 1400.000000 0.000000
1282.395048 1400.000000 0.000000
4844.993191 1400.000000 0.000000
4553.182324 1400.000000 0.000000
1133.587989 1400.000000 0.000000
1639.142861 1400.000000 0.000000
1433.510450 1400.000000 0.000000
712.575272 1400.000000 0.000000
496.408696 1400.000000 0.000000
961.662045 1400.000000 0.000000
1541.884346 1400.000000 0.000000
4357.079795 1400.000000 0.000000
1955.743929 1400.000000 0.000000
3943.304410 1400.000000 0.000000
1004.080203 1400.000000 0.000000
4932.379795 1400.000000 0.000000
4414.310629 1400.000000 0.000000
549.312255 1400.000000 0.000000
1771.416275 1400.000000 0.000000
2778.713410 1400.000000 0.000000
3453.492289 1400.000000 0.000000
3219.078761 1400.000000 0.000000
1815.521425 1400.000000 0.000000
394.313555 1400.000000 0.000000
1004.102069 1400.000000 0.000000
3584.867651 1400.000000 0.000000
3721.768729 1400.000000 0.000000
3838.182151 1400.000000 0.000000
1227.212253 1400.000000 0.000000
3340.045596 1400.000000 0.000000
4434.946886 1400.000000 0.000000
1834.249654 1400.000000 0.000000
2657.783140 1400.000000 0.000000
2514.219894 1400.000000 0.000000
1572.718348 1400.000000 0.000000
3112.706821 1400.000000 0.000000
99.519291 1400.000000 0.000000
3381.775672 1400.000000 0.000000
2149.093108 1400.000000 0.000000
1164.176059 1400.000000 0.000000
4938.097285 1400.000000 0.000000
1532.860677 1400.000000 0.000000
2473.185188 1400.000000 0.000000
3743.074466 1400.000000 0.000000
4459.217804 1400.000000 0.000000
226.427480 1400.000000 0.000000
2137.805360 1400.000000 0.000000
1134.892212 1400.000000 0.000000
2420.364926 1400.000000 0.000000
823.228150 1400.000000 0.000000
449.037441 1400.000000 0.000000
1921.318687 1400.000000 0.000000
119.177361 1400.000000 0.000000
1648.672734 1400.000000 0.000000
2656.153679 1400.000000 0.000000
2383.416804 1400.000000 0.000000
4387.412368 1400.000000 0.000000
2277.508138 1400.000000 0.000000
2486.512475 1400.000000 0.000000
1980.921503 1400.000000 0.000000
4430.623640 1400.000000 0.000000
3680.350460 1400.000000 0.000000
544.587976 1400.000000 0.000000
1989.609511 1400.000000 0.000000
4212.875105 1400.000000 0.000000
4131.001600 1400.000000 0.000000
4683.275827 1400.000000 0.000000
1227.948051 1400.000000 0.000000
3198.443082 1400.000000 0.000000
2466.675155 1400.000000 0.000000
367.247534 1400.000000 0.000000
3900.690506 1400.000000 0.000000
210.560616 1400.000000 0.000000
3505.582383 1400.000000 0.000000
4702.616334 1400.000000 0.000000
3502.740852 1400.000000 0.000000
3883.801359 1400.000000 0.000000
963.712904 1400.000000 0.000000
34.626344 1400.000000 0.000000
4214.918128 1400.000000 0.000000
4596.620882 1400.000000 0.000000
1210.416344 1400.000000 0.000000
950.503370 1400.000000 0.000000
3675.423195 1400.000000 0.000000
822.611594 1400.000000 0.000000
4951.532250 1400.000000 0.000000
4914.239699 1400.000000 0.000000
3285.847694 1400.000000 0.000000
93.868221 1400.000000 0.000000
3797.982412 1400.000000 0.000000
1787.838053 1400.000000 0.000000
2545.081719 1400.000000 0.000000
3694.498405 1400.000000 0.000000
2839.615818 1400.000000 0.000000
1445.283170 1400.000000 0.000000
2075.085702 1400.000000 0.000000
4905.272806 1400.000000 0.000000
1829.422395 1400.000000 0.000000
2589.391307 1400.000000 0.000000
4221.045109 1400.000000 0.000000
4840.613264 1400.000000 0.000000
1294.472642 1400.000000 0.000000
2391.552204 1400.000000 0.000000
2186.704932 1400.000000 0.000000
1896.990003 1400.000000 0.000000
1015.409419 1400.000000 0.000000
2754.103742 1400.000000 0.000000
1277.713613 1400.000000 0.000000
2750.490153 1400.000000 0.000000
4352.389695 1400.000000 0.000000
1206.151068 1400.000000 0.000000
785.541188 1400.000000 0.000000
1091.304137 1400.000000 0.000000
581.388687 1400.000000 0.000000
3745.091377 1400.000000 0.000000
791.453293 1400.000000 0.000000
2381.769533 1400.000000 0.000000
2726.636617 1400.000000 0.000000
4394.890607 1400.000000 0.000000
85.721085 1400.000000 0.000000
2714.909937 1400.000000 0.000000
1590.090408 1400.000000 0.000000
3944.026714 1400.000000 0.000000
4358.606871 1400.000000 0.000000
3692.452047 1400.000000 0.000000
461.665073 1400.000000 0.000000
1506.993215 1400.000000 0.000000
3185.516432 1400.000000 0.000000
2857.821357 1400.000000 0.000000
3564.051710 1400.000000 0.000000
3221.446211 1400.000000 0.000000
1152.380039 1400.000000 0.000000
4858.477932 1400.000000 0.000000
4830.797141 1400.000000 0.000000
1459.419543 1400.000000 0.000000
876.429089 1400.000000 0.000000
1564.412761 1400.000000 0.000000
4923.256399 1400.000000 0.000000
2841.956771 1400.000000 0.000000
4222.342819 1400.000000 0.000000
722.169540 1400.000000 0.000000
2299.703048 1400.000000 0.000000
3039.489526 1400.000000 0.000000
920.613526 1400.000000 0.000000
1714.027465 1400.000000 0.000000
3032.164988 1400.000000 0.000000
4190.982927 1400.000000 0.000000
930.942589 1400.000000 0.000000
151.372345 1400.000000 0.000000
1536.959289 1400.000000 0.000000
626.430145 1400.000000 0.000000
1351.974824 1400.000000 0.000000
4370.807403 1400.000000 0.000000
1852.547787 1400.000000 0.000000
4471.166850 1400.000000 0.000000
2039.978369 1400.000000 0.000000
4409.392343 1400.000000 0.000000
3239.756192 1400.000000 0.000000
1184.933637 1400.000000 0.000000
2644.036679 1400.000000 0.000000
1468.657712 1400.000000 0.000000
471.602126 1400.000000 0.000000
4672.693129 1400.000000 0.000000
608.396662 1400.000000 0.000000
1748.408802 1400.000000 0.000000
335.134289 1400.000000 0.000000
3210.983846 1400.000000 0.000000
3462.235688 1400.000000 0.000000
1674.633666 1400.000000 0.000000
1871.220968 1400.000000 0.000000
1569.425256 1400.000000 0.000000
2693.691473 1400.000000 0.000000
492.962615 1400.000000 0.000000
2452.571127 1400.000000 0.000000
1643.678352 1400.000000 0.000000
3548.628968 1400.000000 0.000000
4408.490148 1400.000000 0.000000
1965.002405 1400.000000 0.000000
4271.216365 1400.000000 0.000000
2318.882965 1400.000000 0.000000
2635.281949 1400.000000 0.000000
2466.549462 1400.000000 0.000000
1338.921681 1400.000000 0.000000
2915.387381 1400.000000 0.000000
286.757083 1400.000000 0.000000
4796.681842 1400.000000 0.000000
3857.085867 1400.000000 0.000000
213.592316 1400.000000 0.000000
2492.166844 1400.000000 0.000000
261.471351 1400.000000 0.000000
2807.757248 1400.000000 0.000000
4801.809547 1400.000000 0.000000
3099.086570 1400.000000 0.000000
2643.141841 1400.000000 0.000000
3491.175893 1400.000000 0.000000
930.810208 1400.000000 0.000000
2769.990838 1400.000000 0.000000
3330.601458 1400.000000 0.000000
763.655243 1400.000000 0.000000
4743.750787 1400.000000 0.000000
934.128945 1400.000000 0.000000
2902.563320 1400.000000 0.000000
4255.122208 1400.000000 0.000000
534.329218 1400.000000 0.000000
3379.308684 1400.000000 0.000000
3980.226200 1400.000000 0.000000
3288.230515 1400.000000 0.000000
46.747619 1400.000000 0.000000
1031.337939 1400.000000 0.000000
3182.101840 1400.000000 0.000000
191.282302 1400.000000 0.000000
3388.551251 1400.000000 0.000000
3389.589627 1400.000000 0.000000
3358.421343 1400.000000 0.000000
1981.588580 1400.000000 0.000000
3307.985237 1400.000000 0.000000
3166.801917 1400.000000 0.000000
4810.621194 1400.000000 0.000000
4963.557089 1400.000000 0.000000
496.724132 1400.000000 0.000000
339.466371 1400.000000 0.000000
2130.065758 1400.000000 0.000000
4735.227511 1400.000000 0.000000
3541.630047 1400.000000 0.000000
2334.089231 1400.000000 0.000000
224.181443 1400.000000 0.000000
3742.904608 1400.000000 0.000000
3391.853472 1400.000000 0.000000
1054.606716 1400.000000 0.000000
1992.451531 1400.000000 0.000000
4768.377923 1400.000000 0.000000
144.511424 1400.000000 0.000000
4678.832847 1400.000000 0.000000
4234.652368 1400.000000 0.000000
3313.800879 1400.000000 0.000000
4339.554517 1400.000000 0.000000
3261.796618 1400.000000 0.000000
2264.024701 1400.000000 0.000000
1526.144912 1400.000000 0.000000
1760.174935 1400.000000 0.000000
1398.217011 1400.000000 0.000000
1180.227970 1400.000000 0.000000
135.017304 1400.000000 0.000000
3260.311943 1400.000000 0.000000
3560.001133 1400.000000 0.000000
3099.654334 1400.000000 0.000000
627.195388 1400.000000 0.000000
2263.949817 1400.000000 0.000000
4611.657548 1400.000000 0.000000
604.221796 1400.000000 0.000000
2019.044873 1400.000000 0.000000
1301.452230 1400.000000 0.000000
3894.218192 1400.000000 0.000000
3339.205998 1400.000000 0.000000
133.947186 1400.000000 0.000000
2456.661504 1400.000000 0.000000
4575.304438 1400.000000 0.000000
3520.126733 1400.000000 0.000000
3141.004265 1400.000000 0.000000
2891.692333 1400.000000 0.000000
3145.782078 1400.000000 0.000000
3652.053245 1400.000000 0.000000
3206.591670 1400.000000 0.000000
2318.546673 1400.000000 0.000000
3071.456196 1400.000000 0.000000
1272.353278 1400.000000 0.000000
4043.413459 1400.000000 0.000000
1144.918652 1400.000000 0.000000
2252.389981 1400.000000 0.000000
4371.175709 1400.000000 0.000000
1013.869529 1400.000000 0.000000
2618.555961 1400.000000 0.000000
632.591329 1400.000000 0.000000
2897.014495 1400.000000 0.000000
1309.423352 1400.000000 0.000000
1038.845285 1400.000000 0.000000
2764.190801 1400.000000 0.000000
4256.976820 1400.000000 0.000000
2567.972187 1400.000000 0.000000
2791.299223 1400.000000 0.000000
3330.742677 1400.000000 0.000000
4994.873285 1400.000000 0.000000
891.370372 1400.000000 0.000000
583.698179 1400.000000 0.000000
342.127716 1400.000000 0.000000
3113.566887 1400.000000 0.000000
1572.414752 1400.000000 0.000000
4449.139666 1400.000000 0.000000
4032.388300 1400.000000 0.000000
2149.584745 1400.000000 0.000000
2623.477288 1400.000000 0.000000
2263.377651 1400.000000 0.000000
3153.715607 1400.000000 0.000000
2832.972427 1400.000000 0.000000
4794.303316 1400.000000 0.000000
4540.261432 1400.000000 0.000000
3504.491311 1400.000000 0.000000
1885.126921 1400.000000 0.000000
3418.981129 1400.000000 0.000000
990.442311 1400.000000 0.000000
3087.003496 1400.000000 0.000000
2068.630792 1400.000000 0.000000
4117.942083 1400.000000 0.000000
3777.889740 1400.000000 0.000000
3515.486586 1400.000000 0.000000
1821.471389 1400.000000 0.000000
4098.934931 1400.000000 0.000000
3757.908817 1400.000000 0.000000
243.847545 1400.000000 0.000000
2642.845016 1400.000000 0.000000
3083.740962 1400.000000 0.000000
1354.714155 1400.000000 0.000000
4004.208733 1400.000000 0.000000
1175.871113 1400.000000 0.000000
4518.932762 1400.000000 0.000000
1294.007846 1400.000000 0.000000
956.682062 1400.000000 0.000000
62.051710 1400.000000 0.000000
4267.069991 1400.000000 0.000000
3105.043558 1400.000000 0.000000
4279.309656 1400.000000 0.000000
700.531005 1400.000000 0.000000
4363.439820 1400.000000 0.000000
3544.198677 1400.000000 0.000000
463.204946 1400.000000 0.000000
103.752097 1400.000000 0.000000
3913.182592 1400.000000 0.000000
150.412618 1400.000000 0.000000
2523.053160 1400.000000 0.000000
408.110891 1400.000000 0.000000
3867.468724 1400.000000 0.000000
4362.886408 1400.000000 0.000000
4400.156240 1400.000000 0.000000
4417.621496 1400.000000 0.000000
4362.136641 1400.000000 0.000000
2293.611127 1400.000000 0.000000
4511.494206 1400.000000 0.000000
2739.524759 1400.000000 0.000000
279.942176 1400.000000 0.000000
2955.899439 1400.000000 0.000000
2819.708547 1400.000000 0.000000
3880.650379 1400.000000 0.000000
1477.848892 1400.000000 0.000000
204.268267 1400.000000 0.000000
1992.835916 1400.000000 0.000000
1411.373101 1400.000000 0.000000
4033.581605 1400.000000 0.000000
2535.796810 1400.000000 0.000000
3440.754823 1400.000000 0.000000
2473.320202 1400.000000 0.000000
2272.730202 1400.000000 0.000000
2107.400456 1400.000000 0.000000
196.258664 1400.000000 0.000000
455.981016 1400.000000 0.000000
1969.076546 1400.000000 0.000000
676.865974 1400.000000 0.000000
4843.252915 1400.000000 0.000000
4058.380554 1400.000000 0.000000
1629.827055 1400.000000 0.000000
4809.995890 1400.000000 0.000000
501.406010 1400.000000 0.000000
514.623062 1400.000000 0.000000
1536.295452 1400.000000 0.000000
1668.410298 1400.000000 0.000000
4289.830668 1400.000000 0.000000
2614.608681 1400.000000 0.000000
3077.500205 1400.000000 0.000000
4907.793419 1400.000000 0.000000
3987.423693 1400.000000 0.000000
994.048371 1400.000000 0.000000
2283.520951 1400.000000 0.000000
2854.853985 1400.000000 0.000000
1074.543482 1400.000000 0.000000
3432.166571 1400.000000 0.000000
1393.010576 1400.000000 0.000000
898.699241 1400.000000 0.000000
1987.489731 1400.000000 0.000000
814.294675 1400.000000 0.000000
4013.108810 1400.000000 0.000000
418.229566 1400.000000 0.000000
3191.353761 1400.000000 0.000000
1154.282592 1400.000000 0.000000
2900.471897 1400.000000 0.000000
4321.462569 1400.000000 0.000000
4663.691436 1400.000000 0.000000
4106.965618 1400.000000 0.000000
2402.952363 1400.000000 0.000000
3181.865079 1400.000000 0.000000
907.543279 1400.000000 0.000000
2346.002506 1400.000000 0.000000
1546.382206 1400.000000 0.000000
3344.052156 1400.000000 0.000000
3611.705806 1400.000000 0.000000
2874.283345 1400.000000 0.000000
2639.272565 1400.000000 0.000000
4046.157793 1400.000000 0.000000
4934.413307 1400.000000 0.000000
1619.302480 1400.000000 0.000000
3031.982294 1400.000000 0.000000
3797.794828 1400.000000 0.000000
3954.840901 1400.000000 0.000000
349.649071 1400.000000 0.000000
2752.327070 1400.000000 0.000000
46.491412 1400.000000 0.000000
3923.147374 1400.000000 0.000000
3445.220572 1400.000000 0.000000
4817.940454 1400.000000 0.000000
2582.207988 1400.000000 0.000000
1785.891523 1400.000000 0.000000
2411.684459 1400.000000 0.000000
2149.798010 1400.000000 0.000000
4981.530737 1400.000000 0.000000
3005.880055 1400.000000 0.000000
3925.021035 1400.000000 0.000000
4852.710606 1400.000000 0.000000
2439.272745 1400.000000 0.000000
474.633761 1400.000000 0.000000
4896.658866 1400.000000 0.000000
604.388696 1400.000000 0.000000
3151.301681 1400.000000 0.000000
971.237698 1400.000000 0.000000
1065.408515 1400.000000 0.000000
72.993899 1400.000000 0.000000
1833.355575 1400.000000 0.000000
1700.503887 1400.000000 0.000000
3608.931737 1400.000000 0.000000
1837.665563 1400.000000 0.000000
105.167686 1400.000000 0.000000
658.439962 1400.000000 0.000000
2933.798379 1400.000000 0.000000
3668.023201 1400.000000 0.000000
4318.175754 1400.000000 0.000000
684.973228 1400.000000 0.000000
262.134889 1400.000000 0.000000
2031.117042 1400.000000 0.000000
1208.284735 1400.000000 0.000000
2362.253515 1400.000000 0.000000
4361.079896 1400.000000 0.000000
2273.596163 1400.000000 0.000000
357.895348 1400.000000 0.000000
1570.306221 1400.000000 0.000000
2464.115571 1400.000000 0.000000
3708.605669 1400.000000 0.000000
3473.918317 1400.000000 0.000000
4914.339359 1400.000000 0.000000
1598.740686 1400.000000 0.000000
4021.018520 1400.000000 0.000000
267.339076 1400.000000 0.000000
3730.776741 1400.000000 0.000000
1517.374654 1400.000000 0.000000
465.407569 1400.000000 0.000000
4672.658321 1400.000000 0.000000
3734.340931 1400.000000 0.000000
500.242357 1400.000000 0.000000
3601.482540 1400.000000 0.000000
1053.768699 1400.000000 0.000000
4815.483748 1400.000000 0.000000
3745.947056 1400.000000 0.000000
3698.109660 1400.000000 0.000000
2550.361636 1400.000000 0.000000
436.464932 1400.000000 0.000000
3250.102347 1400.000000 0.000000
411.824248 1400.000000 0.000000
3634.603727 1400.000000 0.000000
2663.091327 1400.000000 0.000000
3746.529332 1400.000000 0.000000
4306.334700 1400.000000 0.000000
173.497241 1400.000000 0.000000
465.612292 1400.000000 0.000000
3276.285476 1400.000000 0.000000
4797.589236 1400.000000 0.000000
2435.286155 1400.000000 0.000000
4299.478724 1400.000000 0.000000
423.972105 1400.000000 0.000000
3592.708575 1400.000000 0.000000
4254.591640 1400.000000 0.000000
4094.423908 1400.000000 0.000000
3581.372299 1400.000000 0.000000
2041.119649 1400.000000 0.000000
3182.928350 1400.000000 0.000000
2619.193515 1400.000000 0.000000
1860.194362 1400.000000 0.000000
1767.130484 1400.000000 0.000000
2990.245235 1400.000000 0.000000
487.434373 1400.000000 0.000000
1381.765191 1400.000000 0.000000
