2144.555664 1300.000000 1.000000
1640.286987 1300.000000 1.000000
1034.839722 1300.000000 1.000000
1228.095703 1300.000000 1.000000
1523.806030 1300.000000 1.000000
1273.822266 1300.000000 1.000000
1054.897095 1300.000000 1.000000
1443.856934 1300.000000 1.000000
1368.303101 1300.000000 1.000000
1316.331421 1300.000000 1.000000
2335.727051 1300.000000 1.000000
983.506409 1300.000000 1.000000
1523.656982 1300.000000 1.000000
3495.376221 1300.000000 1.000000
1662.308960 1300.000000 1.000000
1235.413086 1300.000000 1.000000
1235.336304 1300.000000 1.000000
2014.883789 1300.000000 1.000000
828.513184 1300.000000 1.000000
2221.247070 1300.000000 1.000000
1285.517578 1300.000000 1.000000
1304.039673 1300.000000 1.000000
1211.176880 1300.000000 1.000000
1199.120117 1300.000000 1.000000
1184.378784 1300.000000 1.000000
1189.329102 1300.000000 1.000000
1381.702637 1300.000000 1.000000
3075.312012 1300.000000 1.000000
1555.344727 1300.000000 1.000000
1427.645508 1300.000000 1.000000
1927.321777 1300.000000 1.000000
1140.676025 1300.000000 1.000000
855.563477 1300.000000 1.000000
1155.941528 1300.000000 1.000000
1164.029419 1300.000000 1.000000
1545.030396 1300.000000 1.000000
1179.712891 1300.000000 1.000000
1148.448730 1300.000000 1.000000
1064.385254 1300.000000 1.000000
1157.895752 1300.000000 1.000000
1283.231689 1300.000000 1.000000
1276.737427 1300.000000 1.000000
1044.938721 1300.000000 1.000000
989.131531 1300.000000 1.000000
1154.061279 1300.000000 1.000000
1265.903320 1300.000000 1.000000
1210.312988 1300.000000 1.000000
2145.978516 1300.000000 1.000000
1412.658936 1300.000000 1.000000
1197.215576 1300.000000 1.000000
1168.458374 1300.000000 1.000000
1254.547852 1300.000000 1.000000
1268.864624 1300.000000 1.000000
603.181763 1300.000000 1.000000
1901.775513 1300.000000 1.000000
1100.331421 1300.000000 1.000000
1113.969971 1300.000000 1.000000
1172.267822 1300.000000 1.000000
1284.938843 1300.000000 1.000000
1178.825195 1300.000000 1.000000
2039.062866 1300.000000 1.000000
1435.438599 1300.000000 1.000000
1083.515503 1300.000000 1.000000
1362.050781 1300.000000 1.000000
1302.029541 1300.000000 1.000000
1189.290283 1300.000000 1.000000
2751.866211 1300.000000 1.000000
1345.646240 1300.000000 1.000000
1262.727661 1300.000000 1.000000
1229.846680 1300.000000 1.000000
1384.565674 1300.000000 1.000000
1259.560303 1300.000000 1.000000
1063.795166 1300.000000 1.000000
1524.960327 1300.000000 1.000000
1314.135498 1300.000000 1.000000
1420.576538 1300.000000 1.000000
1495.545288 1300.000000 1.000000
1320.353394 1300.000000 1.000000
1103.149536 1300.000000 1.000000
1351.425537 1300.000000 1.000000
2025.166138 1300.000000 1.000000
1703.352295 1300.000000 1.000000
1261.587891 1300.000000 1.000000
2372.388184 1300.000000 1.000000
1363.669189 1300.000000 1.000000
1228.515259 1300.000000 1.000000
2154.843750 1300.000000 1.000000
1769.858643 1300.000000 1.000000
1090.262695 1300.000000 1.000000
1517.902954 1300.000000 1.000000
1415.895020 1300.000000 1.000000
1413.826782 1300.000000 1.000000
1454.140503 1300.000000 1.000000
2004.642212 1300.000000 1.000000
1940.561401 1300.000000 1.000000
1934.875366 1300.000000 1.000000
3598.070801 1300.000000 1.000000
988.351990 1300.000000 1.000000
1243.282837 1300.000000 1.000000
1061.317017 1300.000000 1.000000
1331.024536 1300.000000 1.000000
1286.399902 1300.000000 1.000000
1570.606812 1300.000000 1.000000
1251.106689 1300.000000 1.000000
1712.039917 1300.000000 1.000000
1801.955566 1300.000000 1.000000
2024.373413 1300.000000 1.000000
1339.303101 1300.000000 1.000000
2033.596069 1300.000000 1.000000
745.676147 1300.000000 1.000000
1333.844971 1300.000000 1.000000
1448.678955 1300.000000 1.000000
1526.410767 1300.000000 1.000000
1586.900269 1300.000000 1.000000
2271.137939 1300.000000 1.000000
1674.116943 1300.000000 1.000000
990.797119 1300.000000 1.000000
2082.095215 1300.000000 1.000000
1954.895874 1300.000000 1.000000
1259.335083 1300.000000 1.000000
1857.867798 1300.000000 1.000000
1068.366089 1300.000000 1.000000
1106.817383 1300.000000 1.000000
2638.635742 1300.000000 1.000000
1539.377075 1300.000000 1.000000
1177.992188 1300.000000 1.000000
1406.912842 1300.000000 1.000000
1161.574097 1300.000000 1.000000
1517.256104 1300.000000 1.000000
1313.892944 1300.000000 1.000000
1441.897949 1300.000000 1.000000
1282.344604 1300.000000 1.000000
1322.645630 1300.000000 1.000000
2236.695557 1300.000000 1.000000
1263.687256 1300.000000 1.000000
1604.529297 1300.000000 1.000000
974.169006 1300.000000 1.000000
1334.096313 1300.000000 1.000000
1369.961548 1300.000000 1.000000
1198.976074 1300.000000 1.000000
834.239868 1300.000000 1.000000
1411.974854 1300.000000 1.000000
834.787659 1300.000000 1.000000
1293.457886 1300.000000 1.000000
935.532654 1300.000000 1.000000
1692.872925 1300.000000 1.000000
1121.868774 1300.000000 1.000000
1467.496948 1300.000000 1.000000
1750.763672 1300.000000 1.000000
1491.403687 1300.000000 1.000000
1337.419189 1300.000000 1.000000
1360.365967 1300.000000 1.000000
1125.801636 1300.000000 1.000000
1264.182129 1300.000000 1.000000
983.825989 1300.000000 1.000000
1288.003174 1300.000000 1.000000
1698.943237 1300.000000 1.000000
973.724243 1300.000000 1.000000
1566.311035 1300.000000 1.000000
880.364136 1300.000000 1.000000
1233.760620 1300.000000 1.000000
4084.991699 1300.000000 1.000000
2475.871826 1300.000000 1.000000
1236.312622 1300.000000 1.000000
921.546448 1300.000000 1.000000
1656.681641 1300.000000 1.000000
1680.506958 1300.000000 1.000000
1235.609131 1300.000000 1.000000
1315.200195 1300.000000 1.000000
2074.475586 1300.000000 1.000000
2442.812256 1300.000000 1.000000
1487.629639 1300.000000 1.000000
2417.813965 1300.000000 1.000000
2402.111084 1300.000000 1.000000
1443.500610 1300.000000 1.000000
1115.804199 1300.000000 1.000000
1910.881958 1300.000000 1.000000
2234.435791 1300.000000 1.000000
1282.636841 1300.000000 1.000000
1219.850586 1300.000000 1.000000
2112.201904 1300.000000 1.000000
1233.697388 1300.000000 1.000000
1730.918823 1300.000000 1.000000
1258.194946 1300.000000 1.000000
2263.700684 1300.000000 1.000000
1557.317261 1300.000000 1.000000
1367.877197 1300.000000 1.000000
1675.138794 1300.000000 1.000000
1163.626343 1300.000000 1.000000
1905.681030 1300.000000 1.000000
1450.802002 1300.000000 1.000000
2019.888672 1300.000000 1.000000
1170.758667 1300.000000 1.000000
2017.307495 1300.000000 1.000000
2057.614014 1300.000000 1.000000
1763.799805 1300.000000 1.000000
1800.820068 1300.000000 1.000000
1025.915161 1300.000000 1.000000
1324.151611 1300.000000 1.000000
1871.197021 1300.000000 1.000000
947.063965 1300.000000 1.000000
1228.134766 1300.000000 1.000000
1164.736572 1300.000000 1.000000
1279.106445 1300.000000 1.000000
1147.757080 1300.000000 1.000000
1256.790039 1300.000000 1.000000
1594.128784 1300.000000 1.000000
1236.452759 1300.000000 1.000000
2151.114258 1300.000000 1.000000
3650.686768 1300.000000 1.000000
1405.776978 1300.000000 1.000000
1080.362305 1300.000000 1.000000
1137.913574 1300.000000 1.000000
1150.415039 1300.000000 1.000000
1640.619751 1300.000000 1.000000
1083.545044 1300.000000 1.000000
2084.169434 1300.000000 1.000000
923.558899 1300.000000 1.000000
1600.409668 1300.000000 1.000000
2587.560791 1300.000000 1.000000
1456.131226 1300.000000 1.000000
1203.101440 1300.000000 1.000000
1271.308838 1300.000000 1.000000
1309.746216 1300.000000 1.000000
1154.130127 1300.000000 1.000000
1194.122559 1300.000000 1.000000
1011.846680 1300.000000 1.000000
1220.060547 1300.000000 1.000000
1220.572998 1300.000000 1.000000
1875.362183 1300.000000 1.000000
1252.772583 1300.000000 1.000000
1515.094604 1300.000000 1.000000
1121.322388 1300.000000 1.000000
1597.539429 1300.000000 1.000000
1463.749390 1300.000000 1.000000
1512.303589 1300.000000 1.000000
1429.099854 1300.000000 1.000000
959.793091 1300.000000 1.000000
1376.376953 1300.000000 1.000000
1210.724487 1300.000000 1.000000
1334.809937 1300.000000 1.000000
1432.823486 1300.000000 1.000000
1409.980469 1300.000000 1.000000
2893.045166 1300.000000 1.000000
1199.889893 1300.000000 1.000000
1018.962585 1300.000000 1.000000
2017.802246 1300.000000 1.000000
996.799500 1300.000000 1.000000
1752.039917 1300.000000 1.000000
3044.912354 1300.000000 1.000000
1554.738037 1300.000000 1.000000
1190.372559 1300.000000 1.000000
1243.518188 1300.000000 1.000000
1327.117310 1300.000000 1.000000
1615.358765 1300.000000 1.000000
1374.458496 1300.000000 1.000000
3071.755371 1300.000000 1.000000
1677.110840 1300.000000 1.000000
983.539307 1300.000000 1.000000
1317.938965 1300.000000 1.000000
1271.381714 1300.000000 1.000000
1092.465210 1300.000000 1.000000
1605.207275 1300.000000 1.000000
1538.108276 1300.000000 1.000000
1795.566040 1300.000000 1.000000
1523.153809 1300.000000 1.000000
1471.337646 1300.000000 1.000000
1402.713989 1300.000000 1.000000
1400.773315 1300.000000 1.000000
1427.527832 1300.000000 1.000000
1049.873413 1300.000000 1.000000
1439.645386 1300.000000 1.000000
1012.822266 1300.000000 1.000000
1409.577026 1300.000000 1.000000
1348.218140 1300.000000 1.000000
1301.758545 1300.000000 1.000000
1031.933350 1300.000000 1.000000
1491.428223 1300.000000 1.000000
1388.779663 1300.000000 1.000000
1168.246094 1300.000000 1.000000
1226.878174 1300.000000 1.000000
1319.976685 1300.000000 1.000000
1336.986816 1300.000000 1.000000
1155.126465 1300.000000 1.000000
1300.288086 1300.000000 1.000000
1670.734619 1300.000000 1.000000
1686.086304 1300.000000 1.000000
1150.031494 1300.000000 1.000000
1417.732666 1300.000000 1.000000
1185.755615 1300.000000 1.000000
1257.494263 1300.000000 1.000000
1173.339600 1300.000000 1.000000
1183.566528 1300.000000 1.000000
1786.772217 1300.000000 1.000000
1413.384644 1300.000000 1.000000
1118.827515 1300.000000 1.000000
1880.798096 1300.000000 1.000000
1598.648438 1300.000000 1.000000
1490.804810 1300.000000 1.000000
1200.879028 1300.000000 1.000000
1982.803589 1300.000000 1.000000
1324.416260 1300.000000 1.000000
1277.152344 1300.000000 1.000000
1283.759521 1300.000000 1.000000
1151.359131 1300.000000 1.000000
1301.382935 1300.000000 1.000000
1608.188110 1300.000000 1.000000
1337.972046 1300.000000 1.000000
1730.137451 1300.000000 1.000000
1306.471802 1300.000000 1.000000
2182.951172 1300.000000 1.000000
2142.899902 1300.000000 1.000000
1328.277466 1300.000000 1.000000
1501.310303 1300.000000 1.000000
1289.887695 1300.000000 1.000000
1511.031738 1300.000000 1.000000
1385.594727 1300.000000 1.000000
2343.760742 1300.000000 1.000000
1600.843994 1300.000000 1.000000
1480.001953 1300.000000 1.000000
2600.275879 1300.000000 1.000000
1958.658936 1300.000000 1.000000
1478.726807 1300.000000 1.000000
1462.928345 1300.000000 1.000000
1138.906494 1300.000000 1.000000
998.308899 1300.000000 1.000000
1046.452393 1300.000000 1.000000
1351.155273 1300.000000 1.000000
1199.443115 1300.000000 1.000000
1738.193115 1300.000000 1.000000
1361.753052 1300.000000 1.000000
1275.164673 1300.000000 1.000000
2211.022949 1300.000000 1.000000
2153.065918 1300.000000 1.000000
2295.740234 1300.000000 1.000000
1412.923706 1300.000000 1.000000
1128.789307 1300.000000 1.000000
1281.064819 1300.000000 1.000000
911.699158 1300.000000 1.000000
966.731995 1300.000000 1.000000
1512.616089 1300.000000 1.000000
1145.031006 1300.000000 1.000000
1014.514771 1300.000000 1.000000
1393.290039 1300.000000 1.000000
1372.945679 1300.000000 1.000000
1893.045410 1300.000000 1.000000
1528.207520 1300.000000 1.000000
1532.179810 1300.000000 1.000000
1345.553589 1300.000000 1.000000
2748.208984 1300.000000 1.000000
4103.410156 1300.000000 1.000000
1964.621460 1300.000000 1.000000
1361.046265 1300.000000 1.000000
1955.010010 1300.000000 1.000000
3116.762451 1300.000000 1.000000
1260.564941 1300.000000 1.000000
1166.377441 1300.000000 1.000000
1482.360229 1300.000000 1.000000
1174.968994 1300.000000 1.000000
936.911255 1300.000000 1.000000
1170.964844 1300.000000 1.000000
1080.080322 1300.000000 1.000000
1346.400146 1300.000000 1.000000
1831.496826 1300.000000 1.000000
1252.431763 1300.000000 1.000000
985.364136 1300.000000 1.000000
1311.414673 1300.000000 1.000000
1711.223389 1300.000000 1.000000
1417.239990 1300.000000 1.000000
1552.473877 1300.000000 1.000000
1023.271545 1300.000000 1.000000
954.954041 1300.000000 1.000000
1441.292358 1300.000000 1.000000
842.331238 1300.000000 1.000000
1343.283325 1300.000000 1.000000
1010.268738 1300.000000 1.000000
1374.672241 1300.000000 1.000000
1311.442871 1300.000000 1.000000
1417.129395 1300.000000 1.000000
1822.796875 1300.000000 1.000000
1490.943481 1300.000000 1.000000
2969.678467 1300.000000 1.000000
1340.259277 1300.000000 1.000000
2051.641357 1300.000000 1.000000
1369.952026 1300.000000 1.000000
1107.952515 1300.000000 1.000000
4305.715332 1300.000000 1.000000
2585.890869 1300.000000 1.000000
1205.305786 1300.000000 1.000000
1418.159912 1300.000000 1.000000
1992.423218 1300.000000 1.000000
1067.156250 1300.000000 1.000000
1215.697510 1300.000000 1.000000
1350.736328 1300.000000 1.000000
1535.829224 1300.000000 1.000000
1345.200684 1300.000000 1.000000
1026.766724 1300.000000 1.000000
1200.778931 1300.000000 1.000000
2090.465820 1300.000000 1.000000
1922.396973 1300.000000 1.000000
1984.344727 1300.000000 1.000000
1204.982666 1300.000000 1.000000
2105.245361 1300.000000 1.000000
1712.224365 1300.000000 1.000000
1194.262939 1300.000000 1.000000
1277.224365 1300.000000 1.000000
1237.579468 1300.000000 1.000000
1330.879150 1300.000000 1.000000
1311.440063 1300.000000 1.000000
1281.698853 1300.000000 1.000000
1611.397949 1300.000000 1.000000
1006.588867 1300.000000 1.000000
1084.962524 1300.000000 1.000000
1916.968506 1300.000000 1.000000
1408.363159 1300.000000 1.000000
2720.158691 1300.000000 1.000000
1160.481323 1300.000000 1.000000
1462.643921 1300.000000 1.000000
1455.965820 1300.000000 1.000000
1658.474365 1300.000000 1.000000
1675.666382 1300.000000 1.000000
1595.253418 1300.000000 1.000000
1139.363647 1300.000000 1.000000
1323.159058 1300.000000 1.000000
1212.794678 1300.000000 1.000000
1236.395874 1300.000000 1.000000
2657.311523 1300.000000 1.000000
1413.759155 1300.000000 1.000000
1759.585571 1300.000000 1.000000
1530.507690 1300.000000 1.000000
1497.115479 1300.000000 1.000000
1045.692505 1300.000000 1.000000
1468.201660 1300.000000 1.000000
2326.498535 1300.000000 1.000000
1586.931763 1300.000000 1.000000
1480.483643 1300.000000 1.000000
1422.868896 1300.000000 1.000000
1349.114868 1300.000000 1.000000
1119.945557 1300.000000 1.000000
986.216919 1300.000000 1.000000
1572.856445 1300.000000 1.000000
1413.182739 1300.000000 1.000000
1834.410767 1300.000000 1.000000
1793.470459 1300.000000 1.000000
1611.170410 1300.000000 1.000000
1829.692627 1300.000000 1.000000
1574.619385 1300.000000 1.000000
1202.318848 1300.000000 1.000000
1915.207642 1300.000000 1.000000
1317.421387 1300.000000 1.000000
665.927002 1300.000000 1.000000
1237.433960 1300.000000 1.000000
1485.147949 1300.000000 1.000000
1112.645142 1300.000000 1.000000
1374.367188 1300.000000 1.000000
1318.252686 1300.000000 1.000000
2117.465820 1300.000000 1.000000
1324.207520 1300.000000 1.000000
1138.853149 1300.000000 1.000000
1109.247681 1300.000000 1.000000
1916.710083 1300.000000 1.000000
3821.960205 1300.000000 1.000000
1197.458130 1300.000000 1.000000
1420.249634 1300.000000 1.000000
1103.095459 1300.000000 1.000000
1336.272339 1300.000000 1.000000
1216.863525 1300.000000 1.000000
1392.516724 1300.000000 1.000000
1577.284790 1300.000000 1.000000
1173.561768 1300.000000 1.000000
1259.945557 1300.000000 1.000000
1530.345947 1300.000000 1.000000
2598.869141 1300.000000 1.000000
1241.652954 1300.000000 1.000000
1105.530518 1300.000000 1.000000
1150.588745 1300.000000 1.000000
1392.865967 1300.000000 1.000000
1590.091797 1300.000000 1.000000
1227.063354 1300.000000 1.000000
1854.714966 1300.000000 1.000000
2106.101318 1300.000000 1.000000
1513.205688 1300.000000 1.000000
2517.954346 1300.000000 1.000000
1431.058716 1300.000000 1.000000
1678.436157 1300.000000 1.000000
1329.873047 1300.000000 1.000000
1255.484497 1300.000000 1.000000
1309.336426 1300.000000 1.000000
1191.770630 1300.000000 1.000000
1465.554443 1300.000000 1.000000
1617.344727 1300.000000 1.000000
1694.802979 1300.000000 1.000000
794.556641 1300.000000 1.000000
1479.803955 1300.000000 1.000000
1207.631470 1300.000000 1.000000
1309.765747 1300.000000 1.000000
1516.089478 1300.000000 1.000000
1302.908081 1300.000000 1.000000
1299.618164 1300.000000 1.000000
3808.152588 1300.000000 1.000000
1274.222656 1300.000000 1.000000
1184.644409 1300.000000 1.000000
1290.026245 1300.000000 1.000000
2061.625977 1300.000000 1.000000
1815.722046 1300.000000 1.000000
1182.345215 1300.000000 1.000000
1411.936768 1300.000000 1.000000
2281.764160 1300.000000 1.000000
1377.374634 1300.000000 1.000000
1091.076904 1300.000000 1.000000
997.733765 1300.000000 1.000000
892.317505 1300.000000 1.000000
1830.598633 1300.000000 1.000000
1243.215698 1300.000000 1.000000
1159.752197 1300.000000 1.000000
1955.656738 1300.000000 1.000000
1319.468628 1300.000000 1.000000
1117.714478 1300.000000 1.000000
1142.317139 1300.000000 1.000000
1750.428833 1300.000000 1.000000
1528.427124 1300.000000 1.000000
1149.343384 1300.000000 1.000000
1675.887817 1300.000000 1.000000
3330.220947 1300.000000 1.000000
1205.123413 1300.000000 1.000000
2365.689697 1300.000000 1.000000
1170.306396 1300.000000 1.000000
1462.887573 1300.000000 1.000000
1149.856079 1300.000000 1.000000
1233.181519 1300.000000 1.000000
1326.403442 1300.000000 1.000000
1262.052246 1300.000000 1.000000
1350.928101 1300.000000 1.000000
1504.949219 1300.000000 1.000000
1529.161499 1300.000000 1.000000
1673.192139 1300.000000 1.000000
1345.617554 1300.000000 1.000000
1215.376831 1300.000000 1.000000
2235.252686 1300.000000 1.000000
1404.908203 1300.000000 1.000000
1256.123169 1300.000000 1.000000
1205.484863 1300.000000 1.000000
1455.714722 1300.000000 1.000000
1134.902710 1300.000000 1.000000
1745.255859 1300.000000 1.000000
1831.262207 1300.000000 1.000000
2302.950439 1300.000000 1.000000
1243.276489 1300.000000 1.000000
1454.465820 1300.000000 1.000000
1338.721069 1300.000000 1.000000
1344.669067 1300.000000 1.000000
1252.466187 1300.000000 1.000000
1124.660156 1300.000000 1.000000
2512.697510 1300.000000 1.000000
1252.032104 1300.000000 1.000000
1397.015991 1300.000000 1.000000
3148.320557 1300.000000 1.000000
1671.333618 1300.000000 1.000000
1619.534668 1300.000000 1.000000
1414.174194 1300.000000 1.000000
1059.015259 1300.000000 1.000000
2121.330811 1300.000000 1.000000
1688.282471 1300.000000 1.000000
1522.541260 1300.000000 1.000000
856.099060 1300.000000 1.000000
1585.392822 1300.000000 1.000000
1299.978760 1300.000000 1.000000
1280.002075 1300.000000 1.000000
3512.050781 1300.000000 1.000000
1425.522827 1300.000000 1.000000
1153.550171 1300.000000 1.000000
2117.157715 1300.000000 1.000000
1938.524414 1300.000000 1.000000
1164.831909 1300.000000 1.000000
2522.375732 1300.000000 1.000000
864.366577 1300.000000 1.000000
1443.082520 1300.000000 1.000000
1111.782593 1300.000000 1.000000
1028.440430 1300.000000 1.000000
2892.250000 1300.000000 1.000000
1659.204346 1300.000000 1.000000
1464.308228 1300.000000 1.000000
1814.347656 1300.000000 1.000000
1287.151367 1300.000000 1.000000
1018.112183 1300.000000 1.000000
1568.632446 1300.000000 1.000000
1740.635010 1300.000000 1.000000
3165.968018 1300.000000 1.000000
1631.706055 1300.000000 1.000000
1759.415161 1300.000000 1.000000
1575.365845 1300.000000 1.000000
831.820740 1300.000000 1.000000
1674.795410 1300.000000 1.000000
2460.193604 1300.000000 1.000000
1449.712036 1300.000000 1.000000
2149.435547 1300.000000 1.000000
1270.684204 1300.000000 1.000000
1350.834106 1300.000000 1.000000
1735.265747 1300.000000 1.000000
1662.945801 1300.000000 1.000000
1331.246216 1300.000000 1.000000
1082.725342 1300.000000 1.000000
1190.938965 1300.000000 1.000000
1552.459961 1300.000000 1.000000
1491.827759 1300.000000 1.000000
4175.245605 1300.000000 1.000000
1897.891602 1300.000000 1.000000
1096.181030 1300.000000 1.000000
1587.958618 1300.000000 1.000000
2308.528320 1300.000000 1.000000
1399.780640 1300.000000 1.000000
1493.585083 1300.000000 1.000000
1445.494873 1300.000000 1.000000
1368.111572 1300.000000 1.000000
1933.302002 1300.000000 1.000000
1913.046509 1300.000000 1.000000
1432.026978 1300.000000 1.000000
2486.750732 1300.000000 1.000000
1483.813965 1300.000000 1.000000
1217.265259 1300.000000 1.000000
1250.528564 1300.000000 1.000000
1212.552124 1300.000000 1.000000
1263.985596 1300.000000 1.000000
1040.180176 1300.000000 1.000000
986.690247 1300.000000 1.000000
1715.624390 1300.000000 1.000000
1128.240479 1300.000000 1.000000
1064.217285 1300.000000 1.000000
1468.343750 1300.000000 1.000000
1224.357300 1300.000000 1.000000
1600.519287 1300.000000 1.000000
1034.197144 1300.000000 1.000000
1064.871704 1300.000000 1.000000
1511.104126 1300.000000 1.000000
1464.917603 1300.000000 1.000000
1554.560425 1300.000000 1.000000
1606.148926 1300.000000 1.000000
1167.998413 1300.000000 1.000000
1131.435059 1300.000000 1.000000
1095.035767 1300.000000 1.000000
1398.047974 1300.000000 1.000000
1509.572144 1300.000000 1.000000
2636.846680 1300.000000 1.000000
1329.415405 1300.000000 1.000000
1187.244507 1300.000000 1.000000
1936.367798 1300.000000 1.000000
1253.454712 1300.000000 1.000000
1019.699829 1300.000000 1.000000
1924.575195 1300.000000 1.000000
1092.393433 1300.000000 1.000000
1676.705688 1300.000000 1.000000
1004.947510 1300.000000 1.000000
1228.409912 1300.000000 1.000000
1493.570312 1300.000000 1.000000
1380.081055 1300.000000 1.000000
2113.904053 1300.000000 1.000000
1088.897339 1300.000000 1.000000
1668.848267 1300.000000 1.000000
1386.129761 1300.000000 1.000000
1150.287842 1300.000000 1.000000
1859.053833 1300.000000 1.000000
696.019958 1300.000000 1.000000
1449.836792 1300.000000 1.000000
1494.130249 1300.000000 1.000000
1866.200317 1300.000000 1.000000
1664.412964 1300.000000 1.000000
1287.461426 1300.000000 1.000000
1365.162720 1300.000000 1.000000
1533.216064 1300.000000 1.000000
1117.155029 1300.000000 1.000000
1278.031372 1300.000000 1.000000
1354.455322 1300.000000 1.000000
1337.015015 1300.000000 1.000000
1224.316162 1300.000000 1.000000
1744.476440 1300.000000 1.000000
1628.916138 1300.000000 1.000000
1180.290283 1300.000000 1.000000
1032.494507 1300.000000 1.000000
1570.117798 1300.000000 1.000000
1281.416748 1300.000000 1.000000
1634.057617 1300.000000 1.000000
1329.788086 1300.000000 1.000000
1448.631592 1300.000000 1.000000
1242.884399 1300.000000 1.000000
1513.028076 1300.000000 1.000000
1109.658081 1300.000000 1.000000
1770.288696 1300.000000 1.000000
1404.475098 1300.000000 1.000000
1203.547241 1300.000000 1.000000
1025.725098 1300.000000 1.000000
1528.164062 1300.000000 1.000000
1258.159424 1300.000000 1.000000
2095.770020 1300.000000 1.000000
1230.470459 1300.000000 1.000000
1270.333496 1300.000000 1.000000
1303.659912 1300.000000 1.000000
1224.925293 1300.000000 1.000000
1206.206299 1300.000000 1.000000
1495.334717 1300.000000 1.000000
1430.326782 1300.000000 1.000000
1274.784546 1300.000000 1.000000
1253.313354 1300.000000 1.000000
1229.113037 1300.000000 1.000000
1072.921387 1300.000000 1.000000
1365.714355 1300.000000 1.000000
1113.140137 1300.000000 1.000000
1486.205322 1300.000000 1.000000
6384.212402 1300.000000 1.000000
1070.375488 1300.000000 1.000000
2270.784180 1300.000000 1.000000
1285.312012 1300.000000 1.000000
1427.843262 1300.000000 1.000000
1198.641357 1300.000000 1.000000
1659.591919 1300.000000 1.000000
1634.326904 1300.000000 1.000000
1377.739258 1300.000000 1.000000
1506.686279 1300.000000 1.000000
1205.083008 1300.000000 1.000000
1619.783569 1300.000000 1.000000
1210.376709 1300.000000 1.000000
989.373718 1300.000000 1.000000
1477.341064 1300.000000 1.000000
1831.678223 1300.000000 1.000000
1884.361328 1300.000000 1.000000
1097.727539 1300.000000 1.000000
1158.586304 1300.000000 1.000000
2147.188477 1300.000000 1.000000
2481.879639 1300.000000 1.000000
1276.369873 1300.000000 1.000000
1146.393066 1300.000000 1.000000
1267.419067 1300.000000 1.000000
1245.855103 1300.000000 1.000000
1908.571289 1300.000000 1.000000
1594.000854 1300.000000 1.000000
2044.889771 1300.000000 1.000000
1587.090088 1300.000000 1.000000
1537.266724 1300.000000 1.000000
1498.905884 1300.000000 1.000000
967.069397 1300.000000 1.000000
1522.448242 1300.000000 1.000000
1374.886353 1300.000000 1.000000
835.365479 1300.000000 1.000000
1671.923096 1300.000000 1.000000
1130.582275 1300.000000 1.000000
1231.857544 1300.000000 1.000000
1316.425049 1300.000000 1.000000
1053.266602 1300.000000 1.000000
985.494751 1300.000000 1.000000
1591.744141 1300.000000 1.000000
2596.326172 1300.000000 1.000000
1068.980957 1300.000000 1.000000
2244.441650 1300.000000 1.000000
1589.680908 1300.000000 1.000000
1072.470703 1300.000000 1.000000
1532.846191 1300.000000 1.000000
1328.309570 1300.000000 1.000000
1172.805786 1300.000000 1.000000
1461.764893 1300.000000 1.000000
1819.440430 1300.000000 1.000000
1395.961670 1300.000000 1.000000
1206.720215 1300.000000 1.000000
1344.433105 1300.000000 1.000000
1295.045654 1300.000000 1.000000
1441.043213 1300.000000 1.000000
1598.439819 1300.000000 1.000000
1166.284790 1300.000000 1.000000
1155.289551 1300.000000 1.000000
2237.526855 1300.000000 1.000000
2310.579102 1300.000000 1.000000
2081.370361 1300.000000 1.000000
1181.958374 1300.000000 1.000000
1147.534424 1300.000000 1.000000
1713.080444 1300.000000 1.000000
1168.215454 1300.000000 1.000000
1755.326172 1300.000000 1.000000
1241.182007 1300.000000 1.000000
1247.005005 1300.000000 1.000000
1546.258911 1300.000000 1.000000
1080.036987 1300.000000 1.000000
1183.337891 1300.000000 1.000000
1156.408325 1300.000000 1.000000
2262.765869 1300.000000 1.000000
1203.700195 1300.000000 1.000000
1560.188232 1300.000000 1.000000
1658.062988 1300.000000 1.000000
1337.628540 1300.000000 1.000000
1675.707275 1300.000000 1.000000
1292.452515 1300.000000 1.000000
1748.038452 1300.000000 1.000000
1426.752441 1300.000000 1.000000
1858.069336 1300.000000 1.000000
1733.762329 1300.000000 1.000000
1227.454834 1300.000000 1.000000
1323.456299 1300.000000 1.000000
1409.536865 1300.000000 1.000000
1484.275269 1300.000000 1.000000
1319.650635 1300.000000 1.000000
1258.540894 1300.000000 1.000000
1258.000977 1300.000000 1.000000
1321.440063 1300.000000 1.000000
1140.944214 1300.000000 1.000000
1582.779297 1300.000000 1.000000
1250.294678 1300.000000 1.000000
837.446106 1300.000000 1.000000
869.489197 1300.000000 1.000000
4523.977051 1300.000000 1.000000
2051.427490 1300.000000 1.000000
1227.505005 1300.000000 1.000000
1678.432861 1300.000000 1.000000
1247.719971 1300.000000 1.000000
1415.490112 1300.000000 1.000000
1101.388794 1300.000000 1.000000
2358.389648 1300.000000 1.000000
1315.615967 1300.000000 1.000000
1263.606079 1300.000000 1.000000
1348.416992 1300.000000 1.000000
1063.163574 1300.000000 1.000000
1579.470337 1300.000000 1.000000
1574.545288 1300.000000 1.000000
1341.458374 1300.000000 1.000000
1513.834717 1300.000000 1.000000
1373.635620 1300.000000 1.000000
1128.340576 1300.000000 1.000000
1297.541748 1300.000000 1.000000
1449.506104 1300.000000 1.000000
1261.864380 1300.000000 1.000000
2426.618164 1300.000000 1.000000
2063.032227 1300.000000 1.000000
1805.196289 1300.000000 1.000000
1245.772705 1300.000000 1.000000
1377.440308 1300.000000 1.000000
1852.621094 1300.000000 1.000000
1547.757446 1300.000000 1.000000
1224.514893 1300.000000 1.000000
2151.198242 1300.000000 1.000000
1580.236328 1300.000000 1.000000
1388.372803 1300.000000 1.000000
1155.324219 1300.000000 1.000000
1129.588379 1300.000000 1.000000
1179.140381 1300.000000 1.000000
1406.468140 1300.000000 1.000000
1538.800537 1300.000000 1.000000
1486.193481 1300.000000 1.000000
1279.920654 1300.000000 1.000000
987.657776 1300.000000 1.000000
1910.859863 1300.000000 1.000000
1344.966919 1300.000000 1.000000
1286.669067 1300.000000 1.000000
1060.011719 1300.000000 1.000000
1285.546387 1300.000000 1.000000
2323.499756 1300.000000 1.000000
1519.141479 1300.000000 1.000000
997.968384 1300.000000 1.000000
1382.963257 1300.000000 1.000000
1196.889648 1300.000000 1.000000
1119.558350 1300.000000 1.000000
1310.985840 1300.000000 1.000000
1187.812134 1300.000000 1.000000
1638.958008 1300.000000 1.000000
1239.154907 1300.000000 1.000000
1120.613281 1300.000000 1.000000
1806.482178 1300.000000 1.000000
1362.338379 1300.000000 1.000000
1413.244019 1300.000000 1.000000
1573.730591 1300.000000 1.000000
1197.486084 1300.000000 1.000000
1291.864746 1300.000000 1.000000
2900.753906 1300.000000 1.000000
1298.346558 1300.000000 1.000000
1887.992310 1300.000000 1.000000
1508.890381 1300.000000 1.000000
2013.347656 1300.000000 1.000000
1299.627319 1300.000000 1.000000
2663.697754 1300.000000 1.000000
1494.934326 1300.000000 1.000000
2405.291748 1300.000000 1.000000
1158.706543 1300.000000 1.000000
1623.362427 1300.000000 1.000000
1670.375488 1300.000000 1.000000
2024.345459 1300.000000 1.000000
1615.042847 1300.000000 1.000000
1223.460938 1300.000000 1.000000
1777.929565 1300.000000 1.000000
800.079102 1300.000000 1.000000
1027.139160 1300.000000 1.000000
1116.443115 1300.000000 1.000000
1483.961792 1300.000000 1.000000
1350.492798 1300.000000 1.000000
1227.504028 1300.000000 1.000000
1377.245972 1300.000000 1.000000
1178.745605 1300.000000 1.000000
1306.891602 1300.000000 1.000000
1857.951294 1300.000000 1.000000
1297.101318 1300.000000 1.000000
1126.413330 1300.000000 1.000000
1255.975952 1300.000000 1.000000
1370.964233 1300.000000 1.000000
1173.528442 1300.000000 1.000000
1673.217896 1300.000000 1.000000
1360.373779 1300.000000 1.000000
1577.023804 1300.000000 1.000000
1473.648560 1300.000000 1.000000
1736.036133 1300.000000 1.000000
2468.668701 1300.000000 1.000000
1053.271606 1300.000000 1.000000
1187.338257 1300.000000 1.000000
1514.973511 1300.000000 1.000000
908.854004 1300.000000 1.000000
1794.109375 1300.000000 1.000000
1602.954590 1300.000000 1.000000
1488.189575 1300.000000 1.000000
1740.208618 1300.000000 1.000000
3469.776123 1300.000000 1.000000
1274.489746 1300.000000 1.000000
2580.309326 1300.000000 1.000000
1243.920898 1300.000000 1.000000
1148.457764 1300.000000 1.000000
1106.711670 1300.000000 1.000000
1747.006958 1300.000000 1.000000
1072.572998 1300.000000 1.000000
1279.405273 1300.000000 1.000000
1629.070312 1300.000000 1.000000
1194.651245 1300.000000 1.000000
1284.543335 1300.000000 1.000000
1447.636108 1300.000000 1.000000
1095.852539 1300.000000 1.000000
1384.151123 1300.000000 1.000000
1302.891479 1300.000000 1.000000
1845.582642 1300.000000 1.000000
1246.277344 1300.000000 1.000000
2075.326416 1300.000000 1.000000
1237.972900 1300.000000 1.000000
1472.245483 1300.000000 1.000000
1173.597290 1300.000000 1.000000
1187.658569 1300.000000 1.000000
1855.371704 1300.000000 1.000000
1429.999146 1300.000000 1.000000
2351.584717 1300.000000 1.000000
1277.207275 1300.000000 1.000000
1960.389648 1300.000000 1.000000
3337.171875 1300.000000 1.000000
1262.227417 1300.000000 1.000000
1246.963989 1300.000000 1.000000
1601.612793 1300.000000 1.000000
2101.395996 1300.000000 1.000000
1679.286377 1300.000000 1.000000
870.520996 1300.000000 1.000000
993.651733 1300.000000 1.000000
1093.001099 1300.000000 1.000000
2077.384277 1300.000000 1.000000
1592.467041 1300.000000 1.000000
1498.791504 1300.000000 1.000000
1517.621704 1300.000000 1.000000
1267.717651 1300.000000 1.000000
1501.773560 1300.000000 1.000000
1643.399292 1300.000000 1.000000
1068.981323 1300.000000 1.000000
1778.673828 1300.000000 1.000000
1533.705688 1300.000000 1.000000
1136.476196 1300.000000 1.000000
1080.144043 1300.000000 1.000000
1316.798950 1300.000000 1.000000
1090.429199 1300.000000 1.000000
1221.198242 1300.000000 1.000000
1708.570435 1300.000000 1.000000
1621.245117 1300.000000 1.000000
1334.373657 1300.000000 1.000000
965.727844 1300.000000 1.000000
1198.799316 1300.000000 1.000000
1707.149170 1300.000000 1.000000
1303.149292 1300.000000 1.000000
1398.026489 1300.000000 1.000000
1307.962646 1300.000000 1.000000
989.372131 1300.000000 1.000000
1166.900146 1300.000000 1.000000
1392.531494 1300.000000 1.000000
2225.386475 1300.000000 1.000000
1666.956543 1300.000000 1.000000
3713.093262 1300.000000 1.000000
836.639221 1300.000000 1.000000
1633.781250 1300.000000 1.000000
1572.696533 1300.000000 1.000000
1316.486938 1300.000000 1.000000
1762.010132 1300.000000 1.000000
1945.040527 1300.000000 1.000000
3417.986328 1300.000000 1.000000
1393.255859 1300.000000 1.000000
2320.702393 1300.000000 1.000000
1481.813110 1300.000000 1.000000
1687.082764 1300.000000 1.000000
1224.501465 1300.000000 1.000000
1264.802124 1300.000000 1.000000
975.550171 1300.000000 1.000000
1656.634521 1300.000000 1.000000
1141.705688 1300.000000 1.000000
1881.954224 1300.000000 1.000000
1544.905396 1300.000000 1.000000
1457.344360 1300.000000 1.000000
1270.288330 1300.000000 1.000000
1203.286743 1300.000000 1.000000
1390.967651 1300.000000 1.000000
1610.407349 1300.000000 1.000000
1313.620117 1300.000000 1.000000
2966.750977 1300.000000 1.000000
1424.118530 1300.000000 1.000000
1219.852539 1300.000000 1.000000
1318.524780 1300.000000 1.000000
972.931885 1300.000000 1.000000
1460.226196 1300.000000 1.000000
1936.924927 1300.000000 1.000000
2025.017334 1300.000000 1.000000
2032.263672 1300.000000 1.000000
1247.184204 1300.000000 1.000000
1242.176270 1300.000000 1.000000
1111.840210 1300.000000 1.000000
1243.796997 1300.000000 1.000000
1582.815430 1300.000000 1.000000
1338.441528 1300.000000 1.000000
1638.125854 1300.000000 1.000000
1413.222900 1300.000000 1.000000
1906.027100 1300.000000 1.000000
1436.000610 1300.000000 1.000000
2300.686035 1300.000000 1.000000
1388.309692 1300.000000 1.000000
1607.564087 1300.000000 1.000000
2709.615723 1300.000000 1.000000
1339.098267 1300.000000 1.000000
1411.453369 1300.000000 1.000000
1402.021851 1300.000000 1.000000
1525.909302 1300.000000 1.000000
2697.532715 1300.000000 1.000000
1489.579468 1300.000000 1.000000
1833.432373 1300.000000 1.000000
1284.713379 1300.000000 1.000000
1241.529663 1300.000000 1.000000
1130.737915 1300.000000 1.000000
1175.135132 1300.000000 1.000000
1570.526001 1300.000000 1.000000
1626.591309 1300.000000 1.000000
1324.310791 1300.000000 1.000000
1074.504761 1300.000000 1.000000
1858.495483 1300.000000 1.000000
1172.188110 1300.000000 1.000000
1379.337402 1300.000000 1.000000
1522.208618 1300.000000 1.000000
1284.273315 1300.000000 1.000000
2029.367432 1300.000000 1.000000
1295.022461 1300.000000 1.000000
1443.333130 1300.000000 1.000000
1410.729736 1300.000000 1.000000
1095.194214 1300.000000 1.000000
1480.189209 1300.000000 1.000000
1418.374878 1300.000000 1.000000
1704.613281 1300.000000 1.000000
2439.802979 1300.000000 1.000000
1833.064575 1300.000000 1.000000
1018.908691 1300.000000 1.000000
1243.917358 1300.000000 1.000000
2301.924072 1300.000000 1.000000
1361.755005 1300.000000 1.000000
1431.069092 1300.000000 1.000000
1170.688110 1300.000000 1.000000
1588.767456 1300.000000 1.000000
892.257629 1300.000000 1.000000
1618.906494 1300.000000 1.000000
3453.060547 1300.000000 1.000000
1607.041748 1300.000000 1.000000
3415.775635 1300.000000 1.000000
1639.688965 1300.000000 1.000000
887.099121 1300.000000 1.000000
1249.521729 1300.000000 1.000000
1420.506226 1300.000000 1.000000
2487.067139 1300.000000 1.000000
1410.306763 1300.000000 1.000000
1347.714478 1300.000000 1.000000
1289.564453 1300.000000 1.000000
1439.675659 1300.000000 1.000000
1494.277588 1300.000000 1.000000
1940.174561 1300.000000 1.000000
1452.099731 1300.000000 1.000000
1162.488037 1300.000000 1.000000
1469.621460 1300.000000 1.000000
1350.744385 1300.000000 1.000000
2871.543701 1300.000000 1.000000
1280.404175 1300.000000 1.000000
1596.319824 1300.000000 1.000000
1157.696655 1300.000000 1.000000
1021.532532 1300.000000 1.000000
2134.935303 1300.000000 1.000000
1279.490356 1300.000000 1.000000
1618.120239 1300.000000 1.000000
1367.505371 1300.000000 1.000000
1210.558838 1300.000000 1.000000
1326.308105 1300.000000 1.000000
1491.555176 1300.000000 1.000000
1235.062134 1300.000000 1.000000
1322.667603 1300.000000 1.000000
1139.048706 1300.000000 1.000000
1292.638428 1300.000000 1.000000
1913.315186 1300.000000 1.000000
915.797729 1300.000000 1.000000
1160.237183 1300.000000 1.000000
2073.123047 1300.000000 1.000000
2783.897705 1300.000000 1.000000
1090.244141 1300.000000 1.000000
1462.533203 1300.000000 1.000000
1506.588867 1300.000000 1.000000
1214.611450 1300.000000 1.000000
1886.818115 1300.000000 1.000000
2171.587646 1300.000000 1.000000
1104.708008 1300.000000 1.000000
3297.594238 1300.000000 1.000000
2100.187744 1300.000000 1.000000
1822.014282 1300.000000 1.000000
2534.629883 1300.000000 1.000000
1753.427612 1300.000000 1.000000
1357.836182 1300.000000 1.000000
756.635376 1300.000000 1.000000
1533.259033 1300.000000 1.000000
1390.173828 1300.000000 1.000000
1371.943604 1300.000000 1.000000
2090.143066 1300.000000 1.000000
1281.038940 1300.000000 1.000000
1048.119995 1300.000000 1.000000
2356.076416 1300.000000 1.000000
1243.947998 1300.000000 1.000000
1179.171631 1300.000000 1.000000
1773.303101 1300.000000 1.000000
2214.041260 1300.000000 1.000000
1842.840576 1300.000000 1.000000
1219.521729 1300.000000 1.000000
1464.914307 1300.000000 1.000000
1240.582031 1300.000000 1.000000
1149.597656 1300.000000 1.000000
1473.639404 1300.000000 1.000000
1272.248413 1300.000000 1.000000
1972.765991 1300.000000 1.000000
1554.604492 1300.000000 1.000000
1976.140381 1300.000000 1.000000
1628.793457 1300.000000 1.000000
1146.658325 1300.000000 1.000000
2635.208008 1300.000000 1.000000
1199.846069 1300.000000 1.000000
853.525818 1300.000000 1.000000
1055.193237 1300.000000 1.000000
1229.722290 1300.000000 1.000000
1305.288696 1300.000000 1.000000
1078.924683 1300.000000 1.000000
2037.465454 1300.000000 1.000000
1876.309692 1300.000000 1.000000
1253.031494 1300.000000 1.000000
1834.864624 1300.000000 1.000000
1824.285278 1300.000000 1.000000
1587.040161 1300.000000 1.000000
1796.690918 1300.000000 1.000000
1152.500610 1300.000000 1.000000
1705.078735 1300.000000 1.000000
2385.038330 1300.000000 1.000000
2655.480469 1300.000000 1.000000
1337.474976 1300.000000 1.000000
1281.052734 1300.000000 1.000000
1255.301514 1300.000000 1.000000
1736.469849 1300.000000 1.000000
2151.064209 1300.000000 1.000000
1295.773193 1300.000000 1.000000
1199.494629 1300.000000 1.000000
1577.220703 1300.000000 1.000000
1475.627808 1300.000000 1.000000
1260.578369 1300.000000 1.000000
1192.190674 1300.000000 1.000000
1316.366699 1300.000000 1.000000
701.371033 1300.000000 1.000000
1473.659912 1300.000000 1.000000
1147.699829 1300.000000 1.000000
1303.636841 1300.000000 1.000000
1138.939697 1300.000000 1.000000
1560.367188 1300.000000 1.000000
1202.398315 1300.000000 1.000000
1324.991455 1300.000000 1.000000
1330.872803 1300.000000 1.000000
1288.490112 1300.000000 1.000000
1862.702148 1300.000000 1.000000
1431.665161 1300.000000 1.000000
1164.866089 1300.000000 1.000000
1121.067993 1300.000000 1.000000
1881.705322 1300.000000 1.000000
1329.343018 1300.000000 1.000000
1364.953857 1300.000000 1.000000
1008.952759 1300.000000 1.000000
1166.072388 1300.000000 1.000000
1440.974243 1300.000000 1.000000
1106.895874 1300.000000 1.000000
2656.133057 1300.000000 1.000000
1034.626709 1300.000000 1.000000
1070.547485 1300.000000 1.000000
1325.069702 1300.000000 1.000000
708.710938 1300.000000 1.000000
1793.126465 1300.000000 1.000000
858.957825 1300.000000 1.000000
892.930176 1300.000000 1.000000
1226.462280 1300.000000 1.000000
1636.684204 1300.000000 1.000000
1330.063721 1300.000000 1.000000
1242.201294 1300.000000 1.000000
1036.432373 1300.000000 1.000000
1636.298462 1300.000000 1.000000
1878.946899 1300.000000 1.000000
1492.330933 1300.000000 1.000000
1213.412354 1300.000000 1.000000
1616.393799 1300.000000 1.000000
1492.155396 1300.000000 1.000000
1552.030884 1300.000000 1.000000
1037.927856 1300.000000 1.000000
1794.227417 1300.000000 1.000000
1668.228760 1300.000000 1.000000
2754.392090 1300.000000 1.000000
2156.554932 1300.000000 1.000000
1815.484497 1300.000000 1.000000
2045.069824 1300.000000 1.000000
1236.293945 1300.000000 1.000000
1175.192139 1300.000000 1.000000
816.759705 1300.000000 1.000000
997.055542 1300.000000 1.000000
1394.398926 1300.000000 1.000000
3184.932129 1300.000000 1.000000
1602.280640 1300.000000 1.000000
1109.702393 1300.000000 1.000000
1348.888428 1300.000000 1.000000
1981.852783 1300.000000 1.000000
2466.814941 1300.000000 1.000000
1651.679443 1300.000000 1.000000
1245.700806 1300.000000 1.000000
1002.408936 1300.000000 1.000000
1121.762939 1300.000000 1.000000
1202.981689 1300.000000 1.000000
1726.426392 1300.000000 1.000000
1856.594604 1300.000000 1.000000
1174.411011 1300.000000 1.000000
2158.194580 1300.000000 1.000000
1370.801147 1300.000000 1.000000
1316.464478 1300.000000 1.000000
1176.426514 1300.000000 1.000000
1468.619751 1300.000000 1.000000
1769.411499 1300.000000 1.000000
1193.037964 1300.000000 1.000000
3312.353027 1300.000000 1.000000
1279.523193 1300.000000 1.000000
891.458252 1300.000000 1.000000
1360.796143 1300.000000 1.000000
1287.310181 1300.000000 1.000000
1354.935181 1300.000000 1.000000
1236.319458 1300.000000 1.000000
2098.343262 1300.000000 1.000000
4407.948242 1300.000000 1.000000
1523.057617 1300.000000 1.000000
2044.209595 1300.000000 1.000000
1386.107910 1300.000000 1.000000
1732.395386 1300.000000 1.000000
1733.340332 1300.000000 1.000000
1249.538940 1300.000000 1.000000
2619.620605 1300.000000 1.000000
1180.746948 1300.000000 1.000000
1122.449219 1300.000000 1.000000
1459.906250 1300.000000 1.000000
4519.778809 1300.000000 1.000000
1319.349731 1300.000000 1.000000
1677.120605 1300.000000 1.000000
1929.816162 1300.000000 1.000000
1041.741699 1300.000000 1.000000
1951.707642 1300.000000 1.000000
843.132324 1300.000000 1.000000
2167.586426 1300.000000 1.000000
1400.410889 1300.000000 1.000000
1200.766724 1300.000000 1.000000
1265.216187 1300.000000 1.000000
1296.375122 1300.000000 1.000000
1193.268921 1300.000000 1.000000
1686.394043 1300.000000 1.000000
1687.960083 1300.000000 1.000000
1894.575684 1300.000000 1.000000
1848.239380 1300.000000 1.000000
1327.544678 1300.000000 1.000000
1704.975708 1300.000000 1.000000
2060.529785 1300.000000 1.000000
1420.043457 1300.000000 1.000000
4258.159668 1300.000000 1.000000
1551.235107 1300.000000 1.000000
1584.602051 1300.000000 1.000000
2412.393311 1300.000000 1.000000
2074.354980 1300.000000 1.000000
1030.080933 1300.000000 1.000000
1030.285278 1300.000000 1.000000
2312.149902 1300.000000 1.000000
1155.147217 1300.000000 1.000000
1626.803223 1300.000000 1.000000
1248.838501 1300.000000 1.000000
1469.325317 1300.000000 1.000000
1400.997314 1300.000000 1.000000
1527.926147 1300.000000 1.000000
1239.693970 1300.000000 1.000000
1420.187378 1300.000000 1.000000
2008.693848 1300.000000 1.000000
1306.844238 1300.000000 1.000000
1196.119995 1300.000000 1.000000
2068.241699 1300.000000 1.000000
2352.575195 1300.000000 1.000000
1598.977051 1300.000000 1.000000
2276.330322 1300.000000 1.000000
1080.679077 1300.000000 1.000000
1551.327637 1300.000000 1.000000
1085.740601 1300.000000 1.000000
1330.071289 1300.000000 1.000000
1337.143311 1300.000000 1.000000
1220.892700 1300.000000 1.000000
1683.868530 1300.000000 1.000000
1061.416382 1300.000000 1.000000
1751.937256 1300.000000 1.000000
893.195801 1300.000000 1.000000
1031.584839 1300.000000 1.000000
1084.558594 1300.000000 1.000000
1321.531982 1300.000000 1.000000
1417.699707 1300.000000 1.000000
2174.683105 1300.000000 1.000000
1933.717651 1300.000000 1.000000
1130.361572 1300.000000 1.000000
1183.890503 1300.000000 1.000000
978.147278 1300.000000 1.000000
1186.098877 1300.000000 1.000000
1133.513428 1300.000000 1.000000
1165.481323 1300.000000 1.000000
1754.353760 1300.000000 1.000000
2033.192017 1300.000000 1.000000
1284.274048 1300.000000 1.000000
1216.022827 1300.000000 1.000000
1138.144531 1300.000000 1.000000
1247.596924 1300.000000 1.000000
2023.515381 1300.000000 1.000000
1587.729370 1300.000000 1.000000
1169.321289 1300.000000 1.000000
5357.711914 1300.000000 1.000000
1671.089966 1300.000000 1.000000
1515.443604 1300.000000 1.000000
1224.188843 1300.000000 1.000000
1165.747559 1300.000000 1.000000
1953.660400 1300.000000 1.000000
1304.946289 1300.000000 1.000000
1745.703003 1300.000000 1.000000
1558.575317 1300.000000 1.000000
1340.946655 1300.000000 1.000000
1357.616089 1300.000000 1.000000
2644.757568 1300.000000 1.000000
1384.907104 1300.000000 1.000000
1124.243652 1300.000000 1.000000
1967.336914 1300.000000 1.000000
1151.019165 1300.000000 1.000000
1059.758789 1300.000000 1.000000
1608.302490 1300.000000 1.000000
1176.593628 1300.000000 1.000000
1266.491943 1300.000000 1.000000
2294.006592 1300.000000 1.000000
1570.552979 1300.000000 1.000000
830.473633 1300.000000 1.000000
2300.729004 1300.000000 1.000000
1387.369263 1300.000000 1.000000
1500.991943 1300.000000 1.000000
2372.208008 1300.000000 1.000000
1615.354980 1300.000000 1.000000
1280.369873 1300.000000 1.000000
1448.788452 1300.000000 1.000000
1739.556030 1300.000000 1.000000
1224.797485 1300.000000 1.000000
1898.885986 1300.000000 1.000000
1202.119019 1300.000000 1.000000
1208.681030 1300.000000 1.000000
4926.216309 1300.000000 1.000000
1192.726929 1300.000000 1.000000
2128.516113 1300.000000 1.000000
1385.349487 1300.000000 1.000000
1609.614380 1300.000000 1.000000
1187.692749 1300.000000 1.000000
1734.558228 1300.000000 1.000000
1630.416382 1300.000000 1.000000
1147.890381 1300.000000 1.000000
1499.204834 1300.000000 1.000000
1336.698242 1300.000000 1.000000
1321.226562 1300.000000 1.000000
2326.636719 1300.000000 1.000000
1354.457397 1300.000000 1.000000
1172.950195 1300.000000 1.000000
1507.250000 1300.000000 1.000000
1202.442139 1300.000000 1.000000
1795.402466 1300.000000 1.000000
1811.743774 1300.000000 1.000000
1237.553711 1300.000000 1.000000
910.653015 1300.000000 1.000000
1334.083374 1300.000000 1.000000
1278.976318 1300.000000 1.000000
1929.569702 1300.000000 1.000000
1544.308960 1300.000000 1.000000
1486.239014 1300.000000 1.000000
1324.494873 1300.000000 1.000000
2610.410400 1300.000000 1.000000
1778.262207 1300.000000 1.000000
1444.364380 1300.000000 1.000000
1257.276367 1300.000000 1.000000
873.666077 1300.000000 1.000000
1532.227905 1300.000000 1.000000
1423.895264 1300.000000 1.000000
1494.496094 1300.000000 1.000000
1243.173096 1300.000000 1.000000
1530.103394 1300.000000 1.000000
936.516602 1300.000000 1.000000
1067.071533 1300.000000 1.000000
1205.905151 1300.000000 1.000000
1336.666626 1300.000000 1.000000
1483.955444 1300.000000 1.000000
1832.568359 1300.000000 1.000000
1581.091187 1300.000000 1.000000
1243.952393 1300.000000 1.000000
1624.066772 1300.000000 1.000000
1233.178223 1300.000000 1.000000
1545.971191 1300.000000 1.000000
1359.511963 1300.000000 1.000000
1480.949097 1300.000000 1.000000
933.162415 1300.000000 1.000000
2422.080566 1300.000000 1.000000
2554.250488 1300.000000 1.000000
1313.614014 1300.000000 1.000000
1249.781738 1300.000000 1.000000
4998.708745 1300.000000 0.000000
814.549377 1300.000000 0.000000
1413.089026 1300.000000 0.000000
4736.005410 1300.000000 0.000000
1158.282714 1300.000000 0.000000
2424.868072 1300.000000 0.000000
4787.384783 1300.000000 0.000000
3721.526716 1300.000000 0.000000
2700.218292 1300.000000 0.000000
3699.764907 1300.000000 0.000000
3799.718991 1300.000000 0.000000
3293.183072 1300.000000 0.000000
1578.188108 1300.000000 0.000000
4022.015074 1300.000000 0.000000
2598.360576 1300.000000 0.000000
842.862109 1300.000000 0.000000
2377.648652 1300.000000 0.000000
1961.569970 1300.000000 0.000000
1108.338436 1300.000000 0.000000
1065.952295 1300.000000 0.000000
151.676021 1300.000000 0.000000
1667.696249 1300.000000 0.000000
970.744253 1300.000000 0.000000
4718.583904 1300.000000 0.000000
2899.658375 1300.000000 0.000000
4491.524289 1300.000000 0.000000
3327.819657 1300.000000 0.000000
2493.051549 1300.000000 0.000000
2803.141286 1300.000000 0.000000
911.423228 1300.000000 0.000000
1482.627654 1300.000000 0.000000
587.044667 1300.000000 0.000000
314.588329 1300.000000 0.000000
3240.627873 1300.000000 0.000000
3627.092643 1300.000000 0.000000
3185.655791 1300.000000 0.000000
3569.425312 1300.000000 0.000000
497.881216 1300.000000 0.000000
3496.335981 1300.000000 0.000000
539.062349 1300.000000 0.000000
646.213756 1300.000000 0.000000
2512.015193 1300.000000 0.000000
1038.899532 1300.000000 0.000000
1444.551529 1300.000000 0.000000
415.873972 1300.000000 0.000000
640.621077 1300.000000 0.000000
2736.857055 1300.000000 0.000000
411.597998 1300.000000 0.000000
1460.707133 1300.000000 0.000000
4458.118685 1300.000000 0.000000
1135.589195 1300.000000 0.000000
2159.227313 1300.000000 0.000000
703.665004 1300.000000 0.000000
2001.960675 1300.000000 0.000000
3434.734505 1300.000000 0.000000
853.354553 1300.000000 0.000000
2204.104338 1300.000000 0.000000
226.682825 1300.000000 0.000000
1556.482069 1300.000000 0.000000
2530.905257 1300.000000 0.000000
912.054200 1300.000000 0.000000
2555.160077 1300.000000 0.000000
3703.941026 1300.000000 0.000000
1829.943134 1300.000000 0.000000
804.044184 1300.000000 0.000000
2300.533926 1300.000000 0.000000
3139.182358 1300.000000 0.000000
3388.018440 1300.000000 0.000000
3490.982613 1300.000000 0.000000
2392.684339 1300.000000 0.000000
450.537971 1300.000000 0.000000
1693.642609 1300.000000 0.000000
476.068984 1300.000000 0.000000
2182.709819 1300.000000 0.000000
2373.366762 1300.000000 0.000000
2096.229632 1300.000000 0.000000
3887.684260 1300.000000 0.000000
3123.052823 1300.000000 0.000000
4902.182749 1300.000000 0.000000
1852.151006 1300.000000 0.000000
4154.063181 1300.000000 0.000000
704.032237 1300.000000 0.000000
3720.426537 1300.000000 0.000000
4148.698399 1300.000000 0.000000
1955.521592 1300.000000 0.000000
3109.781960 1300.000000 0.000000
1733.497388 1300.000000 0.000000
230.847623 1300.000000 0.000000
3065.331607 1300.000000 0.000000
2836.870240 1300.000000 0.000000
2494.470129 1300.000000 0.000000
3619.010394 1300.000000 0.000000
722.752624 1300.000000 0.000000
211.515817 1300.000000 0.000000
1553.935113 1300.000000 0.000000
608.205769 1300.000000 0.000000
1210.348355 1300.000000 0.000000
1905.294277 1300.000000 0.000000
2200.642686 1300.000000 0.000000
2998.979508 1300.000000 0.000000
3222.873270 1300.000000 0.000000
2163.131083 1300.000000 0.000000
2779.841310 1300.000000 0.000000
3584.205840 1300.000000 0.000000
3211.812574 1300.000000 0.000000
3428.883627 1300.000000 0.000000
480.790731 1300.000000 0.000000
614.667318 1300.000000 0.000000
284.987076 1300.000000 0.000000
4100.360222 1300.000000 0.000000
627.696429 1300.000000 0.000000
1578.725354 1300.000000 0.000000
902.834624 1300.000000 0.000000
711.136097 1300.000000 0.000000
3322.148066 1300.000000 0.000000
3425.946115 1300.000000 0.000000
955.009663 1300.000000 0.000000
2181.715093 1300.000000 0.000000
4822.296123 1300.000000 0.000000
4340.817952 1300.000000 0.000000
654.399827 1300.000000 0.000000
2422.211398 1300.000000 0.000000
1873.272256 1300.000000 0.000000
4502.375611 1300.000000 0.000000
893.283935 1300.000000 0.000000
3398.175653 1300.000000 0.000000
3114.371550 1300.000000 0.000000
4918.279748 1300.000000 0.000000
2203.573899 1300.000000 0.000000
4023.686387 1300.000000 0.000000
4974.225304 1300.000000 0.000000
2707.754807 1300.000000 0.000000
1279.527277 1300.000000 0.000000
3194.728177 1300.000000 0.000000
2879.551352 1300.000000 0.000000
1293.607098 1300.000000 0.000000
957.965006 1300.000000 0.000000
2228.315234 1300.000000 0.000000
746.332547 1300.000000 0.000000
4983.618446 1300.000000 0.000000
608.811111 1300.000000 0.000000
3257.696398 1300.000000 0.000000
138.975489 1300.000000 0.000000
1949.888011 1300.000000 0.000000
4139.565220 1300.000000 0.000000
1419.069536 1300.000000 0.000000
3051.018218 1300.000000 0.000000
1182.063748 1300.000000 0.000000
2054.105251 1300.000000 0.000000
3388.573083 1300.000000 0.000000
4235.632941 1300.000000 0.000000
3246.281139 1300.000000 0.000000
406.913256 1300.000000 0.000000
604.152418 1300.000000 0.000000
2395.996321 1300.000000 0.000000
3889.391788 1300.000000 0.000000
2359.888505 1300.000000 0.000000
4716.687554 1300.000000 0.000000
4904.004962 1300.000000 0.000000
1672.773653 1300.000000 0.000000
1013.339619 1300.000000 0.000000
1714.206170 1300.000000 0.000000
3267.721222 1300.000000 0.000000
3413.793984 1300.000000 0.000000
3049.680699 1300.000000 0.000000
499.635515 1300.000000 0.000000
3831.274905 1300.000000 0.000000
3677.907641 1300.000000 0.000000
1205.695700 1300.000000 0.000000
1315.893556 1300.000000 0.000000
4804.349493 1300.000000 0.000000
2116.978683 1300.000000 0.000000
1680.290729 1300.000000 0.000000
1.247489 1300.000000 0.000000
4344.205083 1300.000000 0.000000
18.765752 1300.000000 0.000000
829.231553 1300.000000 0.000000
59.104206 1300.000000 0.000000
3032.275368 1300.000000 0.000000
3649.860095 1300.000000 0.000000
3069.122785 1300.000000 0.000000
4828.840921 1300.000000 0.000000
2485.491306 1300.000000 0.000000
2649.427014 1300.000000 0.000000
2308.037659 1300.000000 0.000000
3565.168503 1300.000000 0.000000
2899.798838 1300.000000 0.000000
3414.012777 1300.000000 0.000000
4769.607570 1300.000000 0.000000
118.276018 1300.000000 0.000000
1400.550734 1300.000000 0.000000
4347.631767 1300.000000 0.000000
1496.666369 1300.000000 0.000000
1597.768017 1300.000000 0.000000
1504.758544 1300.000000 0.000000
4705.557432 1300.000000 0.000000
4240.635319 1300.000000 0.000000
3766.730647 1300.000000 0.000000
2691.220436 1300.000000 0.000000
2042.406907 1300.000000 0.000000
1061.856580 1300.000000 0.000000
380.702011 1300.000000 0.000000
1449.674541 1300.000000 0.000000
98.909169 1300.000000 0.000000
1206.239497 1300.000000 0.000000
1923.095824 1300.000000 0.000000
2274.534432 1300.000000 0.000000
1869.912605 1300.000000 0.000000
2200.943980 1300.000000 0.000000
589.484039 1300.000000 0.000000
4027.149223 1300.000000 0.000000
824.463207 1300.000000 0.000000
1412.649682 1300.000000 0.000000
863.426997 1300.000000 0.000000
4679.211648 1300.000000 0.000000
3404.765298 1300.000000 0.000000
668.483694 1300.000000 0.000000
1273.806114 1300.000000 0.000000
1997.224380 1300.000000 0.000000
1846.176825 1300.000000 0.000000
3631.809459 1300.000000 0.000000
1389.187297 1300.000000 0.000000
3467.845520 1300.000000 0.000000
2501.773444 1300.000000 0.000000
592.027691 1300.000000 0.000000
756.516675 1300.000000 0.000000
3407.234714 1300.000000 0.000000
3603.329592 1300.000000 0.000000
4898.234695 1300.000000 0.000000
3483.895556 1300.000000 0.000000
2786.050362 1300.000000 0.000000
3404.107409 1300.000000 0.000000
4776.760249 1300.000000 0.000000
2991.044782 1300.000000 0.000000
3852.269476 1300.000000 0.000000
4567.987428 1300.000000 0.000000
3294.793246 1300.000000 0.000000
3354.873067 1300.000000 0.000000
2890.925877 1300.000000 0.000000
4765.196451 1300.000000 0.000000
814.617290 1300.000000 0.000000
1675.284930 1300.000000 0.000000
4759.123520 1300.000000 0.000000
548.308218 1300.000000 0.000000
3096.511515 1300.000000 0.000000
4784.083712 1300.000000 0.000000
4926.215471 1300.000000 0.000000
353.688744 1300.000000 0.000000
2511.651950 1300.000000 0.000000
3403.606130 1300.000000 0.000000
2766.600328 1300.000000 0.000000
2935.027907 1300.000000 0.000000
3458.102808 1300.000000 0.000000
2313.239549 1300.000000 0.000000
2871.271468 1300.000000 0.000000
364.450440 1300.000000 0.000000
3191.332591 1300.000000 0.000000
1938.786441 1300.000000 0.000000
1104.801086 1300.000000 0.000000
11.159012 1300.000000 0.000000
2478.283877 1300.000000 0.000000
956.582616 1300.000000 0.000000
111.325040 1300.000000 0.000000
4517.945104 1300.000000 0.000000
3693.140877 1300.000000 0.000000
2222.654449 1300.000000 0.000000
2088.511216 1300.000000 0.000000
3804.305611 1300.000000 0.000000
2188.766111 1300.000000 0.000000
954.914307 1300.000000 0.000000
2885.564812 1300.000000 0.000000
663.441715 1300.000000 0.000000
1589.121735 1300.000000 0.000000
2434.582451 1300.000000 0.000000
4695.455346 1300.000000 0.000000
4669.731404 1300.000000 0.000000
368.300675 1300.000000 0.000000
3062.181476 1300.000000 0.000000
2573.743622 1300.000000 0.000000
3123.317908 1300.000000 0.000000
653.226310 1300.000000 0.000000
3226.052204 1300.000000 0.000000
670.742752 1300.000000 0.000000
3264.629840 1300.000000 0.000000
1326.050046 1300.000000 0.000000
1909.026343 1300.000000 0.000000
2951.075302 1300.000000 0.000000
3348.520411 1300.000000 0.000000
2771.662400 1300.000000 0.000000
97.523801 1300.000000 0.000000
921.734812 1300.000000 0.000000
4955.902311 1300.000000 0.000000
2868.388819 1300.000000 0.000000
3188.810427 1300.000000 0.000000
2974.287989 1300.000000 0.000000
2576.223441 1300.000000 0.000000
1653.467546 1300.000000 0.000000
1983.712248 1300.000000 0.000000
4419.827402 1300.000000 0.000000
3857.426330 1300.000000 0.000000
2995.376904 1300.000000 0.000000
123.633149 1300.000000 0.000000
61.293948 1300.000000 0.000000
3492.261597 1300.000000 0.000000
1329.955045 1300.000000 0.000000
3683.503607 1300.000000 0.000000
4999.863094 1300.000000 0.000000
3748.961578 1300.000000 0.000000
2424.777945 1300.000000 0.000000
4118.502643 1300.000000 0.000000
3113.885449 1300.000000 0.000000
4512.560470 1300.000000 0.000000
282.525644 1300.000000 0.000000
3695.386946 1300.000000 0.000000
1880.881099 1300.000000 0.000000
184.003825 1300.000000 0.000000
3880.991093 1300.000000 0.000000
4186.770931 1300.000000 0.000000
1725.409651 1300.000000 0.000000
409.213238 1300.000000 0.000000
1113.107724 1300.000000 0.000000
762.381593 1300.000000 0.000000
2005.885977 1300.000000 0.000000
2658.063041 1300.000000 0.000000
4058.533009 1300.000000 0.000000
203.887831 1300.000000 0.000000
589.445041 1300.000000 0.000000
2875.949827 1300.000000 0.000000
4161.811038 1300.000000 0.000000
1023.209264 1300.000000 0.000000
1193.608865 1300.000000 0.000000
4984.643498 1300.000000 0.000000
1292.952978 1300.000000 0.000000
4460.279838 1300.000000 0.000000
4234.298941 1300.000000 0.000000
1532.918531 1300.000000 0.000000
166.812459 1300.000000 0.000000
3532.102492 1300.000000 0.000000
968.078041 1300.000000 0.000000
2544.890688 1300.000000 0.000000
107.725734 1300.000000 0.000000
3363.663966 1300.000000 0.000000
4067.812222 1300.000000 0.000000
4036.420260 1300.000000 0.000000
2407.634216 1300.000000 0.000000
2687.595476 1300.000000 0.000000
3904.243031 1300.000000 0.000000
1679.244541 1300.000000 0.000000
3496.296856 1300.000000 0.000000
2129.276497 1300.000000 0.000000
4126.203316 1300.000000 0.000000
4728.068459 1300.000000 0.000000
2774.206251 1300.000000 0.000000
3552.475942 1300.000000 0.000000
1891.801829 1300.000000 0.000000
3241.693653 1300.000000 0.000000
228.363584 1300.000000 0.000000
777.386617 1300.000000 0.000000
4426.769838 1300.000000 0.000000
3607.828623 1300.000000 0.000000
4808.336007 1300.000000 0.000000
2151.504426 1300.000000 0.000000
660.156769 1300.000000 0.000000
2196.656044 1300.000000 0.000000
2335.938681 1300.000000 0.000000
2050.416083 1300.000000 0.000000
1385.983555 1300.000000 0.000000
1392.547796 1300.000000 0.000000
4773.104029 1300.000000 0.000000
4021.787457 1300.000000 0.000000
4842.552331 1300.000000 0.000000
4998.613957 1300.000000 0.000000
4735.801416 1300.000000 0.000000
1242.755688 1300.000000 0.000000
33.524930 1300.000000 0.000000
2223.636576 1300.000000 0.000000
3370.243891 1300.000000 0.000000
2482.401804 1300.000000 0.000000
105.046250 1300.000000 0.000000
4158.816109 1300.000000 0.000000
542.729261 1300.000000 0.000000
465.758197 1300.000000 0.000000
4451.028202 1300.000000 0.000000
2229.726053 1300.000000 0.000000
4534.533842 1300.000000 0.000000
2770.199105 1300.000000 0.000000
3797.171747 1300.000000 0.000000
4077.756919 1300.000000 0.000000
2664.842514 1300.000000 0.000000
275.675731 1300.000000 0.000000
269.928271 1300.000000 0.000000
4495.940951 1300.000000 0.000000
734.536869 1300.000000 0.000000
2413.236571 1300.000000 0.000000
336.514905 1300.000000 0.000000
1405.809323 1300.000000 0.000000
4664.245826 1300.000000 0.000000
2536.589665 1300.000000 0.000000
2822.515072 1300.000000 0.000000
4003.566001 1300.000000 0.000000
3229.437494 1300.000000 0.000000
1546.097489 1300.000000 0.000000
239.033033 1300.000000 0.000000
1259.829149 1300.000000 0.000000
3569.405711 1300.000000 0.000000
3354.970086 1300.000000 0.000000
3026.428799 1300.000000 0.000000
741.359496 1300.000000 0.000000
3976.251748 1300.000000 0.000000
3326.386766 1300.000000 0.000000
4271.510214 1300.000000 0.000000
4052.668384 1300.000000 0.000000
355.719919 1300.000000 0.000000
343.967839 1300.000000 0.000000
4452.332866 1300.000000 0.000000
3790.229784 1300.000000 0.000000
351.552936 1300.000000 0.000000
4260.472390 1300.000000 0.000000
3876.784508 1300.000000 0.000000
3424.476013 1300.000000 0.000000
1172.763936 1300.000000 0.000000
2307.878472 1300.000000 0.000000
4682.177287 1300.000000 0.000000
3324.732095 1300.000000 0.000000
2298.397949 1300.000000 0.000000
4439.117552 1300.000000 0.000000
2873.111303 1300.000000 0.000000
150.843117 1300.000000 0.000000
3836.773604 1300.000000 0.000000
1727.392776 1300.000000 0.000000
3045.615717 1300.000000 0.000000
1087.714352 1300.000000 0.000000
3218.802804 1300.000000 0.000000
2856.963243 1300.000000 0.000000
4011.555244 1300.000000 0.000000
4811.677736 1300.000000 0.000000
2008.849279 1300.000000 0.000000
4982.767090 1300.000000 0.000000
3729.729058 1300.000000 0.000000
2242.055917 1300.000000 0.000000
1978.921402 1300.000000 0.000000
616.949630 1300.000000 0.000000
2663.074564 1300.000000 0.000000
4166.898011 1300.000000 0.000000
4588.365648 1300.000000 0.000000
4128.037833 1300.000000 0.000000
2229.576998 1300.000000 0.000000
1335.681006 1300.000000 0.000000
3321.994498 1300.000000 0.000000
3834.303471 1300.000000 0.000000
3329.841375 1300.000000 0.000000
2519.775525 1300.000000 0.000000
4175.768509 1300.000000 0.000000
3112.026893 1300.000000 0.000000
2287.694591 1300.000000 0.000000
2774.916389 1300.000000 0.000000
1829.068550 1300.000000 0.000000
3281.511156 1300.000000 0.000000
4585.193347 1300.000000 0.000000
1380.272957 1300.000000 0.000000
606.072207 1300.000000 0.000000
4830.891270 1300.000000 0.000000
3487.195042 1300.000000 0.000000
2217.738947 1300.000000 0.000000
3150.979121 1300.000000 0.000000
1841.733374 1300.000000 0.000000
1190.959781 1300.000000 0.000000
1501.369103 1300.000000 0.000000
3551.660859 1300.000000 0.000000
237.374190 1300.000000 0.000000
2462.627217 1300.000000 0.000000
406.269899 1300.000000 0.000000
610.083910 1300.000000 0.000000
4965.510900 1300.000000 0.000000
1775.455136 1300.000000 0.000000
3824.318653 1300.000000 0.000000
4520.497714 1300.000000 0.000000
1980.548063 1300.000000 0.000000
4085.674281 1300.000000 0.000000
1744.871108 1300.000000 0.000000
1330.968168 1300.000000 0.000000
1837.509788 1300.000000 0.000000
3761.581066 1300.000000 0.000000
2939.000119 1300.000000 0.000000
2447.105474 1300.000000 0.000000
3367.370304 1300.000000 0.000000
1641.480696 1300.000000 0.000000
4269.729196 1300.000000 0.000000
4161.903682 1300.000000 0.000000
797.943432 1300.000000 0.000000
1612.055108 1300.000000 0.000000
4750.868536 1300.000000 0.000000
476.883560 1300.000000 0.000000
1155.099276 1300.000000 0.000000
4303.038762 1300.000000 0.000000
1798.135961 1300.000000 0.000000
4924.218495 1300.000000 0.000000
159.878340 1300.000000 0.000000
4143.249572 1300.000000 0.000000
2584.047448 1300.000000 0.000000
2447.039618 1300.000000 0.000000
4819.886490 1300.000000 0.000000
4800.658695 1300.000000 0.000000
3409.083955 1300.000000 0.000000
4303.940844 1300.000000 0.000000
2279.146408 1300.000000 0.000000
1661.953279 1300.000000 0.000000
295.749021 1300.000000 0.000000
2261.229884 1300.000000 0.000000
1086.771080 1300.000000 0.000000
1728.037200 1300.000000 0.000000
2749.859967 1300.000000 0.000000
1588.111258 1300.000000 0.000000
4464.882213 1300.000000 0.000000
2450.227252 1300.000000 0.000000
1282.395048 1300.000000 0.000000
4844.993191 1300.000000 0.000000
4553.182324 1300.000000 0.000000
1133.587989 1300.000000 0.000000
1639.142861 1300.000000 0.000000
1433.510450 1300.000000 0.000000
712.575272 1300.000000 0.000000
496.408696 1300.000000 0.000000
961.662045 1300.000000 0.000000
1541.884346 1300.000000 0.000000
4357.079795 1300.000000 0.000000
1955.743929 1300.000000 0.000000
3943.304410 1300.000000 0.000000
1004.080203 1300.000000 0.000000
4932.379795 1300.000000 0.000000
4414.310629 1300.000000 0.000000
549.312255 1300.000000 0.000000
1771.416275 1300.000000 0.000000
2778.713410 1300.000000 0.000000
3453.492289 1300.000000 0.000000
3219.078761 1300.000000 0.000000
1815.521425 1300.000000 0.000000
394.313555 1300.000000 0.000000
1004.102069 1300.000000 0.000000
3584.867651 1300.000000 0.000000
3721.768729 1300.000000 0.000000
3838.182151 1300.000000 0.000000
1227.212253 1300.000000 0.000000
3340.045596 1300.000000 0.000000
4434.946886 1300.000000 0.000000
1834.249654 1300.000000 0.000000
2657.783140 1300.000000 0.000000
2514.219894 1300.000000 0.000000
1572.718348 1300.000000 0.000000
3112.706821 1300.000000 0.000000
99.519291 1300.000000 0.000000
3381.775672 1300.000000 0.000000
2149.093108 1300.000000 0.000000
1164.176059 1300.000000 0.000000
4938.097285 1300.000000 0.000000
1532.860677 1300.000000 0.000000
2473.185188 1300.000000 0.000000
3743.074466 1300.000000 0.000000
4459.217804 1300.000000 0.000000
226.427480 1300.000000 0.000000
2137.805360 1300.000000 0.000000
1134.892212 1300.000000 0.000000
2420.364926 1300.000000 0.000000
823.228150 1300.000000 0.000000
449.037441 1300.000000 0.000000
1921.318687 1300.000000 0.000000
119.177361 1300.000000 0.000000
1648.672734 1300.000000 0.000000
2656.153679 1300.000000 0.000000
2383.416804 1300.000000 0.000000
4387.412368 1300.000000 0.000000
2277.508138 1300.000000 0.000000
2486.512475 1300.000000 0.000000
1980.921503 1300.000000 0.000000
4430.623640 1300.000000 0.000000
3680.350460 1300.000000 0.000000
544.587976 1300.000000 0.000000
1989.609511 1300.000000 0.000000
4212.875105 1300.000000 0.000000
4131.001600 1300.000000 0.000000
4683.275827 1300.000000 0.000000
1227.948051 1300.000000 0.000000
3198.443082 1300.000000 0.000000
2466.675155 1300.000000 0.000000
367.247534 1300.000000 0.000000
3900.690506 1300.000000 0.000000
210.560616 1300.000000 0.000000
3505.582383 1300.000000 0.000000
4702.616334 1300.000000 0.000000
3502.740852 1300.000000 0.000000
3883.801359 1300.000000 0.000000
963.712904 1300.000000 0.000000
34.626344 1300.000000 0.000000
4214.918128 1300.000000 0.000000
4596.620882 1300.000000 0.000000
1210.416344 1300.000000 0.000000
950.503370 1300.000000 0.000000
3675.423195 1300.000000 0.000000
822.611594 1300.000000 0.000000
4951.532250 1300.000000 0.000000
4914.239699 1300.000000 0.000000
3285.847694 1300.000000 0.000000
93.868221 1300.000000 0.000000
3797.982412 1300.000000 0.000000
1787.838053 1300.000000 0.000000
2545.081719 1300.000000 0.000000
3694.498405 1300.000000 0.000000
2839.615818 1300.000000 0.000000
1445.283170 1300.000000 0.000000
2075.085702 1300.000000 0.000000
4905.272806 1300.000000 0.000000
1829.422395 1300.000000 0.000000
2589.391307 1300.000000 0.000000
4221.045109 1300.000000 0.000000
4840.613264 1300.000000 0.000000
1294.472642 1300.000000 0.000000
2391.552204 1300.000000 0.000000
2186.704932 1300.000000 0.000000
1896.990003 1300.000000 0.000000
1015.409419 1300.000000 0.000000
2754.103742 1300.000000 0.000000
1277.713613 1300.000000 0.000000
2750.490153 1300.000000 0.000000
4352.389695 1300.000000 0.000000
1206.151068 1300.000000 0.000000
785.541188 1300.000000 0.000000
1091.304137 1300.000000 0.000000
581.388687 1300.000000 0.000000
3745.091377 1300.000000 0.000000
791.453293 1300.000000 0.000000
2381.769533 1300.000000 0.000000
2726.636617 1300.000000 0.000000
4394.890607 1300.000000 0.000000
85.721085 1300.000000 0.000000
2714.909937 1300.000000 0.000000
1590.090408 1300.000000 0.000000
3944.026714 1300.000000 0.000000
4358.606871 1300.000000 0.000000
3692.452047 1300.000000 0.000000
461.665073 1300.000000 0.000000
1506.993215 1300.000000 0.000000
3185.516432 1300.000000 0.000000
2857.821357 1300.000000 0.000000
3564.051710 1300.000000 0.000000
3221.446211 1300.000000 0.000000
1152.380039 1300.000000 0.000000
4858.477932 1300.000000 0.000000
4830.797141 1300.000000 0.000000
1459.419543 1300.000000 0.000000
876.429089 1300.000000 0.000000
1564.412761 1300.000000 0.000000
4923.256399 1300.000000 0.000000
2841.956771 1300.000000 0.000000
4222.342819 1300.000000 0.000000
722.169540 1300.000000 0.000000
2299.703048 1300.000000 0.000000
3039.489526 1300.000000 0.000000
920.613526 1300.000000 0.000000
1714.027465 1300.000000 0.000000
3032.164988 1300.000000 0.000000
4190.982927 1300.000000 0.000000
930.942589 1300.000000 0.000000
151.372345 1300.000000 0.000000
1536.959289 1300.000000 0.000000
626.430145 1300.000000 0.000000
1351.974824 1300.000000 0.000000
4370.807403 1300.000000 0.000000
1852.547787 1300.000000 0.000000
4471.166850 1300.000000 0.000000
2039.978369 1300.000000 0.000000
4409.392343 1300.000000 0.000000
3239.756192 1300.000000 0.000000
1184.933637 1300.000000 0.000000
2644.036679 1300.000000 0.000000
1468.657712 1300.000000 0.000000
471.602126 1300.000000 0.000000
4672.693129 1300.000000 0.000000
608.396662 1300.000000 0.000000
1748.408802 1300.000000 0.000000
335.134289 1300.000000 0.000000
3210.983846 1300.000000 0.000000
3462.235688 1300.000000 0.000000
1674.633666 1300.000000 0.000000
1871.220968 1300.000000 0.000000
1569.425256 1300.000000 0.000000
2693.691473 1300.000000 0.000000
492.962615 1300.000000 0.000000
2452.571127 1300.000000 0.000000
1643.678352 1300.000000 0.000000
3548.628968 1300.000000 0.000000
4408.490148 1300.000000 0.000000
1965.002405 1300.000000 0.000000
4271.216365 1300.000000 0.000000
2318.882965 1300.000000 0.000000
2635.281949 1300.000000 0.000000
2466.549462 1300.000000 0.000000
1338.921681 1300.000000 0.000000
2915.387381 1300.000000 0.000000
286.757083 1300.000000 0.000000
4796.681842 1300.000000 0.000000
3857.085867 1300.000000 0.000000
213.592316 1300.000000 0.000000
2492.166844 1300.000000 0.000000
261.471351 1300.000000 0.000000
2807.757248 1300.000000 0.000000
4801.809547 1300.000000 0.000000
3099.086570 1300.000000 0.000000
2643.141841 1300.000000 0.000000
3491.175893 1300.000000 0.000000
930.810208 1300.000000 0.000000
2769.990838 1300.000000 0.000000
3330.601458 1300.000000 0.000000
763.655243 1300.000000 0.000000
4743.750787 1300.000000 0.000000
934.128945 1300.000000 0.000000
2902.563320 1300.000000 0.000000
4255.122208 1300.000000 0.000000
534.329218 1300.000000 0.000000
3379.308684 1300.000000 0.000000
3980.226200 1300.000000 0.000000
3288.230515 1300.000000 0.000000
46.747619 1300.000000 0.000000
1031.337939 1300.000000 0.000000
3182.101840 1300.000000 0.000000
191.282302 1300.000000 0.000000
3388.551251 1300.000000 0.000000
3389.589627 1300.000000 0.000000
3358.421343 1300.000000 0.000000
1981.588580 1300.000000 0.000000
3307.985237 1300.000000 0.000000
3166.801917 1300.000000 0.000000
4810.621194 1300.000000 0.000000
4963.557089 1300.000000 0.000000
496.724132 1300.000000 0.000000
339.466371 1300.000000 0.000000
2130.065758 1300.000000 0.000000
4735.227511 1300.000000 0.000000
3541.630047 1300.000000 0.000000
2334.089231 1300.000000 0.000000
224.181443 1300.000000 0.000000
3742.904608 1300.000000 0.000000
3391.853472 1300.000000 0.000000
1054.606716 1300.000000 0.000000
1992.451531 1300.000000 0.000000
4768.377923 1300.000000 0.000000
144.511424 1300.000000 0.000000
4678.832847 1300.000000 0.000000
4234.652368 1300.000000 0.000000
3313.800879 1300.000000 0.000000
4339.554517 1300.000000 0.000000
3261.796618 1300.000000 0.000000
2264.024701 1300.000000 0.000000
1526.144912 1300.000000 0.000000
1760.174935 1300.000000 0.000000
1398.217011 1300.000000 0.000000
1180.227970 1300.000000 0.000000
135.017304 1300.000000 0.000000
3260.311943 1300.000000 0.000000
3560.001133 1300.000000 0.000000
3099.654334 1300.000000 0.000000
627.195388 1300.000000 0.000000
2263.949817 1300.000000 0.000000
4611.657548 1300.000000 0.000000
604.221796 1300.000000 0.000000
2019.044873 1300.000000 0.000000
1301.452230 1300.000000 0.000000
3894.218192 1300.000000 0.000000
3339.205998 1300.000000 0.000000
133.947186 1300.000000 0.000000
2456.661504 1300.000000 0.000000
4575.304438 1300.000000 0.000000
3520.126733 1300.000000 0.000000
3141.004265 1300.000000 0.000000
2891.692333 1300.000000 0.000000
3145.782078 1300.000000 0.000000
3652.053245 1300.000000 0.000000
3206.591670 1300.000000 0.000000
2318.546673 1300.000000 0.000000
3071.456196 1300.000000 0.000000
1272.353278 1300.000000 0.000000
4043.413459 1300.000000 0.000000
1144.918652 1300.000000 0.000000
2252.389981 1300.000000 0.000000
4371.175709 1300.000000 0.000000
1013.869529 1300.000000 0.000000
2618.555961 1300.000000 0.000000
632.591329 1300.000000 0.000000
2897.014495 1300.000000 0.000000
1309.423352 1300.000000 0.000000
1038.845285 1300.000000 0.000000
2764.190801 1300.000000 0.000000
4256.976820 1300.000000 0.000000
2567.972187 1300.000000 0.000000
2791.299223 1300.000000 0.000000
3330.742677 1300.000000 0.000000
4994.873285 1300.000000 0.000000
891.370372 1300.000000 0.000000
583.698179 1300.000000 0.000000
342.127716 1300.000000 0.000000
3113.566887 1300.000000 0.000000
1572.414752 1300.000000 0.000000
4449.139666 1300.000000 0.000000
4032.388300 1300.000000 0.000000
2149.584745 1300.000000 0.000000
2623.477288 1300.000000 0.000000
2263.377651 1300.000000 0.000000
3153.715607 1300.000000 0.000000
2832.972427 1300.000000 0.000000
4794.303316 1300.000000 0.000000
4540.261432 1300.000000 0.000000
3504.491311 1300.000000 0.000000
1885.126921 1300.000000 0.000000
3418.981129 1300.000000 0.000000
990.442311 1300.000000 0.000000
3087.003496 1300.000000 0.000000
2068.630792 1300.000000 0.000000
4117.942083 1300.000000 0.000000
3777.889740 1300.000000 0.000000
3515.486586 1300.000000 0.000000
1821.471389 1300.000000 0.000000
4098.934931 1300.000000 0.000000
3757.908817 1300.000000 0.000000
243.847545 1300.000000 0.000000
2642.845016 1300.000000 0.000000
3083.740962 1300.000000 0.000000
1354.714155 1300.000000 0.000000
4004.208733 1300.000000 0.000000
1175.871113 1300.000000 0.000000
4518.932762 1300.000000 0.000000
1294.007846 1300.000000 0.000000
956.682062 1300.000000 0.000000
62.051710 1300.000000 0.000000
4267.069991 1300.000000 0.000000
3105.043558 1300.000000 0.000000
4279.309656 1300.000000 0.000000
700.531005 1300.000000 0.000000
4363.439820 1300.000000 0.000000
3544.198677 1300.000000 0.000000
463.204946 1300.000000 0.000000
103.752097 1300.000000 0.000000
3913.182592 1300.000000 0.000000
150.412618 1300.000000 0.000000
2523.053160 1300.000000 0.000000
408.110891 1300.000000 0.000000
3867.468724 1300.000000 0.000000
4362.886408 1300.000000 0.000000
4400.156240 1300.000000 0.000000
4417.621496 1300.000000 0.000000
4362.136641 1300.000000 0.000000
2293.611127 1300.000000 0.000000
4511.494206 1300.000000 0.000000
2739.524759 1300.000000 0.000000
279.942176 1300.000000 0.000000
2955.899439 1300.000000 0.000000
2819.708547 1300.000000 0.000000
3880.650379 1300.000000 0.000000
1477.848892 1300.000000 0.000000
204.268267 1300.000000 0.000000
1992.835916 1300.000000 0.000000
1411.373101 1300.000000 0.000000
4033.581605 1300.000000 0.000000
2535.796810 1300.000000 0.000000
3440.754823 1300.000000 0.000000
2473.320202 1300.000000 0.000000
2272.730202 1300.000000 0.000000
2107.400456 1300.000000 0.000000
196.258664 1300.000000 0.000000
455.981016 1300.000000 0.000000
1969.076546 1300.000000 0.000000
676.865974 1300.000000 0.000000
4843.252915 1300.000000 0.000000
4058.380554 1300.000000 0.000000
1629.827055 1300.000000 0.000000
4809.995890 1300.000000 0.000000
501.406010 1300.000000 0.000000
514.623062 1300.000000 0.000000
1536.295452 1300.000000 0.000000
1668.410298 1300.000000 0.000000
4289.830668 1300.000000 0.000000
2614.608681 1300.000000 0.000000
3077.500205 1300.000000 0.000000
4907.793419 1300.000000 0.000000
3987.423693 1300.000000 0.000000
994.048371 1300.000000 0.000000
2283.520951 1300.000000 0.000000
2854.853985 1300.000000 0.000000
1074.543482 1300.000000 0.000000
3432.166571 1300.000000 0.000000
1393.010576 1300.000000 0.000000
898.699241 1300.000000 0.000000
1987.489731 1300.000000 0.000000
814.294675 1300.000000 0.000000
4013.108810 1300.000000 0.000000
418.229566 1300.000000 0.000000
3191.353761 1300.000000 0.000000
1154.282592 1300.000000 0.000000
2900.471897 1300.000000 0.000000
4321.462569 1300.000000 0.000000
4663.691436 1300.000000 0.000000
4106.965618 1300.000000 0.000000
2402.952363 1300.000000 0.000000
3181.865079 1300.000000 0.000000
907.543279 1300.000000 0.000000
2346.002506 1300.000000 0.000000
1546.382206 1300.000000 0.000000
3344.052156 1300.000000 0.000000
3611.705806 1300.000000 0.000000
2874.283345 1300.000000 0.000000
2639.272565 1300.000000 0.000000
4046.157793 1300.000000 0.000000
4934.413307 1300.000000 0.000000
1619.302480 1300.000000 0.000000
3031.982294 1300.000000 0.000000
3797.794828 1300.000000 0.000000
3954.840901 1300.000000 0.000000
349.649071 1300.000000 0.000000
2752.327070 1300.000000 0.000000
46.491412 1300.000000 0.000000
3923.147374 1300.000000 0.000000
3445.220572 1300.000000 0.000000
4817.940454 1300.000000 0.000000
2582.207988 1300.000000 0.000000
1785.891523 1300.000000 0.000000
2411.684459 1300.000000 0.000000
2149.798010 1300.000000 0.000000
4981.530737 1300.000000 0.000000
3005.880055 1300.000000 0.000000
3925.021035 1300.000000 0.000000
4852.710606 1300.000000 0.000000
2439.272745 1300.000000 0.000000
474.633761 1300.000000 0.000000
4896.658866 1300.000000 0.000000
604.388696 1300.000000 0.000000
3151.301681 1300.000000 0.000000
971.237698 1300.000000 0.000000
1065.408515 1300.000000 0.000000
72.993899 1300.000000 0.000000
1833.355575 1300.000000 0.000000
1700.503887 1300.000000 0.000000
3608.931737 1300.000000 0.000000
1837.665563 1300.000000 0.000000
105.167686 1300.000000 0.000000
658.439962 1300.000000 0.000000
2933.798379 1300.000000 0.000000
3668.023201 1300.000000 0.000000
4318.175754 1300.000000 0.000000
684.973228 1300.000000 0.000000
262.134889 1300.000000 0.000000
2031.117042 1300.000000 0.000000
1208.284735 1300.000000 0.000000
2362.253515 1300.000000 0.000000
4361.079896 1300.000000 0.000000
2273.596163 1300.000000 0.000000
357.895348 1300.000000 0.000000
1570.306221 1300.000000 0.000000
2464.115571 1300.000000 0.000000
3708.605669 1300.000000 0.000000
3473.918317 1300.000000 0.000000
4914.339359 1300.000000 0.000000
1598.740686 1300.000000 0.000000
4021.018520 1300.000000 0.000000
267.339076 1300.000000 0.000000
3730.776741 1300.000000 0.000000
1517.374654 1300.000000 0.000000
465.407569 1300.000000 0.000000
4672.658321 1300.000000 0.000000
3734.340931 1300.000000 0.000000
500.242357 1300.000000 0.000000
3601.482540 1300.000000 0.000000
1053.768699 1300.000000 0.000000
4815.483748 1300.000000 0.000000
3745.947056 1300.000000 0.000000
3698.109660 1300.000000 0.000000
2550.361636 1300.000000 0.000000
436.464932 1300.000000 0.000000
3250.102347 1300.000000 0.000000
411.824248 1300.000000 0.000000
3634.603727 1300.000000 0.000000
2663.091327 1300.000000 0.000000
3746.529332 1300.000000 0.000000
4306.334700 1300.000000 0.000000
173.497241 1300.000000 0.000000
465.612292 1300.000000 0.000000
3276.285476 1300.000000 0.000000
4797.589236 1300.000000 0.000000
2435.286155 1300.000000 0.000000
4299.478724 1300.000000 0.000000
423.972105 1300.000000 0.000000
3592.708575 1300.000000 0.000000
4254.591640 1300.000000 0.000000
4094.423908 1300.000000 0.000000
3581.372299 1300.000000 0.000000
2041.119649 1300.000000 0.000000
3182.928350 1300.000000 0.000000
2619.193515 1300.000000 0.000000
1860.194362 1300.000000 0.000000
1767.130484 1300.000000 0.000000
2990.245235 1300.000000 0.000000
487.434373 1300.000000 0.000000
1381.765191 1300.000000 0.000000
