1094.778442 1200.000000 1.000000
948.062744 1200.000000 1.000000
1238.842041 1200.000000 1.000000
1082.522583 1200.000000 1.000000
1263.301758 1200.000000 1.000000
1028.083374 1200.000000 1.000000
1775.285889 1200.000000 1.000000
1497.294312 1200.000000 1.000000
1320.675415 1200.000000 1.000000
1686.367676 1200.000000 1.000000
830.100464 1200.000000 1.000000
1220.738037 1200.000000 1.000000
1110.982788 1200.000000 1.000000
1450.318237 1200.000000 1.000000
867.755310 1200.000000 1.000000
1051.918701 1200.000000 1.000000
1077.113281 1200.000000 1.000000
1217.124268 1200.000000 1.000000
989.110352 1200.000000 1.000000
1487.755615 1200.000000 1.000000
1492.536133 1200.000000 1.000000
1314.117310 1200.000000 1.000000
2552.368896 1200.000000 1.000000
1104.201172 1200.000000 1.000000
2241.773926 1200.000000 1.000000
1186.626465 1200.000000 1.000000
1037.628174 1200.000000 1.000000
1924.802612 1200.000000 1.000000
2186.196045 1200.000000 1.000000
1321.957764 1200.000000 1.000000
2214.138916 1200.000000 1.000000
1348.574097 1200.000000 1.000000
2955.608643 1200.000000 1.000000
1469.033081 1200.000000 1.000000
1091.350830 1200.000000 1.000000
1169.293457 1200.000000 1.000000
1366.418213 1200.000000 1.000000
1149.725708 1200.000000 1.000000
1079.405396 1200.000000 1.000000
1511.903564 1200.000000 1.000000
1173.183960 1200.000000 1.000000
1262.758545 1200.000000 1.000000
1243.385986 1200.000000 1.000000
1079.348755 1200.000000 1.000000
1176.419922 1200.000000 1.000000
1443.861938 1200.000000 1.000000
1457.687500 1200.000000 1.000000
737.941467 1200.000000 1.000000
1285.693237 1200.000000 1.000000
1228.849243 1200.000000 1.000000
1016.723755 1200.000000 1.000000
2557.272461 1200.000000 1.000000
908.954956 1200.000000 1.000000
1113.047852 1200.000000 1.000000
1297.721436 1200.000000 1.000000
933.897644 1200.000000 1.000000
1250.542358 1200.000000 1.000000
1701.873901 1200.000000 1.000000
1181.829346 1200.000000 1.000000
1323.991699 1200.000000 1.000000
1048.339233 1200.000000 1.000000
1230.848389 1200.000000 1.000000
1260.394287 1200.000000 1.000000
1878.870239 1200.000000 1.000000
1375.281616 1200.000000 1.000000
2136.094727 1200.000000 1.000000
1312.046387 1200.000000 1.000000
1217.105835 1200.000000 1.000000
1514.040283 1200.000000 1.000000
1186.851685 1200.000000 1.000000
1312.862671 1200.000000 1.000000
1715.831055 1200.000000 1.000000
1189.959351 1200.000000 1.000000
1462.630127 1200.000000 1.000000
1370.141602 1200.000000 1.000000
1056.336426 1200.000000 1.000000
1133.179443 1200.000000 1.000000
1340.496094 1200.000000 1.000000
1734.317993 1200.000000 1.000000
1280.720703 1200.000000 1.000000
1362.590088 1200.000000 1.000000
1183.666382 1200.000000 1.000000
1259.040283 1200.000000 1.000000
1707.479858 1200.000000 1.000000
1931.000488 1200.000000 1.000000
1531.560059 1200.000000 1.000000
1327.179443 1200.000000 1.000000
1586.174805 1200.000000 1.000000
1202.255615 1200.000000 1.000000
1597.099609 1200.000000 1.000000
1240.545288 1200.000000 1.000000
1522.913818 1200.000000 1.000000
1235.880981 1200.000000 1.000000
1116.786865 1200.000000 1.000000
1877.944458 1200.000000 1.000000
1244.596313 1200.000000 1.000000
1705.640747 1200.000000 1.000000
2042.660645 1200.000000 1.000000
2203.068115 1200.000000 1.000000
1298.895508 1200.000000 1.000000
859.908020 1200.000000 1.000000
2196.857178 1200.000000 1.000000
1310.197021 1200.000000 1.000000
1361.045654 1200.000000 1.000000
1062.145996 1200.000000 1.000000
1203.955322 1200.000000 1.000000
1682.674072 1200.000000 1.000000
1188.887329 1200.000000 1.000000
1239.588745 1200.000000 1.000000
1063.432495 1200.000000 1.000000
1495.411011 1200.000000 1.000000
1804.338623 1200.000000 1.000000
1290.511841 1200.000000 1.000000
2035.596558 1200.000000 1.000000
1943.339111 1200.000000 1.000000
1455.728760 1200.000000 1.000000
974.805115 1200.000000 1.000000
1057.262817 1200.000000 1.000000
2919.370605 1200.000000 1.000000
1164.300537 1200.000000 1.000000
1195.438843 1200.000000 1.000000
1532.708984 1200.000000 1.000000
1180.312866 1200.000000 1.000000
970.586060 1200.000000 1.000000
1150.113281 1200.000000 1.000000
1255.072632 1200.000000 1.000000
1194.222168 1200.000000 1.000000
1312.321411 1200.000000 1.000000
1047.678711 1200.000000 1.000000
1373.059326 1200.000000 1.000000
1518.167603 1200.000000 1.000000
2859.020752 1200.000000 1.000000
1482.421631 1200.000000 1.000000
1643.476074 1200.000000 1.000000
1259.379639 1200.000000 1.000000
1242.433105 1200.000000 1.000000
1147.282715 1200.000000 1.000000
1606.851074 1200.000000 1.000000
2662.010498 1200.000000 1.000000
1202.241455 1200.000000 1.000000
1184.235840 1200.000000 1.000000
2376.161621 1200.000000 1.000000
1289.194580 1200.000000 1.000000
1583.956177 1200.000000 1.000000
1222.281006 1200.000000 1.000000
1293.225708 1200.000000 1.000000
1345.464233 1200.000000 1.000000
1879.457031 1200.000000 1.000000
1200.506470 1200.000000 1.000000
1457.411133 1200.000000 1.000000
1019.925415 1200.000000 1.000000
1773.146118 1200.000000 1.000000
1201.978516 1200.000000 1.000000
1213.020264 1200.000000 1.000000
1385.240356 1200.000000 1.000000
1418.887329 1200.000000 1.000000
1791.903076 1200.000000 1.000000
1420.058472 1200.000000 1.000000
1601.232544 1200.000000 1.000000
1404.526611 1200.000000 1.000000
1077.809448 1200.000000 1.000000
2556.760742 1200.000000 1.000000
1325.937256 1200.000000 1.000000
1113.773682 1200.000000 1.000000
1999.760254 1200.000000 1.000000
1033.425659 1200.000000 1.000000
1435.640259 1200.000000 1.000000
1145.925903 1200.000000 1.000000
1409.622925 1200.000000 1.000000
902.311890 1200.000000 1.000000
1101.021362 1200.000000 1.000000
698.627869 1200.000000 1.000000
2047.052246 1200.000000 1.000000
1526.225220 1200.000000 1.000000
1708.623657 1200.000000 1.000000
1888.407104 1200.000000 1.000000
1389.249023 1200.000000 1.000000
1602.168823 1200.000000 1.000000
1180.571899 1200.000000 1.000000
1641.083984 1200.000000 1.000000
4177.360840 1200.000000 1.000000
1326.979614 1200.000000 1.000000
1208.255737 1200.000000 1.000000
2043.766602 1200.000000 1.000000
1305.666382 1200.000000 1.000000
952.796387 1200.000000 1.000000
1404.014038 1200.000000 1.000000
1053.142822 1200.000000 1.000000
1337.307129 1200.000000 1.000000
1099.560303 1200.000000 1.000000
2622.364014 1200.000000 1.000000
1456.426392 1200.000000 1.000000
1055.501099 1200.000000 1.000000
1335.041870 1200.000000 1.000000
1093.809082 1200.000000 1.000000
1590.912598 1200.000000 1.000000
1432.162598 1200.000000 1.000000
1113.546509 1200.000000 1.000000
812.270264 1200.000000 1.000000
1574.519287 1200.000000 1.000000
2539.038818 1200.000000 1.000000
1497.706055 1200.000000 1.000000
1412.298462 1200.000000 1.000000
1248.772949 1200.000000 1.000000
981.501465 1200.000000 1.000000
1795.509521 1200.000000 1.000000
776.081665 1200.000000 1.000000
1561.794434 1200.000000 1.000000
2237.103027 1200.000000 1.000000
827.702148 1200.000000 1.000000
1128.159302 1200.000000 1.000000
1186.690674 1200.000000 1.000000
1339.614624 1200.000000 1.000000
1857.520508 1200.000000 1.000000
1402.149536 1200.000000 1.000000
1123.760132 1200.000000 1.000000
1147.429565 1200.000000 1.000000
1336.970947 1200.000000 1.000000
1753.322632 1200.000000 1.000000
1682.895874 1200.000000 1.000000
1060.752075 1200.000000 1.000000
1056.894043 1200.000000 1.000000
1046.521240 1200.000000 1.000000
1148.465576 1200.000000 1.000000
1616.527466 1200.000000 1.000000
1440.014648 1200.000000 1.000000
1581.596436 1200.000000 1.000000
1183.136719 1200.000000 1.000000
1045.059692 1200.000000 1.000000
2410.697754 1200.000000 1.000000
1604.378906 1200.000000 1.000000
1059.998657 1200.000000 1.000000
1499.324341 1200.000000 1.000000
1860.177490 1200.000000 1.000000
992.857300 1200.000000 1.000000
1206.084106 1200.000000 1.000000
1203.771973 1200.000000 1.000000
1777.383545 1200.000000 1.000000
1213.167358 1200.000000 1.000000
1095.964600 1200.000000 1.000000
1108.978638 1200.000000 1.000000
1179.323364 1200.000000 1.000000
1875.037354 1200.000000 1.000000
2154.975098 1200.000000 1.000000
1105.638672 1200.000000 1.000000
1208.750488 1200.000000 1.000000
1050.093140 1200.000000 1.000000
916.297363 1200.000000 1.000000
1285.632080 1200.000000 1.000000
2268.724121 1200.000000 1.000000
1366.205933 1200.000000 1.000000
1188.809692 1200.000000 1.000000
1365.193481 1200.000000 1.000000
1738.326538 1200.000000 1.000000
2293.699463 1200.000000 1.000000
1452.053711 1200.000000 1.000000
894.663147 1200.000000 1.000000
978.780273 1200.000000 1.000000
1855.759399 1200.000000 1.000000
1100.936401 1200.000000 1.000000
2327.503174 1200.000000 1.000000
831.633240 1200.000000 1.000000
2000.176880 1200.000000 1.000000
1775.811646 1200.000000 1.000000
1083.078857 1200.000000 1.000000
1665.151367 1200.000000 1.000000
1042.670532 1200.000000 1.000000
1472.900635 1200.000000 1.000000
1115.999146 1200.000000 1.000000
1134.976440 1200.000000 1.000000
1187.557129 1200.000000 1.000000
1181.502686 1200.000000 1.000000
1304.278564 1200.000000 1.000000
1258.059326 1200.000000 1.000000
1548.653076 1200.000000 1.000000
968.245300 1200.000000 1.000000
1460.219971 1200.000000 1.000000
2978.934814 1200.000000 1.000000
2066.235596 1200.000000 1.000000
1152.756714 1200.000000 1.000000
1274.348511 1200.000000 1.000000
1894.391602 1200.000000 1.000000
1169.685303 1200.000000 1.000000
3446.662109 1200.000000 1.000000
1115.523560 1200.000000 1.000000
1322.060303 1200.000000 1.000000
1260.288696 1200.000000 1.000000
1331.474976 1200.000000 1.000000
1102.939819 1200.000000 1.000000
2193.256348 1200.000000 1.000000
898.107361 1200.000000 1.000000
1025.676514 1200.000000 1.000000
1042.195557 1200.000000 1.000000
1410.485474 1200.000000 1.000000
1239.815308 1200.000000 1.000000
2099.265137 1200.000000 1.000000
1058.489014 1200.000000 1.000000
1125.851196 1200.000000 1.000000
1423.351074 1200.000000 1.000000
1282.004883 1200.000000 1.000000
2098.322998 1200.000000 1.000000
1149.511841 1200.000000 1.000000
2611.653809 1200.000000 1.000000
1196.830933 1200.000000 1.000000
998.179626 1200.000000 1.000000
901.084778 1200.000000 1.000000
840.780273 1200.000000 1.000000
1200.593384 1200.000000 1.000000
1195.509521 1200.000000 1.000000
1220.279053 1200.000000 1.000000
2535.176514 1200.000000 1.000000
957.442871 1200.000000 1.000000
1079.286133 1200.000000 1.000000
1184.721069 1200.000000 1.000000
1277.821655 1200.000000 1.000000
1060.183472 1200.000000 1.000000
1787.250366 1200.000000 1.000000
1110.384521 1200.000000 1.000000
2143.884033 1200.000000 1.000000
1389.660278 1200.000000 1.000000
1204.478271 1200.000000 1.000000
1137.810425 1200.000000 1.000000
1170.616699 1200.000000 1.000000
1061.644165 1200.000000 1.000000
859.764404 1200.000000 1.000000
1200.795166 1200.000000 1.000000
1458.342529 1200.000000 1.000000
1145.159058 1200.000000 1.000000
1623.543945 1200.000000 1.000000
1191.459106 1200.000000 1.000000
1256.103882 1200.000000 1.000000
1582.685425 1200.000000 1.000000
1214.496338 1200.000000 1.000000
1208.588135 1200.000000 1.000000
1136.922485 1200.000000 1.000000
941.114624 1200.000000 1.000000
909.477478 1200.000000 1.000000
1069.075195 1200.000000 1.000000
2359.290771 1200.000000 1.000000
1169.172852 1200.000000 1.000000
1494.550537 1200.000000 1.000000
1397.777466 1200.000000 1.000000
1100.439697 1200.000000 1.000000
1248.654785 1200.000000 1.000000
1481.831543 1200.000000 1.000000
1349.899414 1200.000000 1.000000
1093.885986 1200.000000 1.000000
1220.709839 1200.000000 1.000000
2219.606689 1200.000000 1.000000
1724.870117 1200.000000 1.000000
2129.491699 1200.000000 1.000000
1059.442627 1200.000000 1.000000
1664.470581 1200.000000 1.000000
1095.842407 1200.000000 1.000000
2085.731445 1200.000000 1.000000
1482.483765 1200.000000 1.000000
1267.727783 1200.000000 1.000000
770.774902 1200.000000 1.000000
1436.586548 1200.000000 1.000000
1169.030029 1200.000000 1.000000
1336.790527 1200.000000 1.000000
1145.783203 1200.000000 1.000000
1056.277344 1200.000000 1.000000
1382.256958 1200.000000 1.000000
1504.015869 1200.000000 1.000000
1675.472290 1200.000000 1.000000
1069.455200 1200.000000 1.000000
1332.056763 1200.000000 1.000000
2117.975342 1200.000000 1.000000
1185.032837 1200.000000 1.000000
1536.020386 1200.000000 1.000000
983.914124 1200.000000 1.000000
845.968201 1200.000000 1.000000
958.596619 1200.000000 1.000000
1192.950317 1200.000000 1.000000
1002.075623 1200.000000 1.000000
1308.685669 1200.000000 1.000000
1465.074585 1200.000000 1.000000
825.955444 1200.000000 1.000000
1030.585083 1200.000000 1.000000
1595.221191 1200.000000 1.000000
1182.556763 1200.000000 1.000000
1058.202515 1200.000000 1.000000
1031.797241 1200.000000 1.000000
1156.049927 1200.000000 1.000000
1682.107544 1200.000000 1.000000
1011.328491 1200.000000 1.000000
1209.107300 1200.000000 1.000000
2465.710205 1200.000000 1.000000
1177.167603 1200.000000 1.000000
1334.401733 1200.000000 1.000000
1793.759644 1200.000000 1.000000
974.988525 1200.000000 1.000000
1007.366089 1200.000000 1.000000
1003.903931 1200.000000 1.000000
1123.840576 1200.000000 1.000000
1236.157349 1200.000000 1.000000
1408.439697 1200.000000 1.000000
1259.643188 1200.000000 1.000000
1221.962646 1200.000000 1.000000
1358.180542 1200.000000 1.000000
2543.832275 1200.000000 1.000000
1046.990112 1200.000000 1.000000
1064.399902 1200.000000 1.000000
1059.269409 1200.000000 1.000000
1014.069275 1200.000000 1.000000
1154.962158 1200.000000 1.000000
1157.314697 1200.000000 1.000000
2423.965332 1200.000000 1.000000
1083.421387 1200.000000 1.000000
1709.198242 1200.000000 1.000000
1481.126465 1200.000000 1.000000
1564.113770 1200.000000 1.000000
1363.881226 1200.000000 1.000000
2282.182129 1200.000000 1.000000
1483.740723 1200.000000 1.000000
1505.323853 1200.000000 1.000000
1297.594238 1200.000000 1.000000
934.087097 1200.000000 1.000000
1138.791382 1200.000000 1.000000
973.531433 1200.000000 1.000000
1091.063721 1200.000000 1.000000
1764.007202 1200.000000 1.000000
1036.738281 1200.000000 1.000000
1650.736572 1200.000000 1.000000
789.753357 1200.000000 1.000000
2060.971680 1200.000000 1.000000
1927.945801 1200.000000 1.000000
1246.127686 1200.000000 1.000000
1227.161499 1200.000000 1.000000
1197.879761 1200.000000 1.000000
863.694519 1200.000000 1.000000
1275.981689 1200.000000 1.000000
1318.045166 1200.000000 1.000000
1064.838867 1200.000000 1.000000
989.328979 1200.000000 1.000000
1550.316284 1200.000000 1.000000
1189.689697 1200.000000 1.000000
1084.963745 1200.000000 1.000000
1161.272461 1200.000000 1.000000
2955.920654 1200.000000 1.000000
1370.178955 1200.000000 1.000000
1168.931763 1200.000000 1.000000
1198.334106 1200.000000 1.000000
1470.158691 1200.000000 1.000000
1946.840820 1200.000000 1.000000
979.728943 1200.000000 1.000000
2666.056152 1200.000000 1.000000
823.815796 1200.000000 1.000000
1074.055054 1200.000000 1.000000
1102.945801 1200.000000 1.000000
1001.795776 1200.000000 1.000000
1822.995483 1200.000000 1.000000
1157.310303 1200.000000 1.000000
981.633911 1200.000000 1.000000
1634.298950 1200.000000 1.000000
2566.207031 1200.000000 1.000000
3609.125000 1200.000000 1.000000
1743.591675 1200.000000 1.000000
1146.904663 1200.000000 1.000000
1214.848267 1200.000000 1.000000
1473.731445 1200.000000 1.000000
1754.629028 1200.000000 1.000000
1745.570312 1200.000000 1.000000
2792.864746 1200.000000 1.000000
1314.823120 1200.000000 1.000000
969.282593 1200.000000 1.000000
1603.659424 1200.000000 1.000000
1065.537964 1200.000000 1.000000
1471.575806 1200.000000 1.000000
1757.135010 1200.000000 1.000000
960.874939 1200.000000 1.000000
956.604248 1200.000000 1.000000
1093.963989 1200.000000 1.000000
1527.222412 1200.000000 1.000000
943.818665 1200.000000 1.000000
1250.794800 1200.000000 1.000000
834.909668 1200.000000 1.000000
1002.638611 1200.000000 1.000000
2177.903564 1200.000000 1.000000
1180.330444 1200.000000 1.000000
1491.084229 1200.000000 1.000000
1092.822388 1200.000000 1.000000
1811.330444 1200.000000 1.000000
1073.303467 1200.000000 1.000000
1557.076782 1200.000000 1.000000
1085.646606 1200.000000 1.000000
1468.890503 1200.000000 1.000000
881.051453 1200.000000 1.000000
1167.104980 1200.000000 1.000000
1133.126343 1200.000000 1.000000
1328.601685 1200.000000 1.000000
1342.648682 1200.000000 1.000000
1501.388794 1200.000000 1.000000
905.059631 1200.000000 1.000000
1453.895752 1200.000000 1.000000
1103.297729 1200.000000 1.000000
1509.219604 1200.000000 1.000000
978.577148 1200.000000 1.000000
1219.946533 1200.000000 1.000000
1359.237061 1200.000000 1.000000
1983.910034 1200.000000 1.000000
1204.833374 1200.000000 1.000000
1600.894165 1200.000000 1.000000
1412.593628 1200.000000 1.000000
929.595337 1200.000000 1.000000
1001.591919 1200.000000 1.000000
1192.221680 1200.000000 1.000000
1286.728394 1200.000000 1.000000
1253.185425 1200.000000 1.000000
1992.405762 1200.000000 1.000000
878.396667 1200.000000 1.000000
1664.885376 1200.000000 1.000000
1295.683838 1200.000000 1.000000
940.558716 1200.000000 1.000000
1574.799805 1200.000000 1.000000
1020.592102 1200.000000 1.000000
1726.402832 1200.000000 1.000000
1682.393066 1200.000000 1.000000
1845.043823 1200.000000 1.000000
1407.675781 1200.000000 1.000000
903.251709 1200.000000 1.000000
1118.122437 1200.000000 1.000000
1120.998535 1200.000000 1.000000
1295.085815 1200.000000 1.000000
1836.087036 1200.000000 1.000000
907.554932 1200.000000 1.000000
1311.686157 1200.000000 1.000000
1499.026855 1200.000000 1.000000
1512.357300 1200.000000 1.000000
1017.841003 1200.000000 1.000000
1206.496582 1200.000000 1.000000
1381.685059 1200.000000 1.000000
1357.146729 1200.000000 1.000000
1422.104858 1200.000000 1.000000
1554.082031 1200.000000 1.000000
1366.083618 1200.000000 1.000000
1736.106323 1200.000000 1.000000
1086.320435 1200.000000 1.000000
1036.558350 1200.000000 1.000000
1647.611206 1200.000000 1.000000
1359.513916 1200.000000 1.000000
1185.655151 1200.000000 1.000000
1225.921997 1200.000000 1.000000
1583.206421 1200.000000 1.000000
2538.778809 1200.000000 1.000000
1220.535522 1200.000000 1.000000
1197.385376 1200.000000 1.000000
1078.976196 1200.000000 1.000000
1170.354492 1200.000000 1.000000
2123.406738 1200.000000 1.000000
1056.918823 1200.000000 1.000000
1131.007935 1200.000000 1.000000
921.280945 1200.000000 1.000000
1727.041870 1200.000000 1.000000
968.792480 1200.000000 1.000000
1468.286011 1200.000000 1.000000
1065.635132 1200.000000 1.000000
1385.224121 1200.000000 1.000000
950.763611 1200.000000 1.000000
838.854309 1200.000000 1.000000
1563.368530 1200.000000 1.000000
745.020569 1200.000000 1.000000
1368.309937 1200.000000 1.000000
852.502502 1200.000000 1.000000
1139.783203 1200.000000 1.000000
1840.036377 1200.000000 1.000000
879.255981 1200.000000 1.000000
1352.747437 1200.000000 1.000000
2882.525635 1200.000000 1.000000
1474.052734 1200.000000 1.000000
1088.443237 1200.000000 1.000000
939.474854 1200.000000 1.000000
884.359680 1200.000000 1.000000
1093.751709 1200.000000 1.000000
2710.802979 1200.000000 1.000000
735.908325 1200.000000 1.000000
1012.459778 1200.000000 1.000000
961.452820 1200.000000 1.000000
1351.836914 1200.000000 1.000000
1480.051392 1200.000000 1.000000
2061.716553 1200.000000 1.000000
1294.704224 1200.000000 1.000000
756.249084 1200.000000 1.000000
1435.882812 1200.000000 1.000000
1817.938721 1200.000000 1.000000
1067.601807 1200.000000 1.000000
1471.386841 1200.000000 1.000000
1037.126587 1200.000000 1.000000
1614.394287 1200.000000 1.000000
1343.196777 1200.000000 1.000000
2051.806152 1200.000000 1.000000
1539.122070 1200.000000 1.000000
1295.706909 1200.000000 1.000000
869.173828 1200.000000 1.000000
1889.077148 1200.000000 1.000000
1102.294189 1200.000000 1.000000
916.364685 1200.000000 1.000000
821.855591 1200.000000 1.000000
1593.584473 1200.000000 1.000000
2013.663086 1200.000000 1.000000
1613.489502 1200.000000 1.000000
1604.523804 1200.000000 1.000000
1609.831909 1200.000000 1.000000
1193.847168 1200.000000 1.000000
901.131531 1200.000000 1.000000
3006.263672 1200.000000 1.000000
1714.236328 1200.000000 1.000000
2424.715576 1200.000000 1.000000
1739.098999 1200.000000 1.000000
2254.333252 1200.000000 1.000000
1455.470337 1200.000000 1.000000
1120.559937 1200.000000 1.000000
1446.394287 1200.000000 1.000000
1265.275146 1200.000000 1.000000
1227.553223 1200.000000 1.000000
1369.845215 1200.000000 1.000000
990.380554 1200.000000 1.000000
1757.457153 1200.000000 1.000000
1318.099854 1200.000000 1.000000
1282.073242 1200.000000 1.000000
1854.427490 1200.000000 1.000000
1177.918335 1200.000000 1.000000
1089.221313 1200.000000 1.000000
1536.473511 1200.000000 1.000000
1103.992920 1200.000000 1.000000
1082.290039 1200.000000 1.000000
1541.030396 1200.000000 1.000000
1425.323242 1200.000000 1.000000
1526.455444 1200.000000 1.000000
1116.730591 1200.000000 1.000000
1270.885254 1200.000000 1.000000
1392.456787 1200.000000 1.000000
1175.682861 1200.000000 1.000000
1350.451782 1200.000000 1.000000
1229.433716 1200.000000 1.000000
1197.414917 1200.000000 1.000000
1429.486450 1200.000000 1.000000
1477.110840 1200.000000 1.000000
1310.802368 1200.000000 1.000000
1361.619995 1200.000000 1.000000
1250.412720 1200.000000 1.000000
3079.992432 1200.000000 1.000000
1259.863892 1200.000000 1.000000
1315.382324 1200.000000 1.000000
714.595459 1200.000000 1.000000
1204.676514 1200.000000 1.000000
1471.644775 1200.000000 1.000000
1208.274292 1200.000000 1.000000
1903.619507 1200.000000 1.000000
984.846497 1200.000000 1.000000
1881.342529 1200.000000 1.000000
1398.110718 1200.000000 1.000000
1663.292603 1200.000000 1.000000
1382.250122 1200.000000 1.000000
1508.024414 1200.000000 1.000000
1171.251831 1200.000000 1.000000
1356.610840 1200.000000 1.000000
1428.722900 1200.000000 1.000000
1263.770020 1200.000000 1.000000
1187.590332 1200.000000 1.000000
1203.043579 1200.000000 1.000000
1233.726685 1200.000000 1.000000
1395.065308 1200.000000 1.000000
1372.751831 1200.000000 1.000000
1116.964722 1200.000000 1.000000
1052.247559 1200.000000 1.000000
1548.574951 1200.000000 1.000000
1100.020752 1200.000000 1.000000
1327.283203 1200.000000 1.000000
950.270386 1200.000000 1.000000
1559.829590 1200.000000 1.000000
1197.547607 1200.000000 1.000000
855.414917 1200.000000 1.000000
1445.828125 1200.000000 1.000000
1245.279175 1200.000000 1.000000
757.649292 1200.000000 1.000000
1268.020386 1200.000000 1.000000
1796.675781 1200.000000 1.000000
1362.725952 1200.000000 1.000000
1185.143555 1200.000000 1.000000
1321.748047 1200.000000 1.000000
1327.031372 1200.000000 1.000000
1098.132080 1200.000000 1.000000
1152.081055 1200.000000 1.000000
1397.949585 1200.000000 1.000000
1413.527954 1200.000000 1.000000
1605.832764 1200.000000 1.000000
1190.425659 1200.000000 1.000000
2320.496094 1200.000000 1.000000
1792.349487 1200.000000 1.000000
1005.831482 1200.000000 1.000000
1087.057495 1200.000000 1.000000
2225.724854 1200.000000 1.000000
1262.900024 1200.000000 1.000000
1070.291626 1200.000000 1.000000
1225.628906 1200.000000 1.000000
1190.825928 1200.000000 1.000000
957.070435 1200.000000 1.000000
953.430359 1200.000000 1.000000
2241.511963 1200.000000 1.000000
1162.372437 1200.000000 1.000000
1722.474121 1200.000000 1.000000
2290.705566 1200.000000 1.000000
991.574829 1200.000000 1.000000
1203.929688 1200.000000 1.000000
1188.036743 1200.000000 1.000000
2753.450195 1200.000000 1.000000
874.385803 1200.000000 1.000000
1349.640503 1200.000000 1.000000
1202.500366 1200.000000 1.000000
1873.892822 1200.000000 1.000000
1399.680786 1200.000000 1.000000
1869.367676 1200.000000 1.000000
916.661926 1200.000000 1.000000
1219.139038 1200.000000 1.000000
1162.979858 1200.000000 1.000000
2579.617920 1200.000000 1.000000
1422.636719 1200.000000 1.000000
1508.411255 1200.000000 1.000000
955.507935 1200.000000 1.000000
1159.465820 1200.000000 1.000000
1916.293335 1200.000000 1.000000
2192.299316 1200.000000 1.000000
2602.552002 1200.000000 1.000000
1832.592651 1200.000000 1.000000
2263.478027 1200.000000 1.000000
1267.831787 1200.000000 1.000000
694.922241 1200.000000 1.000000
2202.699707 1200.000000 1.000000
896.744080 1200.000000 1.000000
1471.198486 1200.000000 1.000000
1529.710815 1200.000000 1.000000
1238.125732 1200.000000 1.000000
1457.795288 1200.000000 1.000000
2235.795166 1200.000000 1.000000
1164.578979 1200.000000 1.000000
1711.730469 1200.000000 1.000000
1263.158203 1200.000000 1.000000
1569.747070 1200.000000 1.000000
1285.266846 1200.000000 1.000000
923.153320 1200.000000 1.000000
1271.913330 1200.000000 1.000000
928.457886 1200.000000 1.000000
1796.567505 1200.000000 1.000000
4282.159180 1200.000000 1.000000
1241.550537 1200.000000 1.000000
1673.206421 1200.000000 1.000000
1417.457275 1200.000000 1.000000
1145.987183 1200.000000 1.000000
803.437988 1200.000000 1.000000
1041.918213 1200.000000 1.000000
1216.953613 1200.000000 1.000000
1145.145630 1200.000000 1.000000
2016.620483 1200.000000 1.000000
1660.305786 1200.000000 1.000000
998.185669 1200.000000 1.000000
1053.878540 1200.000000 1.000000
1154.218384 1200.000000 1.000000
2958.455078 1200.000000 1.000000
1194.320068 1200.000000 1.000000
1048.017944 1200.000000 1.000000
1059.644409 1200.000000 1.000000
1228.534180 1200.000000 1.000000
1727.008667 1200.000000 1.000000
1179.633667 1200.000000 1.000000
1953.108398 1200.000000 1.000000
1350.353271 1200.000000 1.000000
1199.412231 1200.000000 1.000000
1481.377808 1200.000000 1.000000
1583.912720 1200.000000 1.000000
1368.770264 1200.000000 1.000000
1126.762573 1200.000000 1.000000
3309.648193 1200.000000 1.000000
743.959717 1200.000000 1.000000
892.348145 1200.000000 1.000000
1733.015259 1200.000000 1.000000
1018.353149 1200.000000 1.000000
1177.041870 1200.000000 1.000000
1803.127197 1200.000000 1.000000
1553.439697 1200.000000 1.000000
1355.099121 1200.000000 1.000000
1172.286987 1200.000000 1.000000
1473.917114 1200.000000 1.000000
1465.269531 1200.000000 1.000000
1137.368774 1200.000000 1.000000
1260.171875 1200.000000 1.000000
1361.084717 1200.000000 1.000000
1749.724976 1200.000000 1.000000
1498.928223 1200.000000 1.000000
2365.503418 1200.000000 1.000000
1096.615723 1200.000000 1.000000
1019.975952 1200.000000 1.000000
1024.627930 1200.000000 1.000000
1221.229980 1200.000000 1.000000
1307.407715 1200.000000 1.000000
2116.637695 1200.000000 1.000000
1014.380859 1200.000000 1.000000
954.394531 1200.000000 1.000000
1277.256226 1200.000000 1.000000
1674.903198 1200.000000 1.000000
1279.014526 1200.000000 1.000000
987.202698 1200.000000 1.000000
955.725403 1200.000000 1.000000
1939.414917 1200.000000 1.000000
966.328064 1200.000000 1.000000
1069.865479 1200.000000 1.000000
1027.878052 1200.000000 1.000000
1126.954468 1200.000000 1.000000
1243.546997 1200.000000 1.000000
1436.123657 1200.000000 1.000000
1285.551758 1200.000000 1.000000
1107.932861 1200.000000 1.000000
1070.503418 1200.000000 1.000000
1061.949829 1200.000000 1.000000
4893.709473 1200.000000 1.000000
1290.514282 1200.000000 1.000000
1644.574341 1200.000000 1.000000
949.947754 1200.000000 1.000000
1089.544556 1200.000000 1.000000
889.922913 1200.000000 1.000000
2396.595947 1200.000000 1.000000
1016.312988 1200.000000 1.000000
1067.906982 1200.000000 1.000000
1806.454346 1200.000000 1.000000
1192.955566 1200.000000 1.000000
1114.533203 1200.000000 1.000000
1243.920654 1200.000000 1.000000
2117.069580 1200.000000 1.000000
1140.566528 1200.000000 1.000000
1414.717163 1200.000000 1.000000
1348.973755 1200.000000 1.000000
1965.520996 1200.000000 1.000000
1837.150269 1200.000000 1.000000
1482.026001 1200.000000 1.000000
1067.874512 1200.000000 1.000000
1726.523438 1200.000000 1.000000
2116.883301 1200.000000 1.000000
936.496277 1200.000000 1.000000
1063.481812 1200.000000 1.000000
1390.859009 1200.000000 1.000000
762.708496 1200.000000 1.000000
1212.583374 1200.000000 1.000000
1224.510986 1200.000000 1.000000
1151.446899 1200.000000 1.000000
1111.357300 1200.000000 1.000000
2044.497314 1200.000000 1.000000
1832.941772 1200.000000 1.000000
1568.121582 1200.000000 1.000000
885.717041 1200.000000 1.000000
1152.612549 1200.000000 1.000000
1086.000366 1200.000000 1.000000
1191.833984 1200.000000 1.000000
906.175049 1200.000000 1.000000
1144.461548 1200.000000 1.000000
905.665649 1200.000000 1.000000
1045.334961 1200.000000 1.000000
1010.653687 1200.000000 1.000000
1427.602295 1200.000000 1.000000
1218.372314 1200.000000 1.000000
1879.128052 1200.000000 1.000000
1133.951172 1200.000000 1.000000
1339.914551 1200.000000 1.000000
1033.031616 1200.000000 1.000000
1480.168213 1200.000000 1.000000
2600.870850 1200.000000 1.000000
1944.214355 1200.000000 1.000000
1331.043701 1200.000000 1.000000
1135.516724 1200.000000 1.000000
1255.352783 1200.000000 1.000000
1272.365601 1200.000000 1.000000
1676.831543 1200.000000 1.000000
1167.209351 1200.000000 1.000000
2021.825073 1200.000000 1.000000
1250.460815 1200.000000 1.000000
1080.160522 1200.000000 1.000000
1167.983765 1200.000000 1.000000
1247.612427 1200.000000 1.000000
1112.380127 1200.000000 1.000000
1174.183838 1200.000000 1.000000
1150.093628 1200.000000 1.000000
2599.011963 1200.000000 1.000000
1602.371948 1200.000000 1.000000
1273.749634 1200.000000 1.000000
1044.503418 1200.000000 1.000000
1096.770874 1200.000000 1.000000
1157.191040 1200.000000 1.000000
1209.923584 1200.000000 1.000000
1391.365112 1200.000000 1.000000
1578.266968 1200.000000 1.000000
1278.998657 1200.000000 1.000000
1614.744385 1200.000000 1.000000
1474.668335 1200.000000 1.000000
1551.494141 1200.000000 1.000000
1602.932861 1200.000000 1.000000
858.439819 1200.000000 1.000000
1266.775391 1200.000000 1.000000
1138.429688 1200.000000 1.000000
1254.798584 1200.000000 1.000000
1614.886963 1200.000000 1.000000
1193.406616 1200.000000 1.000000
1508.847412 1200.000000 1.000000
1171.171387 1200.000000 1.000000
1481.651123 1200.000000 1.000000
2330.020996 1200.000000 1.000000
1117.725952 1200.000000 1.000000
2942.539551 1200.000000 1.000000
1151.492432 1200.000000 1.000000
1292.573853 1200.000000 1.000000
1015.429016 1200.000000 1.000000
1021.324585 1200.000000 1.000000
1142.342651 1200.000000 1.000000
1013.988953 1200.000000 1.000000
1368.512939 1200.000000 1.000000
1692.680420 1200.000000 1.000000
1281.599365 1200.000000 1.000000
1159.502563 1200.000000 1.000000
1147.453491 1200.000000 1.000000
1312.922974 1200.000000 1.000000
3356.642334 1200.000000 1.000000
1190.117554 1200.000000 1.000000
1338.226318 1200.000000 1.000000
1126.311523 1200.000000 1.000000
1242.488647 1200.000000 1.000000
1199.109863 1200.000000 1.000000
1187.700684 1200.000000 1.000000
1388.938965 1200.000000 1.000000
969.452271 1200.000000 1.000000
1317.492188 1200.000000 1.000000
1041.701416 1200.000000 1.000000
859.780396 1200.000000 1.000000
1517.083618 1200.000000 1.000000
1309.111816 1200.000000 1.000000
3257.140137 1200.000000 1.000000
1204.417114 1200.000000 1.000000
1296.389160 1200.000000 1.000000
1778.298828 1200.000000 1.000000
1209.103638 1200.000000 1.000000
1171.266724 1200.000000 1.000000
1221.109863 1200.000000 1.000000
1458.567017 1200.000000 1.000000
3276.380371 1200.000000 1.000000
2508.848633 1200.000000 1.000000
1142.201782 1200.000000 1.000000
1563.797974 1200.000000 1.000000
1086.568115 1200.000000 1.000000
1501.234009 1200.000000 1.000000
1647.111572 1200.000000 1.000000
1706.548584 1200.000000 1.000000
2149.014160 1200.000000 1.000000
1908.711792 1200.000000 1.000000
1773.952271 1200.000000 1.000000
1635.459473 1200.000000 1.000000
1203.210205 1200.000000 1.000000
1495.900879 1200.000000 1.000000
1795.749146 1200.000000 1.000000
1308.100830 1200.000000 1.000000
1276.422729 1200.000000 1.000000
1069.345581 1200.000000 1.000000
1076.941895 1200.000000 1.000000
2005.734497 1200.000000 1.000000
856.591431 1200.000000 1.000000
1495.787109 1200.000000 1.000000
1078.623169 1200.000000 1.000000
2508.020996 1200.000000 1.000000
1018.480469 1200.000000 1.000000
1063.303467 1200.000000 1.000000
1066.286133 1200.000000 1.000000
1137.140137 1200.000000 1.000000
1365.795044 1200.000000 1.000000
1179.833984 1200.000000 1.000000
944.477051 1200.000000 1.000000
1243.333862 1200.000000 1.000000
1056.250000 1200.000000 1.000000
1224.554199 1200.000000 1.000000
2465.705566 1200.000000 1.000000
1177.098633 1200.000000 1.000000
1355.815552 1200.000000 1.000000
1195.939087 1200.000000 1.000000
1514.674927 1200.000000 1.000000
1101.431763 1200.000000 1.000000
1205.674438 1200.000000 1.000000
1056.142578 1200.000000 1.000000
1402.861694 1200.000000 1.000000
1155.301392 1200.000000 1.000000
1382.377686 1200.000000 1.000000
1136.272705 1200.000000 1.000000
1135.155151 1200.000000 1.000000
1069.768188 1200.000000 1.000000
1066.168213 1200.000000 1.000000
1358.462646 1200.000000 1.000000
4743.267090 1200.000000 1.000000
1503.791382 1200.000000 1.000000
1069.891846 1200.000000 1.000000
1031.387939 1200.000000 1.000000
1017.104736 1200.000000 1.000000
1025.289062 1200.000000 1.000000
970.763245 1200.000000 1.000000
1064.585327 1200.000000 1.000000
828.851135 1200.000000 1.000000
1023.512024 1200.000000 1.000000
1320.922607 1200.000000 1.000000
1471.832886 1200.000000 1.000000
1183.188965 1200.000000 1.000000
2323.276611 1200.000000 1.000000
1199.416260 1200.000000 1.000000
1182.965210 1200.000000 1.000000
2585.439209 1200.000000 1.000000
812.669067 1200.000000 1.000000
1260.591431 1200.000000 1.000000
1481.960938 1200.000000 1.000000
1020.813049 1200.000000 1.000000
1307.572998 1200.000000 1.000000
1022.015930 1200.000000 1.000000
1498.040527 1200.000000 1.000000
1397.600708 1200.000000 1.000000
3094.498535 1200.000000 1.000000
1109.352905 1200.000000 1.000000
1140.937500 1200.000000 1.000000
1095.779663 1200.000000 1.000000
1487.819458 1200.000000 1.000000
1112.782715 1200.000000 1.000000
3469.603271 1200.000000 1.000000
1073.963745 1200.000000 1.000000
1563.873657 1200.000000 1.000000
1253.042969 1200.000000 1.000000
1554.896973 1200.000000 1.000000
1103.227783 1200.000000 1.000000
1752.031616 1200.000000 1.000000
1565.192261 1200.000000 1.000000
1708.300537 1200.000000 1.000000
1516.949341 1200.000000 1.000000
1165.397705 1200.000000 1.000000
1438.978271 1200.000000 1.000000
1209.889893 1200.000000 1.000000
933.766113 1200.000000 1.000000
1544.427856 1200.000000 1.000000
1123.869507 1200.000000 1.000000
749.903564 1200.000000 1.000000
1650.014038 1200.000000 1.000000
957.749146 1200.000000 1.000000
3599.249268 1200.000000 1.000000
1362.686279 1200.000000 1.000000
1893.945190 1200.000000 1.000000
1459.274048 1200.000000 1.000000
1123.142578 1200.000000 1.000000
1468.826050 1200.000000 1.000000
1157.947144 1200.000000 1.000000
738.171326 1200.000000 1.000000
1113.706299 1200.000000 1.000000
2130.950195 1200.000000 1.000000
1336.860474 1200.000000 1.000000
1904.338867 1200.000000 1.000000
1488.094971 1200.000000 1.000000
1053.501953 1200.000000 1.000000
1046.147339 1200.000000 1.000000
887.310242 1200.000000 1.000000
1103.584106 1200.000000 1.000000
1414.493408 1200.000000 1.000000
1322.948120 1200.000000 1.000000
1746.771606 1200.000000 1.000000
2191.176025 1200.000000 1.000000
1230.963745 1200.000000 1.000000
1460.535767 1200.000000 1.000000
1274.784668 1200.000000 1.000000
1430.146240 1200.000000 1.000000
1531.499146 1200.000000 1.000000
856.817017 1200.000000 1.000000
1583.876465 1200.000000 1.000000
3491.030762 1200.000000 1.000000
1214.356567 1200.000000 1.000000
1307.169800 1200.000000 1.000000
1178.089600 1200.000000 1.000000
1528.137451 1200.000000 1.000000
1019.523315 1200.000000 1.000000
1173.442749 1200.000000 1.000000
2263.501953 1200.000000 1.000000
1538.857544 1200.000000 1.000000
1633.977539 1200.000000 1.000000
1141.809082 1200.000000 1.000000
1091.150879 1200.000000 1.000000
1189.660278 1200.000000 1.000000
1306.534424 1200.000000 1.000000
1420.625488 1200.000000 1.000000
1379.494141 1200.000000 1.000000
1056.121216 1200.000000 1.000000
1657.848267 1200.000000 1.000000
1548.339111 1200.000000 1.000000
1135.354736 1200.000000 1.000000
983.712402 1200.000000 1.000000
1202.521118 1200.000000 1.000000
895.355286 1200.000000 1.000000
1324.865723 1200.000000 1.000000
1021.483093 1200.000000 1.000000
1339.788574 1200.000000 1.000000
1055.875854 1200.000000 1.000000
1430.531738 1200.000000 1.000000
1875.372559 1200.000000 1.000000
998.325500 1200.000000 1.000000
1062.153931 1200.000000 1.000000
2038.710327 1200.000000 1.000000
1215.830933 1200.000000 1.000000
878.948608 1200.000000 1.000000
1780.061646 1200.000000 1.000000
1151.316284 1200.000000 1.000000
2350.601318 1200.000000 1.000000
2211.105957 1200.000000 1.000000
1334.570312 1200.000000 1.000000
1034.927490 1200.000000 1.000000
1264.832275 1200.000000 1.000000
1791.358032 1200.000000 1.000000
2109.206299 1200.000000 1.000000
1112.814453 1200.000000 1.000000
2642.065674 1200.000000 1.000000
1128.095947 1200.000000 1.000000
1310.248413 1200.000000 1.000000
1360.370850 1200.000000 1.000000
1537.283691 1200.000000 1.000000
1135.327515 1200.000000 1.000000
1116.088013 1200.000000 1.000000
1220.031006 1200.000000 1.000000
1298.819214 1200.000000 1.000000
935.624939 1200.000000 1.000000
1392.610107 1200.000000 1.000000
1084.514526 1200.000000 1.000000
1666.814819 1200.000000 1.000000
1463.519287 1200.000000 1.000000
1208.272339 1200.000000 1.000000
1230.720459 1200.000000 1.000000
1298.314453 1200.000000 1.000000
1260.500854 1200.000000 1.000000
1502.105957 1200.000000 1.000000
991.845459 1200.000000 1.000000
1144.881714 1200.000000 1.000000
1087.532959 1200.000000 1.000000
1317.993530 1200.000000 1.000000
1075.586792 1200.000000 1.000000
1252.561890 1200.000000 1.000000
1907.630005 1200.000000 1.000000
971.148987 1200.000000 1.000000
1120.893188 1200.000000 1.000000
1862.957886 1200.000000 1.000000
1108.266479 1200.000000 1.000000
2171.650146 1200.000000 1.000000
1033.489014 1200.000000 1.000000
1416.386719 1200.000000 1.000000
819.687744 1200.000000 1.000000
1544.090698 1200.000000 1.000000
1403.616943 1200.000000 1.000000
1418.490234 1200.000000 1.000000
1355.599121 1200.000000 1.000000
885.098572 1200.000000 1.000000
1300.169312 1200.000000 1.000000
1778.774780 1200.000000 1.000000
934.322510 1200.000000 1.000000
1229.812866 1200.000000 1.000000
1183.685303 1200.000000 1.000000
1170.853638 1200.000000 1.000000
2975.034180 1200.000000 1.000000
1297.385010 1200.000000 1.000000
1201.017578 1200.000000 1.000000
986.934265 1200.000000 1.000000
1176.319946 1200.000000 1.000000
1531.779907 1200.000000 1.000000
1120.108032 1200.000000 1.000000
1212.305664 1200.000000 1.000000
1945.790161 1200.000000 1.000000
1033.854004 1200.000000 1.000000
1316.966187 1200.000000 1.000000
985.600342 1200.000000 1.000000
1587.142334 1200.000000 1.000000
1366.691772 1200.000000 1.000000
921.484558 1200.000000 1.000000
1332.898682 1200.000000 1.000000
1226.959351 1200.000000 1.000000
2074.613770 1200.000000 1.000000
1578.961304 1200.000000 1.000000
2334.388916 1200.000000 1.000000
1057.910767 1200.000000 1.000000
1221.362061 1200.000000 1.000000
1200.271118 1200.000000 1.000000
1556.093384 1200.000000 1.000000
1217.834473 1200.000000 1.000000
1590.771851 1200.000000 1.000000
1601.760620 1200.000000 1.000000
1249.635132 1200.000000 1.000000
1181.074829 1200.000000 1.000000
1414.515991 1200.000000 1.000000
1309.638550 1200.000000 1.000000
1315.254150 1200.000000 1.000000
1362.545654 1200.000000 1.000000
1182.458618 1200.000000 1.000000
1769.829712 1200.000000 1.000000
1134.951538 1200.000000 1.000000
1122.059326 1200.000000 1.000000
1284.637207 1200.000000 1.000000
1529.422241 1200.000000 1.000000
1512.814575 1200.000000 1.000000
1697.622925 1200.000000 1.000000
1918.896484 1200.000000 1.000000
1121.634399 1200.000000 1.000000
1675.565918 1200.000000 1.000000
1037.160400 1200.000000 1.000000
1881.812256 1200.000000 1.000000
1301.533447 1200.000000 1.000000
912.579590 1200.000000 1.000000
1177.219849 1200.000000 1.000000
1209.609253 1200.000000 1.000000
1757.737061 1200.000000 1.000000
1263.894775 1200.000000 1.000000
1131.786499 1200.000000 1.000000
1214.166992 1200.000000 1.000000
1260.142822 1200.000000 1.000000
1527.145264 1200.000000 1.000000
2780.908447 1200.000000 1.000000
1698.923950 1200.000000 1.000000
1124.814697 1200.000000 1.000000
1434.135132 1200.000000 1.000000
1314.994019 1200.000000 1.000000
1063.187744 1200.000000 1.000000
975.847412 1200.000000 1.000000
2454.005127 1200.000000 1.000000
1331.812500 1200.000000 1.000000
1567.277100 1200.000000 1.000000
1416.794556 1200.000000 1.000000
1153.603027 1200.000000 1.000000
2417.575195 1200.000000 1.000000
1209.379639 1200.000000 1.000000
1960.176392 1200.000000 1.000000
1205.154053 1200.000000 1.000000
2111.896729 1200.000000 1.000000
1574.175781 1200.000000 1.000000
2048.609863 1200.000000 1.000000
2155.829102 1200.000000 1.000000
1131.044678 1200.000000 1.000000
2407.820801 1200.000000 1.000000
1473.098511 1200.000000 1.000000
1935.169678 1200.000000 1.000000
1225.234863 1200.000000 1.000000
1352.862549 1200.000000 1.000000
1702.255371 1200.000000 1.000000
1320.676392 1200.000000 1.000000
1052.827148 1200.000000 1.000000
1467.941528 1200.000000 1.000000
1099.149292 1200.000000 1.000000
1267.413330 1200.000000 1.000000
1294.045410 1200.000000 1.000000
2573.800049 1200.000000 1.000000
1794.330078 1200.000000 1.000000
1197.749634 1200.000000 1.000000
1339.653564 1200.000000 1.000000
1341.250610 1200.000000 1.000000
1411.650757 1200.000000 1.000000
2175.531250 1200.000000 1.000000
1607.124878 1200.000000 1.000000
1592.787231 1200.000000 1.000000
1037.465088 1200.000000 1.000000
1447.325806 1200.000000 1.000000
959.909729 1200.000000 1.000000
1040.233032 1200.000000 1.000000
1360.449707 1200.000000 1.000000
1709.155762 1200.000000 1.000000
1512.986450 1200.000000 1.000000
2074.294678 1200.000000 1.000000
1927.420410 1200.000000 1.000000
1063.143188 1200.000000 1.000000
1213.059937 1200.000000 1.000000
870.223999 1200.000000 1.000000
1472.886597 1200.000000 1.000000
1261.070068 1200.000000 1.000000
1846.842285 1200.000000 1.000000
2526.376709 1200.000000 1.000000
992.039551 1200.000000 1.000000
996.006226 1200.000000 1.000000
1248.114380 1200.000000 1.000000
1220.884277 1200.000000 1.000000
1587.042603 1200.000000 1.000000
1173.498657 1200.000000 1.000000
1024.223511 1200.000000 1.000000
1387.879639 1200.000000 1.000000
2056.959473 1200.000000 1.000000
1230.759033 1200.000000 1.000000
1628.303467 1200.000000 1.000000
1378.432495 1200.000000 1.000000
1305.578491 1200.000000 1.000000
893.193909 1200.000000 1.000000
1357.110352 1200.000000 1.000000
1236.088867 1200.000000 1.000000
1602.403687 1200.000000 1.000000
3560.071289 1200.000000 1.000000
1337.080566 1200.000000 1.000000
960.800049 1200.000000 1.000000
1598.303589 1200.000000 1.000000
957.156982 1200.000000 1.000000
935.938660 1200.000000 1.000000
1651.331177 1200.000000 1.000000
1475.762329 1200.000000 1.000000
1340.217896 1200.000000 1.000000
952.682434 1200.000000 1.000000
1292.268677 1200.000000 1.000000
1098.708984 1200.000000 1.000000
997.381470 1200.000000 1.000000
1287.312622 1200.000000 1.000000
1419.132324 1200.000000 1.000000
2150.862793 1200.000000 1.000000
1316.658081 1200.000000 1.000000
1649.486084 1200.000000 1.000000
1160.910034 1200.000000 1.000000
1803.077026 1200.000000 1.000000
1159.655273 1200.000000 1.000000
1803.110962 1200.000000 1.000000
1265.298340 1200.000000 1.000000
2227.412842 1200.000000 1.000000
1120.703003 1200.000000 1.000000
1434.759888 1200.000000 1.000000
1295.394165 1200.000000 1.000000
1767.370239 1200.000000 1.000000
1115.407715 1200.000000 1.000000
1634.957764 1200.000000 1.000000
1645.614258 1200.000000 1.000000
1272.068604 1200.000000 1.000000
1213.123413 1200.000000 1.000000
1106.612427 1200.000000 1.000000
1608.877686 1200.000000 1.000000
1848.651978 1200.000000 1.000000
1293.255859 1200.000000 1.000000
1132.547363 1200.000000 1.000000
1660.730713 1200.000000 1.000000
1177.562378 1200.000000 1.000000
1820.253174 1200.000000 1.000000
1387.772217 1200.000000 1.000000
1663.197266 1200.000000 1.000000
1278.654419 1200.000000 1.000000
1255.847168 1200.000000 1.000000
1217.409058 1200.000000 1.000000
1004.569702 1200.000000 1.000000
2022.244751 1200.000000 1.000000
1563.989502 1200.000000 1.000000
985.286377 1200.000000 1.000000
1111.899414 1200.000000 1.000000
1173.073120 1200.000000 1.000000
1147.202393 1200.000000 1.000000
1117.772705 1200.000000 1.000000
2434.190186 1200.000000 1.000000
1324.750610 1200.000000 1.000000
1024.240723 1200.000000 1.000000
1692.583008 1200.000000 1.000000
1594.780029 1200.000000 1.000000
1345.354614 1200.000000 1.000000
1944.323608 1200.000000 1.000000
1490.728516 1200.000000 1.000000
1804.596069 1200.000000 1.000000
1166.688843 1200.000000 1.000000
1323.202637 1200.000000 1.000000
1144.329102 1200.000000 1.000000
1061.723511 1200.000000 1.000000
1262.210571 1200.000000 1.000000
1196.681030 1200.000000 1.000000
1549.669800 1200.000000 1.000000
2118.632324 1200.000000 1.000000
1535.348145 1200.000000 1.000000
1428.648315 1200.000000 1.000000
1778.189331 1200.000000 1.000000
1298.340332 1200.000000 1.000000
1532.368164 1200.000000 1.000000
2036.938477 1200.000000 1.000000
862.901306 1200.000000 1.000000
1363.906616 1200.000000 1.000000
1395.843628 1200.000000 1.000000
1279.747314 1200.000000 1.000000
1374.456421 1200.000000 1.000000
1475.546021 1200.000000 1.000000
905.812439 1200.000000 1.000000
1577.341553 1200.000000 1.000000
1900.748535 1200.000000 1.000000
937.266479 1200.000000 1.000000
793.613953 1200.000000 1.000000
632.451843 1200.000000 1.000000
1506.868652 1200.000000 1.000000
1575.833984 1200.000000 1.000000
1250.016968 1200.000000 1.000000
1192.047729 1200.000000 1.000000
1622.919922 1200.000000 1.000000
1171.708130 1200.000000 1.000000
1170.104004 1200.000000 1.000000
2229.713379 1200.000000 1.000000
1176.395752 1200.000000 1.000000
1355.049927 1200.000000 1.000000
743.027771 1200.000000 1.000000
1553.009888 1200.000000 1.000000
1386.413452 1200.000000 1.000000
1392.432495 1200.000000 1.000000
1052.738281 1200.000000 1.000000
856.799133 1200.000000 1.000000
1476.857300 1200.000000 1.000000
1012.337219 1200.000000 1.000000
990.922302 1200.000000 1.000000
1358.664795 1200.000000 1.000000
2798.400879 1200.000000 1.000000
1339.779419 1200.000000 1.000000
1195.660400 1200.000000 1.000000
1884.607666 1200.000000 1.000000
1706.377441 1200.000000 1.000000
2058.010742 1200.000000 1.000000
1144.887695 1200.000000 1.000000
1197.632568 1200.000000 1.000000
1038.458008 1200.000000 1.000000
1541.085083 1200.000000 1.000000
1445.865356 1200.000000 1.000000
1001.434021 1200.000000 1.000000
1913.592285 1200.000000 1.000000
1735.947388 1200.000000 1.000000
1037.270386 1200.000000 1.000000
1098.239014 1200.000000 1.000000
880.128967 1200.000000 1.000000
1211.384155 1200.000000 1.000000
1677.944702 1200.000000 1.000000
1750.813721 1200.000000 1.000000
1313.741333 1200.000000 1.000000
1206.933105 1200.000000 1.000000
2419.915527 1200.000000 1.000000
2010.450195 1200.000000 1.000000
1521.581909 1200.000000 1.000000
1330.749756 1200.000000 1.000000
1227.133911 1200.000000 1.000000
1108.547363 1200.000000 1.000000
1304.226807 1200.000000 1.000000
1025.639404 1200.000000 1.000000
1221.991699 1200.000000 1.000000
1248.499390 1200.000000 1.000000
1034.098022 1200.000000 1.000000
1115.920288 1200.000000 1.000000
1048.216309 1200.000000 1.000000
2017.298828 1200.000000 1.000000
1283.574463 1200.000000 1.000000
1620.565186 1200.000000 1.000000
1178.927002 1200.000000 1.000000
1404.413818 1200.000000 1.000000
1024.010132 1200.000000 1.000000
2647.614990 1200.000000 1.000000
1258.557129 1200.000000 1.000000
1193.069824 1200.000000 1.000000
1379.498413 1200.000000 1.000000
1012.363220 1200.000000 1.000000
1108.500610 1200.000000 1.000000
797.608093 1200.000000 1.000000
908.401855 1200.000000 1.000000
1217.307251 1200.000000 1.000000
1090.855835 1200.000000 1.000000
1302.854858 1200.000000 1.000000
1889.624268 1200.000000 1.000000
1240.092163 1200.000000 1.000000
1189.260742 1200.000000 1.000000
1541.184326 1200.000000 1.000000
1218.443970 1200.000000 1.000000
1173.472778 1200.000000 1.000000
1134.757080 1200.000000 1.000000
1293.825684 1200.000000 1.000000
1192.630737 1200.000000 1.000000
1154.672974 1200.000000 1.000000
1798.190063 1200.000000 1.000000
1125.607544 1200.000000 1.000000
1741.285767 1200.000000 1.000000
1094.421387 1200.000000 1.000000
1061.323242 1200.000000 1.000000
886.607117 1200.000000 1.000000
1683.291382 1200.000000 1.000000
1089.547119 1200.000000 1.000000
2480.900391 1200.000000 1.000000
1617.621948 1200.000000 1.000000
1780.507690 1200.000000 1.000000
1350.948853 1200.000000 1.000000
992.959534 1200.000000 1.000000
1253.708130 1200.000000 1.000000
2756.607910 1200.000000 1.000000
1100.485840 1200.000000 1.000000
1448.958984 1200.000000 1.000000
1626.968872 1200.000000 1.000000
1447.840942 1200.000000 1.000000
1144.387817 1200.000000 1.000000
1692.409424 1200.000000 1.000000
2064.804932 1200.000000 1.000000
2439.096436 1200.000000 1.000000
899.032959 1200.000000 1.000000
1197.588013 1200.000000 1.000000
1337.282959 1200.000000 1.000000
1173.409058 1200.000000 1.000000
2610.720703 1200.000000 1.000000
1056.728516 1200.000000 1.000000
1655.758667 1200.000000 1.000000
1079.877563 1200.000000 1.000000
1401.555664 1200.000000 1.000000
1989.167969 1200.000000 1.000000
3843.322021 1200.000000 1.000000
1736.798096 1200.000000 1.000000
2358.452637 1200.000000 1.000000
1489.902954 1200.000000 1.000000
1372.673340 1200.000000 1.000000
1254.150146 1200.000000 1.000000
1597.685425 1200.000000 1.000000
1123.329590 1200.000000 1.000000
1458.446167 1200.000000 1.000000
1050.682495 1200.000000 1.000000
1398.247803 1200.000000 1.000000
1121.682861 1200.000000 1.000000
1431.019165 1200.000000 1.000000
940.273621 1200.000000 1.000000
2416.794434 1200.000000 1.000000
1391.864380 1200.000000 1.000000
921.471313 1200.000000 1.000000
1353.270508 1200.000000 1.000000
2763.370605 1200.000000 1.000000
1923.996460 1200.000000 1.000000
1209.048096 1200.000000 1.000000
2667.994141 1200.000000 1.000000
1228.776001 1200.000000 1.000000
1614.457153 1200.000000 1.000000
807.291870 1200.000000 1.000000
1241.595581 1200.000000 1.000000
1171.411743 1200.000000 1.000000
952.759583 1200.000000 1.000000
2090.997559 1200.000000 1.000000
891.454651 1200.000000 1.000000
1477.921509 1200.000000 1.000000
906.103882 1200.000000 1.000000
1705.184448 1200.000000 1.000000
1285.606934 1200.000000 1.000000
1087.305908 1200.000000 1.000000
2397.703613 1200.000000 1.000000
976.274780 1200.000000 1.000000
1478.448120 1200.000000 1.000000
1783.532227 1200.000000 1.000000
901.420715 1200.000000 1.000000
1350.669189 1200.000000 1.000000
1368.107056 1200.000000 1.000000
1035.749878 1200.000000 1.000000
1562.901733 1200.000000 1.000000
1232.381348 1200.000000 1.000000
1534.726685 1200.000000 1.000000
1178.881836 1200.000000 1.000000
1318.081177 1200.000000 1.000000
1724.061279 1200.000000 1.000000
1384.758545 1200.000000 1.000000
1150.185791 1200.000000 1.000000
779.538635 1200.000000 1.000000
1337.040649 1200.000000 1.000000
1963.465942 1200.000000 1.000000
1110.200439 1200.000000 1.000000
1170.960449 1200.000000 1.000000
977.533508 1200.000000 1.000000
936.600708 1200.000000 1.000000
1912.011597 1200.000000 1.000000
878.863037 1200.000000 0.000000
505.913208 1200.000000 0.000000
908.590820 1200.000000 0.000000
747.795715 1200.000000 0.000000
513.053284 1200.000000 0.000000
472.560730 1200.000000 0.000000
475.221985 1200.000000 0.000000
500.125732 1200.000000 0.000000
514.377197 1200.000000 0.000000
454.481232 1200.000000 0.000000
405.019684 1200.000000 0.000000
591.054626 1200.000000 0.000000
541.469055 1200.000000 0.000000
542.223083 1200.000000 0.000000
1928.838989 1200.000000 0.000000
363.099213 1200.000000 0.000000
438.900391 1200.000000 0.000000
385.869751 1200.000000 0.000000
683.988647 1200.000000 0.000000
814.509705 1200.000000 0.000000
615.089722 1200.000000 0.000000
603.359497 1200.000000 0.000000
462.078491 1200.000000 0.000000
790.353210 1200.000000 0.000000
663.507996 1200.000000 0.000000
698.944763 1200.000000 0.000000
437.842590 1200.000000 0.000000
564.282471 1200.000000 0.000000
505.175018 1200.000000 0.000000
608.000732 1200.000000 0.000000
596.283447 1200.000000 0.000000
500.701569 1200.000000 0.000000
474.701202 1200.000000 0.000000
413.774323 1200.000000 0.000000
755.122681 1200.000000 0.000000
954.819885 1200.000000 0.000000
542.736267 1200.000000 0.000000
1263.316284 1200.000000 0.000000
389.741394 1200.000000 0.000000
860.778198 1200.000000 0.000000
657.208862 1200.000000 0.000000
489.394165 1200.000000 0.000000
704.987854 1200.000000 0.000000
890.787476 1200.000000 0.000000
713.495789 1200.000000 0.000000
500.878296 1200.000000 0.000000
621.693237 1200.000000 0.000000
776.161987 1200.000000 0.000000
424.015533 1200.000000 0.000000
930.128235 1200.000000 0.000000
1022.615295 1200.000000 0.000000
562.698608 1200.000000 0.000000
757.371399 1200.000000 0.000000
817.364136 1200.000000 0.000000
614.962524 1200.000000 0.000000
1395.661987 1200.000000 0.000000
421.073914 1200.000000 0.000000
453.542023 1200.000000 0.000000
488.161255 1200.000000 0.000000
546.504944 1200.000000 0.000000
565.230774 1200.000000 0.000000
527.178650 1200.000000 0.000000
1125.640015 1200.000000 0.000000
438.671173 1200.000000 0.000000
596.151001 1200.000000 0.000000
959.681885 1200.000000 0.000000
568.244385 1200.000000 0.000000
1678.949219 1200.000000 0.000000
1006.690613 1200.000000 0.000000
447.552460 1200.000000 0.000000
581.671143 1200.000000 0.000000
694.354370 1200.000000 0.000000
898.762634 1200.000000 0.000000
466.827209 1200.000000 0.000000
358.330536 1200.000000 0.000000
978.835876 1200.000000 0.000000
441.729309 1200.000000 0.000000
535.661926 1200.000000 0.000000
611.689209 1200.000000 0.000000
463.567780 1200.000000 0.000000
415.433929 1200.000000 0.000000
865.317871 1200.000000 0.000000
630.472778 1200.000000 0.000000
1653.249268 1200.000000 0.000000
676.998413 1200.000000 0.000000
472.812714 1200.000000 0.000000
395.888702 1200.000000 0.000000
331.880035 1200.000000 0.000000
618.313660 1200.000000 0.000000
508.005646 1200.000000 0.000000
729.833801 1200.000000 0.000000
419.926514 1200.000000 0.000000
726.602600 1200.000000 0.000000
1590.509521 1200.000000 0.000000
583.279724 1200.000000 0.000000
314.632690 1200.000000 0.000000
388.349884 1200.000000 0.000000
516.722107 1200.000000 0.000000
1068.440552 1200.000000 0.000000
1781.867188 1200.000000 0.000000
407.777771 1200.000000 0.000000
388.644379 1200.000000 0.000000
541.056824 1200.000000 0.000000
890.132629 1200.000000 0.000000
377.672455 1200.000000 0.000000
376.773590 1200.000000 0.000000
504.478180 1200.000000 0.000000
449.240997 1200.000000 0.000000
734.313660 1200.000000 0.000000
510.573212 1200.000000 0.000000
831.639282 1200.000000 0.000000
1138.884766 1200.000000 0.000000
332.403412 1200.000000 0.000000
381.480988 1200.000000 0.000000
420.164551 1200.000000 0.000000
581.380920 1200.000000 0.000000
1157.752441 1200.000000 0.000000
718.239014 1200.000000 0.000000
611.656372 1200.000000 0.000000
676.337402 1200.000000 0.000000
391.146667 1200.000000 0.000000
441.813263 1200.000000 0.000000
803.397095 1200.000000 0.000000
361.957520 1200.000000 0.000000
332.172974 1200.000000 0.000000
864.940552 1200.000000 0.000000
649.999756 1200.000000 0.000000
351.300720 1200.000000 0.000000
531.524597 1200.000000 0.000000
556.401306 1200.000000 0.000000
254.324326 1200.000000 0.000000
407.199188 1200.000000 0.000000
1196.983521 1200.000000 0.000000
474.896881 1200.000000 0.000000
903.250183 1200.000000 0.000000
377.283997 1200.000000 0.000000
874.624329 1200.000000 0.000000
419.149109 1200.000000 0.000000
502.714813 1200.000000 0.000000
402.477295 1200.000000 0.000000
880.082092 1200.000000 0.000000
369.402649 1200.000000 0.000000
421.169220 1200.000000 0.000000
402.633606 1200.000000 0.000000
642.678955 1200.000000 0.000000
461.985321 1200.000000 0.000000
489.439178 1200.000000 0.000000
534.140808 1200.000000 0.000000
482.088043 1200.000000 0.000000
420.717682 1200.000000 0.000000
759.988464 1200.000000 0.000000
406.195282 1200.000000 0.000000
969.765442 1200.000000 0.000000
643.057434 1200.000000 0.000000
670.986084 1200.000000 0.000000
531.023865 1200.000000 0.000000
429.512604 1200.000000 0.000000
532.701416 1200.000000 0.000000
685.490295 1200.000000 0.000000
506.878784 1200.000000 0.000000
527.592163 1200.000000 0.000000
648.932312 1200.000000 0.000000
762.131409 1200.000000 0.000000
555.354980 1200.000000 0.000000
535.852051 1200.000000 0.000000
519.866943 1200.000000 0.000000
380.623535 1200.000000 0.000000
455.082855 1200.000000 0.000000
562.496094 1200.000000 0.000000
569.280640 1200.000000 0.000000
776.577454 1200.000000 0.000000
492.216736 1200.000000 0.000000
651.999634 1200.000000 0.000000
487.708862 1200.000000 0.000000
430.512024 1200.000000 0.000000
929.919800 1200.000000 0.000000
622.692566 1200.000000 0.000000
512.839905 1200.000000 0.000000
463.098694 1200.000000 0.000000
1486.104370 1200.000000 0.000000
342.889587 1200.000000 0.000000
353.054077 1200.000000 0.000000
701.318604 1200.000000 0.000000
1009.437988 1200.000000 0.000000
550.074463 1200.000000 0.000000
428.603394 1200.000000 0.000000
464.563660 1200.000000 0.000000
1402.486816 1200.000000 0.000000
423.844025 1200.000000 0.000000
639.616516 1200.000000 0.000000
677.008850 1200.000000 0.000000
466.616699 1200.000000 0.000000
708.954712 1200.000000 0.000000
392.559723 1200.000000 0.000000
532.077087 1200.000000 0.000000
577.710144 1200.000000 0.000000
750.552917 1200.000000 0.000000
513.326904 1200.000000 0.000000
276.868866 1200.000000 0.000000
1086.784302 1200.000000 0.000000
433.988525 1200.000000 0.000000
528.270752 1200.000000 0.000000
492.539642 1200.000000 0.000000
488.129059 1200.000000 0.000000
356.716400 1200.000000 0.000000
909.368103 1200.000000 0.000000
692.527161 1200.000000 0.000000
381.673553 1200.000000 0.000000
549.319458 1200.000000 0.000000
1292.738281 1200.000000 0.000000
1115.524536 1200.000000 0.000000
656.285278 1200.000000 0.000000
1091.133667 1200.000000 0.000000
453.766571 1200.000000 0.000000
827.209473 1200.000000 0.000000
355.107330 1200.000000 0.000000
532.257874 1200.000000 0.000000
656.233582 1200.000000 0.000000
759.548523 1200.000000 0.000000
556.220581 1200.000000 0.000000
459.253723 1200.000000 0.000000
449.599731 1200.000000 0.000000
771.449036 1200.000000 0.000000
630.137573 1200.000000 0.000000
394.398102 1200.000000 0.000000
404.340851 1200.000000 0.000000
497.748230 1200.000000 0.000000
763.499451 1200.000000 0.000000
476.782104 1200.000000 0.000000
431.743622 1200.000000 0.000000
481.947449 1200.000000 0.000000
746.311340 1200.000000 0.000000
523.630371 1200.000000 0.000000
348.140045 1200.000000 0.000000
546.009338 1200.000000 0.000000
743.286438 1200.000000 0.000000
366.278442 1200.000000 0.000000
598.445251 1200.000000 0.000000
1134.550293 1200.000000 0.000000
645.128967 1200.000000 0.000000
520.165771 1200.000000 0.000000
1213.590332 1200.000000 0.000000
422.742218 1200.000000 0.000000
474.268707 1200.000000 0.000000
571.810913 1200.000000 0.000000
783.589661 1200.000000 0.000000
431.749146 1200.000000 0.000000
675.054565 1200.000000 0.000000
392.544067 1200.000000 0.000000
968.146606 1200.000000 0.000000
385.728912 1200.000000 0.000000
471.735718 1200.000000 0.000000
1303.992310 1200.000000 0.000000
607.084473 1200.000000 0.000000
637.545227 1200.000000 0.000000
465.514069 1200.000000 0.000000
368.590576 1200.000000 0.000000
614.236511 1200.000000 0.000000
398.466827 1200.000000 0.000000
1200.804199 1200.000000 0.000000
488.433838 1200.000000 0.000000
628.919128 1200.000000 0.000000
972.756042 1200.000000 0.000000
752.362549 1200.000000 0.000000
661.225281 1200.000000 0.000000
718.058838 1200.000000 0.000000
518.696899 1200.000000 0.000000
726.426453 1200.000000 0.000000
742.187134 1200.000000 0.000000
339.027039 1200.000000 0.000000
612.624390 1200.000000 0.000000
379.845703 1200.000000 0.000000
603.697632 1200.000000 0.000000
635.831909 1200.000000 0.000000
666.090027 1200.000000 0.000000
1204.401367 1200.000000 0.000000
805.535767 1200.000000 0.000000
349.340118 1200.000000 0.000000
588.495361 1200.000000 0.000000
704.401978 1200.000000 0.000000
786.389954 1200.000000 0.000000
444.832397 1200.000000 0.000000
529.604675 1200.000000 0.000000
322.104492 1200.000000 0.000000
633.608582 1200.000000 0.000000
629.960205 1200.000000 0.000000
560.442017 1200.000000 0.000000
328.223633 1200.000000 0.000000
310.222137 1200.000000 0.000000
392.632263 1200.000000 0.000000
322.433533 1200.000000 0.000000
521.117615 1200.000000 0.000000
666.917542 1200.000000 0.000000
442.759338 1200.000000 0.000000
799.995300 1200.000000 0.000000
415.736053 1200.000000 0.000000
729.540710 1200.000000 0.000000
330.034698 1200.000000 0.000000
447.345673 1200.000000 0.000000
433.137329 1200.000000 0.000000
543.303040 1200.000000 0.000000
449.062897 1200.000000 0.000000
737.848206 1200.000000 0.000000
364.818054 1200.000000 0.000000
993.248413 1200.000000 0.000000
428.609467 1200.000000 0.000000
647.793701 1200.000000 0.000000
896.935791 1200.000000 0.000000
770.410645 1200.000000 0.000000
372.243042 1200.000000 0.000000
995.761719 1200.000000 0.000000
558.215393 1200.000000 0.000000
455.259583 1200.000000 0.000000
1587.483032 1200.000000 0.000000
891.857727 1200.000000 0.000000
532.434814 1200.000000 0.000000
605.305176 1200.000000 0.000000
1117.911865 1200.000000 0.000000
667.153442 1200.000000 0.000000
617.479370 1200.000000 0.000000
491.068573 1200.000000 0.000000
1049.152710 1200.000000 0.000000
476.275482 1200.000000 0.000000
657.791809 1200.000000 0.000000
455.049957 1200.000000 0.000000
656.609741 1200.000000 0.000000
493.833252 1200.000000 0.000000
507.248444 1200.000000 0.000000
420.473267 1200.000000 0.000000
365.801025 1200.000000 0.000000
432.087158 1200.000000 0.000000
942.020325 1200.000000 0.000000
395.743164 1200.000000 0.000000
794.076477 1200.000000 0.000000
1057.460327 1200.000000 0.000000
860.045776 1200.000000 0.000000
740.315247 1200.000000 0.000000
845.672729 1200.000000 0.000000
456.216370 1200.000000 0.000000
296.585358 1200.000000 0.000000
412.277832 1200.000000 0.000000
346.532410 1200.000000 0.000000
1751.660278 1200.000000 0.000000
582.167358 1200.000000 0.000000
961.466248 1200.000000 0.000000
1032.747681 1200.000000 0.000000
589.223206 1200.000000 0.000000
732.816284 1200.000000 0.000000
473.303711 1200.000000 0.000000
440.583496 1200.000000 0.000000
757.715088 1200.000000 0.000000
670.246765 1200.000000 0.000000
358.872467 1200.000000 0.000000
576.748230 1200.000000 0.000000
567.482056 1200.000000 0.000000
1395.740479 1200.000000 0.000000
460.619019 1200.000000 0.000000
617.936340 1200.000000 0.000000
1131.078979 1200.000000 0.000000
476.922272 1200.000000 0.000000
602.214905 1200.000000 0.000000
356.890564 1200.000000 0.000000
806.846497 1200.000000 0.000000
905.251038 1200.000000 0.000000
536.935669 1200.000000 0.000000
814.321350 1200.000000 0.000000
633.349487 1200.000000 0.000000
512.472656 1200.000000 0.000000
655.408813 1200.000000 0.000000
405.989777 1200.000000 0.000000
481.562988 1200.000000 0.000000
1120.616333 1200.000000 0.000000
440.744049 1200.000000 0.000000
504.256714 1200.000000 0.000000
376.943817 1200.000000 0.000000
437.308136 1200.000000 0.000000
385.354645 1200.000000 0.000000
358.395599 1200.000000 0.000000
648.815002 1200.000000 0.000000
824.700928 1200.000000 0.000000
599.995605 1200.000000 0.000000
494.448486 1200.000000 0.000000
551.222046 1200.000000 0.000000
489.288055 1200.000000 0.000000
561.801147 1200.000000 0.000000
879.304688 1200.000000 0.000000
430.588776 1200.000000 0.000000
960.982239 1200.000000 0.000000
613.698792 1200.000000 0.000000
1183.647095 1200.000000 0.000000
268.492645 1200.000000 0.000000
652.910583 1200.000000 0.000000
393.483185 1200.000000 0.000000
875.076599 1200.000000 0.000000
761.368835 1200.000000 0.000000
587.278870 1200.000000 0.000000
451.951172 1200.000000 0.000000
1046.252930 1200.000000 0.000000
1159.778198 1200.000000 0.000000
847.929443 1200.000000 0.000000
514.534119 1200.000000 0.000000
553.403809 1200.000000 0.000000
973.636597 1200.000000 0.000000
350.204865 1200.000000 0.000000
517.727966 1200.000000 0.000000
379.515594 1200.000000 0.000000
374.512054 1200.000000 0.000000
365.093903 1200.000000 0.000000
462.652863 1200.000000 0.000000
319.725586 1200.000000 0.000000
594.451660 1200.000000 0.000000
733.604797 1200.000000 0.000000
1023.849060 1200.000000 0.000000
746.337585 1200.000000 0.000000
433.175934 1200.000000 0.000000
1542.192139 1200.000000 0.000000
414.622803 1200.000000 0.000000
501.342712 1200.000000 0.000000
968.722595 1200.000000 0.000000
943.675476 1200.000000 0.000000
460.427673 1200.000000 0.000000
459.286682 1200.000000 0.000000
371.399017 1200.000000 0.000000
425.111237 1200.000000 0.000000
806.839111 1200.000000 0.000000
641.560730 1200.000000 0.000000
307.273682 1200.000000 0.000000
619.957520 1200.000000 0.000000
749.409790 1200.000000 0.000000
594.564697 1200.000000 0.000000
803.310730 1200.000000 0.000000
501.349182 1200.000000 0.000000
408.597229 1200.000000 0.000000
427.815216 1200.000000 0.000000
624.793640 1200.000000 0.000000
494.787628 1200.000000 0.000000
803.166443 1200.000000 0.000000
551.854309 1200.000000 0.000000
399.467926 1200.000000 0.000000
368.480713 1200.000000 0.000000
336.678925 1200.000000 0.000000
448.633789 1200.000000 0.000000
873.029358 1200.000000 0.000000
485.877136 1200.000000 0.000000
698.287964 1200.000000 0.000000
663.279907 1200.000000 0.000000
327.554535 1200.000000 0.000000
338.277985 1200.000000 0.000000
842.884888 1200.000000 0.000000
482.223206 1200.000000 0.000000
840.506958 1200.000000 0.000000
573.380310 1200.000000 0.000000
721.662598 1200.000000 0.000000
948.055054 1200.000000 0.000000
752.974670 1200.000000 0.000000
791.510254 1200.000000 0.000000
1032.221680 1200.000000 0.000000
512.916687 1200.000000 0.000000
1088.568970 1200.000000 0.000000
525.165527 1200.000000 0.000000
544.589294 1200.000000 0.000000
587.752197 1200.000000 0.000000
824.914001 1200.000000 0.000000
510.376312 1200.000000 0.000000
481.109833 1200.000000 0.000000
384.745758 1200.000000 0.000000
1018.669617 1200.000000 0.000000
444.714142 1200.000000 0.000000
576.515808 1200.000000 0.000000
914.365356 1200.000000 0.000000
814.031982 1200.000000 0.000000
384.221436 1200.000000 0.000000
611.644409 1200.000000 0.000000
1639.694824 1200.000000 0.000000
374.651733 1200.000000 0.000000
498.245667 1200.000000 0.000000
557.857361 1200.000000 0.000000
550.884094 1200.000000 0.000000
1569.347656 1200.000000 0.000000
533.210449 1200.000000 0.000000
416.485626 1200.000000 0.000000
1507.591675 1200.000000 0.000000
656.392029 1200.000000 0.000000
436.035828 1200.000000 0.000000
505.124817 1200.000000 0.000000
559.646118 1200.000000 0.000000
462.362579 1200.000000 0.000000
682.436401 1200.000000 0.000000
327.874573 1200.000000 0.000000
595.901428 1200.000000 0.000000
605.043701 1200.000000 0.000000
354.022980 1200.000000 0.000000
543.201965 1200.000000 0.000000
620.603455 1200.000000 0.000000
397.835175 1200.000000 0.000000
390.171844 1200.000000 0.000000
2782.532227 1200.000000 0.000000
547.614685 1200.000000 0.000000
1442.884277 1200.000000 0.000000
1078.298462 1200.000000 0.000000
550.682617 1200.000000 0.000000
486.938904 1200.000000 0.000000
1331.871094 1200.000000 0.000000
541.274475 1200.000000 0.000000
324.449097 1200.000000 0.000000
372.609650 1200.000000 0.000000
526.681702 1200.000000 0.000000
302.601135 1200.000000 0.000000
487.985962 1200.000000 0.000000
484.662659 1200.000000 0.000000
581.299011 1200.000000 0.000000
422.220001 1200.000000 0.000000
651.895630 1200.000000 0.000000
425.574890 1200.000000 0.000000
587.820923 1200.000000 0.000000
949.047607 1200.000000 0.000000
484.995239 1200.000000 0.000000
486.027130 1200.000000 0.000000
593.523804 1200.000000 0.000000
343.012848 1200.000000 0.000000
450.052551 1200.000000 0.000000
643.974731 1200.000000 0.000000
1589.881226 1200.000000 0.000000
555.019287 1200.000000 0.000000
789.703857 1200.000000 0.000000
803.413269 1200.000000 0.000000
499.958435 1200.000000 0.000000
456.721313 1200.000000 0.000000
342.781982 1200.000000 0.000000
502.797211 1200.000000 0.000000
321.597260 1200.000000 0.000000
553.976685 1200.000000 0.000000
444.245483 1200.000000 0.000000
600.758240 1200.000000 0.000000
553.541809 1200.000000 0.000000
377.389740 1200.000000 0.000000
360.703644 1200.000000 0.000000
546.291565 1200.000000 0.000000
900.194946 1200.000000 0.000000
639.422485 1200.000000 0.000000
841.437256 1200.000000 0.000000
491.020996 1200.000000 0.000000
429.240204 1200.000000 0.000000
918.713928 1200.000000 0.000000
508.051056 1200.000000 0.000000
416.450439 1200.000000 0.000000
658.538818 1200.000000 0.000000
659.420349 1200.000000 0.000000
416.537079 1200.000000 0.000000
421.662537 1200.000000 0.000000
1071.594238 1200.000000 0.000000
748.550781 1200.000000 0.000000
484.010620 1200.000000 0.000000
970.138611 1200.000000 0.000000
775.231750 1200.000000 0.000000
485.296661 1200.000000 0.000000
654.745728 1200.000000 0.000000
640.107117 1200.000000 0.000000
501.473816 1200.000000 0.000000
472.995941 1200.000000 0.000000
378.411469 1200.000000 0.000000
410.688904 1200.000000 0.000000
470.196014 1200.000000 0.000000
503.195068 1200.000000 0.000000
526.992615 1200.000000 0.000000
1365.760254 1200.000000 0.000000
754.397827 1200.000000 0.000000
801.479858 1200.000000 0.000000
436.596558 1200.000000 0.000000
541.350403 1200.000000 0.000000
562.879395 1200.000000 0.000000
577.079346 1200.000000 0.000000
380.514282 1200.000000 0.000000
1882.297607 1200.000000 0.000000
407.572601 1200.000000 0.000000
515.894165 1200.000000 0.000000
706.462646 1200.000000 0.000000
846.593079 1200.000000 0.000000
826.636719 1200.000000 0.000000
324.347809 1200.000000 0.000000
478.718384 1200.000000 0.000000
896.922974 1200.000000 0.000000
645.635864 1200.000000 0.000000
638.443604 1200.000000 0.000000
770.771667 1200.000000 0.000000
471.796143 1200.000000 0.000000
779.578369 1200.000000 0.000000
386.411041 1200.000000 0.000000
761.754333 1200.000000 0.000000
580.364502 1200.000000 0.000000
810.495300 1200.000000 0.000000
633.400208 1200.000000 0.000000
475.407318 1200.000000 0.000000
396.057343 1200.000000 0.000000
470.948639 1200.000000 0.000000
1081.819824 1200.000000 0.000000
734.985779 1200.000000 0.000000
1188.786865 1200.000000 0.000000
623.364807 1200.000000 0.000000
636.868591 1200.000000 0.000000
536.958862 1200.000000 0.000000
676.744873 1200.000000 0.000000
467.093262 1200.000000 0.000000
528.784241 1200.000000 0.000000
620.915955 1200.000000 0.000000
753.083313 1200.000000 0.000000
378.143524 1200.000000 0.000000
724.217834 1200.000000 0.000000
470.667023 1200.000000 0.000000
479.314423 1200.000000 0.000000
640.914062 1200.000000 0.000000
461.097260 1200.000000 0.000000
791.308655 1200.000000 0.000000
548.853394 1200.000000 0.000000
465.095947 1200.000000 0.000000
922.937317 1200.000000 0.000000
622.106323 1200.000000 0.000000
639.937134 1200.000000 0.000000
496.304352 1200.000000 0.000000
679.123291 1200.000000 0.000000
630.618469 1200.000000 0.000000
759.298950 1200.000000 0.000000
815.003784 1200.000000 0.000000
495.368591 1200.000000 0.000000
513.774963 1200.000000 0.000000
932.916260 1200.000000 0.000000
949.749146 1200.000000 0.000000
408.842682 1200.000000 0.000000
563.725098 1200.000000 0.000000
561.662781 1200.000000 0.000000
581.291321 1200.000000 0.000000
722.463928 1200.000000 0.000000
999.003174 1200.000000 0.000000
571.394165 1200.000000 0.000000
393.796143 1200.000000 0.000000
533.137878 1200.000000 0.000000
737.646301 1200.000000 0.000000
402.154938 1200.000000 0.000000
411.341522 1200.000000 0.000000
724.879333 1200.000000 0.000000
451.845490 1200.000000 0.000000
455.216278 1200.000000 0.000000
481.003601 1200.000000 0.000000
1181.316162 1200.000000 0.000000
647.260498 1200.000000 0.000000
596.590454 1200.000000 0.000000
922.996033 1200.000000 0.000000
590.913879 1200.000000 0.000000
623.677612 1200.000000 0.000000
558.476257 1200.000000 0.000000
464.015900 1200.000000 0.000000
461.450836 1200.000000 0.000000
722.072754 1200.000000 0.000000
676.195435 1200.000000 0.000000
984.220764 1200.000000 0.000000
753.620117 1200.000000 0.000000
582.207153 1200.000000 0.000000
1051.634521 1200.000000 0.000000
368.276428 1200.000000 0.000000
442.867432 1200.000000 0.000000
339.982941 1200.000000 0.000000
1293.611206 1200.000000 0.000000
696.636780 1200.000000 0.000000
450.115234 1200.000000 0.000000
501.183899 1200.000000 0.000000
407.562042 1200.000000 0.000000
589.839050 1200.000000 0.000000
892.638062 1200.000000 0.000000
718.792236 1200.000000 0.000000
422.918884 1200.000000 0.000000
637.356140 1200.000000 0.000000
376.136383 1200.000000 0.000000
400.886902 1200.000000 0.000000
541.241516 1200.000000 0.000000
385.456696 1200.000000 0.000000
397.300476 1200.000000 0.000000
747.553955 1200.000000 0.000000
437.611115 1200.000000 0.000000
708.750610 1200.000000 0.000000
1378.549072 1200.000000 0.000000
419.994110 1200.000000 0.000000
700.562805 1200.000000 0.000000
892.607788 1200.000000 0.000000
1363.589844 1200.000000 0.000000
408.735504 1200.000000 0.000000
662.855469 1200.000000 0.000000
578.913818 1200.000000 0.000000
431.695099 1200.000000 0.000000
717.045898 1200.000000 0.000000
1417.765747 1200.000000 0.000000
628.090454 1200.000000 0.000000
619.456543 1200.000000 0.000000
556.378540 1200.000000 0.000000
994.155701 1200.000000 0.000000
390.962555 1200.000000 0.000000
664.418823 1200.000000 0.000000
446.178772 1200.000000 0.000000
819.059082 1200.000000 0.000000
595.570557 1200.000000 0.000000
497.449585 1200.000000 0.000000
492.897949 1200.000000 0.000000
608.180481 1200.000000 0.000000
549.602112 1200.000000 0.000000
532.432251 1200.000000 0.000000
553.219360 1200.000000 0.000000
885.419739 1200.000000 0.000000
618.906738 1200.000000 0.000000
474.571930 1200.000000 0.000000
575.741150 1200.000000 0.000000
821.796631 1200.000000 0.000000
505.585144 1200.000000 0.000000
537.205444 1200.000000 0.000000
428.698547 1200.000000 0.000000
689.218262 1200.000000 0.000000
603.671204 1200.000000 0.000000
565.935669 1200.000000 0.000000
425.475830 1200.000000 0.000000
645.452881 1200.000000 0.000000
417.748291 1200.000000 0.000000
522.933838 1200.000000 0.000000
492.053223 1200.000000 0.000000
444.724304 1200.000000 0.000000
842.665405 1200.000000 0.000000
660.952393 1200.000000 0.000000
948.729309 1200.000000 0.000000
352.810577 1200.000000 0.000000
341.430023 1200.000000 0.000000
695.862732 1200.000000 0.000000
423.928741 1200.000000 0.000000
510.977783 1200.000000 0.000000
512.519043 1200.000000 0.000000
1560.175293 1200.000000 0.000000
499.901886 1200.000000 0.000000
507.372498 1200.000000 0.000000
332.958801 1200.000000 0.000000
516.322571 1200.000000 0.000000
589.295776 1200.000000 0.000000
520.791687 1200.000000 0.000000
658.231201 1200.000000 0.000000
830.496765 1200.000000 0.000000
555.886169 1200.000000 0.000000
603.856995 1200.000000 0.000000
480.744354 1200.000000 0.000000
930.242493 1200.000000 0.000000
387.928711 1200.000000 0.000000
782.421753 1200.000000 0.000000
721.609070 1200.000000 0.000000
965.843994 1200.000000 0.000000
330.462769 1200.000000 0.000000
531.924927 1200.000000 0.000000
829.664307 1200.000000 0.000000
602.032776 1200.000000 0.000000
837.908447 1200.000000 0.000000
1140.479248 1200.000000 0.000000
531.233459 1200.000000 0.000000
506.037109 1200.000000 0.000000
487.124817 1200.000000 0.000000
594.864868 1200.000000 0.000000
308.560120 1200.000000 0.000000
1147.296875 1200.000000 0.000000
535.225952 1200.000000 0.000000
340.560364 1200.000000 0.000000
665.867126 1200.000000 0.000000
883.343262 1200.000000 0.000000
513.208313 1200.000000 0.000000
713.131104 1200.000000 0.000000
671.263184 1200.000000 0.000000
924.936157 1200.000000 0.000000
442.001953 1200.000000 0.000000
455.401886 1200.000000 0.000000
877.497070 1200.000000 0.000000
875.452026 1200.000000 0.000000
716.194031 1200.000000 0.000000
450.709045 1200.000000 0.000000
611.432434 1200.000000 0.000000
656.334961 1200.000000 0.000000
515.886169 1200.000000 0.000000
519.982605 1200.000000 0.000000
626.801208 1200.000000 0.000000
854.380676 1200.000000 0.000000
987.451233 1200.000000 0.000000
661.018982 1200.000000 0.000000
800.408508 1200.000000 0.000000
392.975677 1200.000000 0.000000
1079.958130 1200.000000 0.000000
330.437653 1200.000000 0.000000
482.349670 1200.000000 0.000000
382.929260 1200.000000 0.000000
856.516235 1200.000000 0.000000
641.672302 1200.000000 0.000000
407.470734 1200.000000 0.000000
1101.109741 1200.000000 0.000000
659.322327 1200.000000 0.000000
737.817322 1200.000000 0.000000
517.860718 1200.000000 0.000000
395.980286 1200.000000 0.000000
605.355530 1200.000000 0.000000
306.344147 1200.000000 0.000000
431.037567 1200.000000 0.000000
497.468689 1200.000000 0.000000
588.690430 1200.000000 0.000000
475.190918 1200.000000 0.000000
450.272064 1200.000000 0.000000
494.680237 1200.000000 0.000000
297.235901 1200.000000 0.000000
444.872192 1200.000000 0.000000
1065.963501 1200.000000 0.000000
441.877106 1200.000000 0.000000
643.479126 1200.000000 0.000000
312.313629 1200.000000 0.000000
602.509216 1200.000000 0.000000
754.128296 1200.000000 0.000000
358.824432 1200.000000 0.000000
1811.996460 1200.000000 0.000000
455.405334 1200.000000 0.000000
435.438995 1200.000000 0.000000
751.716125 1200.000000 0.000000
913.718628 1200.000000 0.000000
1622.368774 1200.000000 0.000000
552.586304 1200.000000 0.000000
616.255005 1200.000000 0.000000
702.344116 1200.000000 0.000000
648.834290 1200.000000 0.000000
1314.486206 1200.000000 0.000000
364.697632 1200.000000 0.000000
556.809326 1200.000000 0.000000
606.699646 1200.000000 0.000000
466.994049 1200.000000 0.000000
650.512573 1200.000000 0.000000
459.738861 1200.000000 0.000000
403.094818 1200.000000 0.000000
482.527405 1200.000000 0.000000
584.979248 1200.000000 0.000000
644.836853 1200.000000 0.000000
404.479492 1200.000000 0.000000
415.851929 1200.000000 0.000000
633.562988 1200.000000 0.000000
468.033508 1200.000000 0.000000
708.199890 1200.000000 0.000000
424.515656 1200.000000 0.000000
402.429535 1200.000000 0.000000
356.104431 1200.000000 0.000000
393.769043 1200.000000 0.000000
744.116577 1200.000000 0.000000
578.005127 1200.000000 0.000000
795.479980 1200.000000 0.000000
411.255219 1200.000000 0.000000
344.174286 1200.000000 0.000000
620.241211 1200.000000 0.000000
467.292694 1200.000000 0.000000
1503.682373 1200.000000 0.000000
348.329895 1200.000000 0.000000
535.925903 1200.000000 0.000000
438.882080 1200.000000 0.000000
497.915649 1200.000000 0.000000
556.956787 1200.000000 0.000000
469.235321 1200.000000 0.000000
374.658234 1200.000000 0.000000
448.113953 1200.000000 0.000000
432.709320 1200.000000 0.000000
532.709595 1200.000000 0.000000
490.847656 1200.000000 0.000000
434.679657 1200.000000 0.000000
440.873718 1200.000000 0.000000
946.570862 1200.000000 0.000000
340.343109 1200.000000 0.000000
1438.553223 1200.000000 0.000000
742.860779 1200.000000 0.000000
840.787964 1200.000000 0.000000
542.098633 1200.000000 0.000000
841.167419 1200.000000 0.000000
531.454346 1200.000000 0.000000
470.956543 1200.000000 0.000000
777.992493 1200.000000 0.000000
449.827484 1200.000000 0.000000
510.117401 1200.000000 0.000000
521.849548 1200.000000 0.000000
536.591492 1200.000000 0.000000
502.883087 1200.000000 0.000000
482.846710 1200.000000 0.000000
464.385559 1200.000000 0.000000
867.503845 1200.000000 0.000000
656.905640 1200.000000 0.000000
501.876312 1200.000000 0.000000
330.856628 1200.000000 0.000000
580.139893 1200.000000 0.000000
799.390320 1200.000000 0.000000
461.892731 1200.000000 0.000000
540.352173 1200.000000 0.000000
471.569885 1200.000000 0.000000
579.021118 1200.000000 0.000000
634.307373 1200.000000 0.000000
741.018188 1200.000000 0.000000
958.573730 1200.000000 0.000000
382.464081 1200.000000 0.000000
651.380981 1200.000000 0.000000
530.047302 1200.000000 0.000000
666.780273 1200.000000 0.000000
541.822815 1200.000000 0.000000
398.977386 1200.000000 0.000000
725.554504 1200.000000 0.000000
786.029053 1200.000000 0.000000
1128.427612 1200.000000 0.000000
695.024414 1200.000000 0.000000
583.448486 1200.000000 0.000000
397.419830 1200.000000 0.000000
840.394897 1200.000000 0.000000
461.973358 1200.000000 0.000000
504.017365 1200.000000 0.000000
575.691589 1200.000000 0.000000
926.667786 1200.000000 0.000000
816.938599 1200.000000 0.000000
642.869263 1200.000000 0.000000
1117.284058 1200.000000 0.000000
790.026611 1200.000000 0.000000
859.535583 1200.000000 0.000000
962.429932 1200.000000 0.000000
463.786011 1200.000000 0.000000
614.326294 1200.000000 0.000000
762.540466 1200.000000 0.000000
834.514648 1200.000000 0.000000
616.829041 1200.000000 0.000000
682.700317 1200.000000 0.000000
522.841919 1200.000000 0.000000
892.759827 1200.000000 0.000000
799.713684 1200.000000 0.000000
1467.151978 1200.000000 0.000000
1323.275879 1200.000000 0.000000
343.812469 1200.000000 0.000000
467.591980 1200.000000 0.000000
312.668030 1200.000000 0.000000
407.003082 1200.000000 0.000000
429.783966 1200.000000 0.000000
532.465027 1200.000000 0.000000
550.999512 1200.000000 0.000000
359.759369 1200.000000 0.000000
1220.596313 1200.000000 0.000000
421.758453 1200.000000 0.000000
353.332428 1200.000000 0.000000
688.339966 1200.000000 0.000000
391.003784 1200.000000 0.000000
396.748962 1200.000000 0.000000
699.571533 1200.000000 0.000000
428.732544 1200.000000 0.000000
2131.600586 1200.000000 0.000000
1013.645935 1200.000000 0.000000
519.484802 1200.000000 0.000000
412.100311 1200.000000 0.000000
1008.102417 1200.000000 0.000000
553.562317 1200.000000 0.000000
465.014709 1200.000000 0.000000
838.345764 1200.000000 0.000000
374.155823 1200.000000 0.000000
742.913208 1200.000000 0.000000
765.409790 1200.000000 0.000000
450.887573 1200.000000 0.000000
712.398254 1200.000000 0.000000
690.966064 1200.000000 0.000000
663.259705 1200.000000 0.000000
516.067749 1200.000000 0.000000
658.144226 1200.000000 0.000000
479.640533 1200.000000 0.000000
400.636047 1200.000000 0.000000
484.553894 1200.000000 0.000000
748.883057 1200.000000 0.000000
731.899902 1200.000000 0.000000
504.844147 1200.000000 0.000000
1019.907410 1200.000000 0.000000
426.402771 1200.000000 0.000000
465.866577 1200.000000 0.000000
342.339996 1200.000000 0.000000
795.243225 1200.000000 0.000000
400.690430 1200.000000 0.000000
361.007904 1200.000000 0.000000
583.296997 1200.000000 0.000000
561.194031 1200.000000 0.000000
621.122009 1200.000000 0.000000
422.864197 1200.000000 0.000000
684.065491 1200.000000 0.000000
521.278198 1200.000000 0.000000
558.409546 1200.000000 0.000000
511.859650 1200.000000 0.000000
337.636658 1200.000000 0.000000
576.189392 1200.000000 0.000000
1335.630005 1200.000000 0.000000
469.696533 1200.000000 0.000000
522.024170 1200.000000 0.000000
678.477905 1200.000000 0.000000
501.216064 1200.000000 0.000000
482.218536 1200.000000 0.000000
404.823669 1200.000000 0.000000
440.712860 1200.000000 0.000000
532.674194 1200.000000 0.000000
2318.441162 1200.000000 0.000000
614.900146 1200.000000 0.000000
415.562286 1200.000000 0.000000
502.876892 1200.000000 0.000000
526.121216 1200.000000 0.000000
444.194702 1200.000000 0.000000
620.221680 1200.000000 0.000000
359.220673 1200.000000 0.000000
431.515747 1200.000000 0.000000
490.315155 1200.000000 0.000000
580.211060 1200.000000 0.000000
619.286377 1200.000000 0.000000
538.736938 1200.000000 0.000000
420.898010 1200.000000 0.000000
398.589569 1200.000000 0.000000
451.372498 1200.000000 0.000000
715.348206 1200.000000 0.000000
631.678711 1200.000000 0.000000
494.239746 1200.000000 0.000000
563.573242 1200.000000 0.000000
1137.493652 1200.000000 0.000000
362.376282 1200.000000 0.000000
625.687073 1200.000000 0.000000
682.490784 1200.000000 0.000000
344.685669 1200.000000 0.000000
665.927795 1200.000000 0.000000
480.002991 1200.000000 0.000000
586.461060 1200.000000 0.000000
491.640472 1200.000000 0.000000
374.755188 1200.000000 0.000000
518.641663 1200.000000 0.000000
1364.391602 1200.000000 0.000000
305.862488 1200.000000 0.000000
696.465637 1200.000000 0.000000
393.362335 1200.000000 0.000000
1179.814575 1200.000000 0.000000
754.143677 1200.000000 0.000000
463.797333 1200.000000 0.000000
666.706848 1200.000000 0.000000
945.429871 1200.000000 0.000000
426.154724 1200.000000 0.000000
1184.053101 1200.000000 0.000000
444.532928 1200.000000 0.000000
450.887909 1200.000000 0.000000
1364.972412 1200.000000 0.000000
611.958130 1200.000000 0.000000
462.753326 1200.000000 0.000000
306.951996 1200.000000 0.000000
691.546814 1200.000000 0.000000
558.556030 1200.000000 0.000000
389.732544 1200.000000 0.000000
388.921631 1200.000000 0.000000
443.620941 1200.000000 0.000000
535.583557 1200.000000 0.000000
536.982422 1200.000000 0.000000
472.379913 1200.000000 0.000000
473.063416 1200.000000 0.000000
1151.146729 1200.000000 0.000000
824.455933 1200.000000 0.000000
669.218018 1200.000000 0.000000
425.898865 1200.000000 0.000000
573.894287 1200.000000 0.000000
556.428345 1200.000000 0.000000
443.071472 1200.000000 0.000000
621.369446 1200.000000 0.000000
925.570068 1200.000000 0.000000
765.567749 1200.000000 0.000000
410.272858 1200.000000 0.000000
421.579803 1200.000000 0.000000
617.544067 1200.000000 0.000000
544.190674 1200.000000 0.000000
569.198730 1200.000000 0.000000
470.248749 1200.000000 0.000000
432.546448 1200.000000 0.000000
518.832520 1200.000000 0.000000
808.969482 1200.000000 0.000000
312.707886 1200.000000 0.000000
345.066833 1200.000000 0.000000
501.985138 1200.000000 0.000000
498.309143 1200.000000 0.000000
638.832458 1200.000000 0.000000
602.455688 1200.000000 0.000000
413.717957 1200.000000 0.000000
1273.526611 1200.000000 0.000000
376.260681 1200.000000 0.000000
491.876678 1200.000000 0.000000
524.454834 1200.000000 0.000000
355.590576 1200.000000 0.000000
715.854431 1200.000000 0.000000
686.589233 1200.000000 0.000000
545.529785 1200.000000 0.000000
437.864655 1200.000000 0.000000
618.686218 1200.000000 0.000000
914.375061 1200.000000 0.000000
461.384918 1200.000000 0.000000
570.384155 1200.000000 0.000000
558.329102 1200.000000 0.000000
398.602875 1200.000000 0.000000
746.414185 1200.000000 0.000000
626.096680 1200.000000 0.000000
470.455261 1200.000000 0.000000
408.809753 1200.000000 0.000000
522.725769 1200.000000 0.000000
490.356384 1200.000000 0.000000
1243.846924 1200.000000 0.000000
455.569122 1200.000000 0.000000
1730.565430 1200.000000 0.000000
556.660400 1200.000000 0.000000
567.142761 1200.000000 0.000000
547.179199 1200.000000 0.000000
336.440277 1200.000000 0.000000
368.852661 1200.000000 0.000000
781.387634 1200.000000 0.000000
632.628906 1200.000000 0.000000
959.204407 1200.000000 0.000000
472.154877 1200.000000 0.000000
784.967957 1200.000000 0.000000
669.834412 1200.000000 0.000000
1130.988159 1200.000000 0.000000
424.862030 1200.000000 0.000000
606.408020 1200.000000 0.000000
378.536926 1200.000000 0.000000
599.574951 1200.000000 0.000000
592.352112 1200.000000 0.000000
509.617493 1200.000000 0.000000
572.569519 1200.000000 0.000000
463.885437 1200.000000 0.000000
456.520111 1200.000000 0.000000
578.068970 1200.000000 0.000000
1384.070801 1200.000000 0.000000
527.697998 1200.000000 0.000000
714.178528 1200.000000 0.000000
326.450043 1200.000000 0.000000
513.660706 1200.000000 0.000000
974.678040 1200.000000 0.000000
512.555664 1200.000000 0.000000
393.617188 1200.000000 0.000000
802.356018 1200.000000 0.000000
414.059448 1200.000000 0.000000
440.743591 1200.000000 0.000000
730.033508 1200.000000 0.000000
503.341553 1200.000000 0.000000
375.592285 1200.000000 0.000000
447.049866 1200.000000 0.000000
514.021118 1200.000000 0.000000
655.876892 1200.000000 0.000000
899.311462 1200.000000 0.000000
288.288025 1200.000000 0.000000
1104.638916 1200.000000 0.000000
682.167542 1200.000000 0.000000
389.307861 1200.000000 0.000000
512.203674 1200.000000 0.000000
1251.732910 1200.000000 0.000000
1156.826904 1200.000000 0.000000
339.189331 1200.000000 0.000000
561.202942 1200.000000 0.000000
765.759277 1200.000000 0.000000
478.645477 1200.000000 0.000000
520.502136 1200.000000 0.000000
500.079956 1200.000000 0.000000
358.791168 1200.000000 0.000000
882.099182 1200.000000 0.000000
498.405396 1200.000000 0.000000
483.562714 1200.000000 0.000000
412.237091 1200.000000 0.000000
438.946686 1200.000000 0.000000
456.145844 1200.000000 0.000000
543.102295 1200.000000 0.000000
426.279602 1200.000000 0.000000
702.724243 1200.000000 0.000000
452.503113 1200.000000 0.000000
719.715942 1200.000000 0.000000
557.553284 1200.000000 0.000000
872.820618 1200.000000 0.000000
570.192200 1200.000000 0.000000
667.427612 1200.000000 0.000000
406.538422 1200.000000 0.000000
404.323792 1200.000000 0.000000
648.068359 1200.000000 0.000000
568.720947 1200.000000 0.000000
684.548706 1200.000000 0.000000
442.892365 1200.000000 0.000000
1045.306519 1200.000000 0.000000
741.975098 1200.000000 0.000000
421.231171 1200.000000 0.000000
979.280579 1200.000000 0.000000
1140.073608 1200.000000 0.000000
446.928558 1200.000000 0.000000
832.888245 1200.000000 0.000000
839.372070 1200.000000 0.000000
844.506104 1200.000000 0.000000
462.741180 1200.000000 0.000000
459.375824 1200.000000 0.000000
560.675903 1200.000000 0.000000
501.224152 1200.000000 0.000000
518.903870 1200.000000 0.000000
538.587830 1200.000000 0.000000
523.051514 1200.000000 0.000000
353.759552 1200.000000 0.000000
385.070953 1200.000000 0.000000
899.678528 1200.000000 0.000000
1085.541626 1200.000000 0.000000
1291.213745 1200.000000 0.000000
350.004639 1200.000000 0.000000
666.837952 1200.000000 0.000000
513.909729 1200.000000 0.000000
617.434753 1200.000000 0.000000
463.051483 1200.000000 0.000000
585.221008 1200.000000 0.000000
463.514587 1200.000000 0.000000
447.374054 1200.000000 0.000000
276.237854 1200.000000 0.000000
333.755463 1200.000000 0.000000
486.485168 1200.000000 0.000000
506.047485 1200.000000 0.000000
389.464966 1200.000000 0.000000
543.452515 1200.000000 0.000000
611.520874 1200.000000 0.000000
404.133972 1200.000000 0.000000
767.890564 1200.000000 0.000000
484.019348 1200.000000 0.000000
703.579956 1200.000000 0.000000
678.124878 1200.000000 0.000000
446.013550 1200.000000 0.000000
455.206207 1200.000000 0.000000
472.284454 1200.000000 0.000000
962.844360 1200.000000 0.000000
1069.763794 1200.000000 0.000000
567.446045 1200.000000 0.000000
1009.193848 1200.000000 0.000000
349.118500 1200.000000 0.000000
522.625488 1200.000000 0.000000
521.348022 1200.000000 0.000000
489.097748 1200.000000 0.000000
470.148438 1200.000000 0.000000
792.171509 1200.000000 0.000000
1312.393555 1200.000000 0.000000
371.464630 1200.000000 0.000000
1752.150024 1200.000000 0.000000
287.281555 1200.000000 0.000000
331.364471 1200.000000 0.000000
347.124084 1200.000000 0.000000
433.607483 1200.000000 0.000000
629.803162 1200.000000 0.000000
418.694916 1200.000000 0.000000
403.052185 1200.000000 0.000000
474.112610 1200.000000 0.000000
433.289856 1200.000000 0.000000
304.423615 1200.000000 0.000000
970.195618 1200.000000 0.000000
492.225098 1200.000000 0.000000
909.237976 1200.000000 0.000000
817.713745 1200.000000 0.000000
569.703491 1200.000000 0.000000
403.252563 1200.000000 0.000000
1165.838013 1200.000000 0.000000
578.253235 1200.000000 0.000000
510.894592 1200.000000 0.000000
463.457825 1200.000000 0.000000
558.717957 1200.000000 0.000000
876.437927 1200.000000 0.000000
1354.699341 1200.000000 0.000000
1245.229614 1200.000000 0.000000
454.539642 1200.000000 0.000000
539.874512 1200.000000 0.000000
743.274597 1200.000000 0.000000
374.443665 1200.000000 0.000000
657.104980 1200.000000 0.000000
326.653534 1200.000000 0.000000
346.710907 1200.000000 0.000000
503.119751 1200.000000 0.000000
478.906738 1200.000000 0.000000
368.337585 1200.000000 0.000000
568.702332 1200.000000 0.000000
550.521423 1200.000000 0.000000
359.736389 1200.000000 0.000000
377.048004 1200.000000 0.000000
695.668701 1200.000000 0.000000
611.372742 1200.000000 0.000000
539.136841 1200.000000 0.000000
640.016663 1200.000000 0.000000
536.636658 1200.000000 0.000000
541.145325 1200.000000 0.000000
423.529236 1200.000000 0.000000
964.053711 1200.000000 0.000000
375.334106 1200.000000 0.000000
375.850098 1200.000000 0.000000
630.529724 1200.000000 0.000000
931.890808 1200.000000 0.000000
421.072388 1200.000000 0.000000
469.983582 1200.000000 0.000000
577.447815 1200.000000 0.000000
343.449585 1200.000000 0.000000
