2144.555664 1300.000000 1.000000
1640.286987 1300.000000 1.000000
1034.839722 1300.000000 1.000000
1228.095703 1300.000000 1.000000
1523.806030 1300.000000 1.000000
1273.822266 1300.000000 1.000000
1054.897095 1300.000000 1.000000
1443.856934 1300.000000 1.000000
1368.303101 1300.000000 1.000000
1316.331421 1300.000000 1.000000
2335.727051 1300.000000 1.000000
983.506409 1300.000000 1.000000
1523.656982 1300.000000 1.000000
3495.376221 1300.000000 1.000000
1662.308960 1300.000000 1.000000
1235.413086 1300.000000 1.000000
1235.336304 1300.000000 1.000000
2014.883789 1300.000000 1.000000
828.513184 1300.000000 1.000000
2221.247070 1300.000000 1.000000
1285.517578 1300.000000 1.000000
1304.039673 1300.000000 1.000000
1211.176880 1300.000000 1.000000
1199.120117 1300.000000 1.000000
1184.378784 1300.000000 1.000000
1189.329102 1300.000000 1.000000
1381.702637 1300.000000 1.000000
3075.312012 1300.000000 1.000000
1555.344727 1300.000000 1.000000
1427.645508 1300.000000 1.000000
1927.321777 1300.000000 1.000000
1140.676025 1300.000000 1.000000
855.563477 1300.000000 1.000000
1155.941528 1300.000000 1.000000
1164.029419 1300.000000 1.000000
1545.030396 1300.000000 1.000000
1179.712891 1300.000000 1.000000
1148.448730 1300.000000 1.000000
1064.385254 1300.000000 1.000000
1157.895752 1300.000000 1.000000
1283.231689 1300.000000 1.000000
1276.737427 1300.000000 1.000000
1044.938721 1300.000000 1.000000
989.131531 1300.000000 1.000000
1154.061279 1300.000000 1.000000
1265.903320 1300.000000 1.000000
1210.312988 1300.000000 1.000000
2145.978516 1300.000000 1.000000
1412.658936 1300.000000 1.000000
1197.215576 1300.000000 1.000000
1168.458374 1300.000000 1.000000
1254.547852 1300.000000 1.000000
1268.864624 1300.000000 1.000000
603.181763 1300.000000 1.000000
1901.775513 1300.000000 1.000000
1100.331421 1300.000000 1.000000
1113.969971 1300.000000 1.000000
1172.267822 1300.000000 1.000000
1284.938843 1300.000000 1.000000
1178.825195 1300.000000 1.000000
2039.062866 1300.000000 1.000000
1435.438599 1300.000000 1.000000
1083.515503 1300.000000 1.000000
1362.050781 1300.000000 1.000000
1302.029541 1300.000000 1.000000
1189.290283 1300.000000 1.000000
2751.866211 1300.000000 1.000000
1345.646240 1300.000000 1.000000
1262.727661 1300.000000 1.000000
1229.846680 1300.000000 1.000000
1384.565674 1300.000000 1.000000
1259.560303 1300.000000 1.000000
1063.795166 1300.000000 1.000000
1524.960327 1300.000000 1.000000
1314.135498 1300.000000 1.000000
1420.576538 1300.000000 1.000000
1495.545288 1300.000000 1.000000
1320.353394 1300.000000 1.000000
1103.149536 1300.000000 1.000000
1351.425537 1300.000000 1.000000
2025.166138 1300.000000 1.000000
1703.352295 1300.000000 1.000000
1261.587891 1300.000000 1.000000
2372.388184 1300.000000 1.000000
1363.669189 1300.000000 1.000000
1228.515259 1300.000000 1.000000
2154.843750 1300.000000 1.000000
1769.858643 1300.000000 1.000000
1090.262695 1300.000000 1.000000
1517.902954 1300.000000 1.000000
1415.895020 1300.000000 1.000000
1413.826782 1300.000000 1.000000
1454.140503 1300.000000 1.000000
2004.642212 1300.000000 1.000000
1940.561401 1300.000000 1.000000
1934.875366 1300.000000 1.000000
3598.070801 1300.000000 1.000000
988.351990 1300.000000 1.000000
1243.282837 1300.000000 1.000000
1061.317017 1300.000000 1.000000
1331.024536 1300.000000 1.000000
1286.399902 1300.000000 1.000000
1570.606812 1300.000000 1.000000
1251.106689 1300.000000 1.000000
1712.039917 1300.000000 1.000000
1801.955566 1300.000000 1.000000
2024.373413 1300.000000 1.000000
1339.303101 1300.000000 1.000000
2033.596069 1300.000000 1.000000
745.676147 1300.000000 1.000000
1333.844971 1300.000000 1.000000
1448.678955 1300.000000 1.000000
1526.410767 1300.000000 1.000000
1586.900269 1300.000000 1.000000
2271.137939 1300.000000 1.000000
1674.116943 1300.000000 1.000000
990.797119 1300.000000 1.000000
2082.095215 1300.000000 1.000000
1954.895874 1300.000000 1.000000
1259.335083 1300.000000 1.000000
1857.867798 1300.000000 1.000000
1068.366089 1300.000000 1.000000
1106.817383 1300.000000 1.000000
2638.635742 1300.000000 1.000000
1539.377075 1300.000000 1.000000
1177.992188 1300.000000 1.000000
1406.912842 1300.000000 1.000000
1161.574097 1300.000000 1.000000
1517.256104 1300.000000 1.000000
1313.892944 1300.000000 1.000000
1441.897949 1300.000000 1.000000
1282.344604 1300.000000 1.000000
1322.645630 1300.000000 1.000000
2236.695557 1300.000000 1.000000
1263.687256 1300.000000 1.000000
1604.529297 1300.000000 1.000000
974.169006 1300.000000 1.000000
1334.096313 1300.000000 1.000000
1369.961548 1300.000000 1.000000
1198.976074 1300.000000 1.000000
834.239868 1300.000000 1.000000
1411.974854 1300.000000 1.000000
834.787659 1300.000000 1.000000
1293.457886 1300.000000 1.000000
935.532654 1300.000000 1.000000
1692.872925 1300.000000 1.000000
1121.868774 1300.000000 1.000000
1467.496948 1300.000000 1.000000
1750.763672 1300.000000 1.000000
1491.403687 1300.000000 1.000000
1337.419189 1300.000000 1.000000
1360.365967 1300.000000 1.000000
1125.801636 1300.000000 1.000000
1264.182129 1300.000000 1.000000
983.825989 1300.000000 1.000000
1288.003174 1300.000000 1.000000
1698.943237 1300.000000 1.000000
973.724243 1300.000000 1.000000
1566.311035 1300.000000 1.000000
880.364136 1300.000000 1.000000
1233.760620 1300.000000 1.000000
4084.991699 1300.000000 1.000000
2475.871826 1300.000000 1.000000
1236.312622 1300.000000 1.000000
921.546448 1300.000000 1.000000
1656.681641 1300.000000 1.000000
1680.506958 1300.000000 1.000000
1235.609131 1300.000000 1.000000
1315.200195 1300.000000 1.000000
2074.475586 1300.000000 1.000000
2442.812256 1300.000000 1.000000
1487.629639 1300.000000 1.000000
2417.813965 1300.000000 1.000000
2402.111084 1300.000000 1.000000
1443.500610 1300.000000 1.000000
1115.804199 1300.000000 1.000000
1910.881958 1300.000000 1.000000
2234.435791 1300.000000 1.000000
1282.636841 1300.000000 1.000000
1219.850586 1300.000000 1.000000
2112.201904 1300.000000 1.000000
1233.697388 1300.000000 1.000000
1730.918823 1300.000000 1.000000
1258.194946 1300.000000 1.000000
2263.700684 1300.000000 1.000000
1557.317261 1300.000000 1.000000
1367.877197 1300.000000 1.000000
1675.138794 1300.000000 1.000000
1163.626343 1300.000000 1.000000
1905.681030 1300.000000 1.000000
1450.802002 1300.000000 1.000000
2019.888672 1300.000000 1.000000
1170.758667 1300.000000 1.000000
2017.307495 1300.000000 1.000000
2057.614014 1300.000000 1.000000
1763.799805 1300.000000 1.000000
1800.820068 1300.000000 1.000000
1025.915161 1300.000000 1.000000
1324.151611 1300.000000 1.000000
1871.197021 1300.000000 1.000000
947.063965 1300.000000 1.000000
1228.134766 1300.000000 1.000000
1164.736572 1300.000000 1.000000
1279.106445 1300.000000 1.000000
1147.757080 1300.000000 1.000000
1256.790039 1300.000000 1.000000
1594.128784 1300.000000 1.000000
1236.452759 1300.000000 1.000000
2151.114258 1300.000000 1.000000
3650.686768 1300.000000 1.000000
1405.776978 1300.000000 1.000000
1080.362305 1300.000000 1.000000
1137.913574 1300.000000 1.000000
1150.415039 1300.000000 1.000000
1640.619751 1300.000000 1.000000
1083.545044 1300.000000 1.000000
2084.169434 1300.000000 1.000000
923.558899 1300.000000 1.000000
1600.409668 1300.000000 1.000000
2587.560791 1300.000000 1.000000
1456.131226 1300.000000 1.000000
1203.101440 1300.000000 1.000000
1271.308838 1300.000000 1.000000
1309.746216 1300.000000 1.000000
1154.130127 1300.000000 1.000000
1194.122559 1300.000000 1.000000
1011.846680 1300.000000 1.000000
1220.060547 1300.000000 1.000000
1220.572998 1300.000000 1.000000
1875.362183 1300.000000 1.000000
1252.772583 1300.000000 1.000000
1515.094604 1300.000000 1.000000
1121.322388 1300.000000 1.000000
1597.539429 1300.000000 1.000000
1463.749390 1300.000000 1.000000
1512.303589 1300.000000 1.000000
1429.099854 1300.000000 1.000000
959.793091 1300.000000 1.000000
1376.376953 1300.000000 1.000000
1210.724487 1300.000000 1.000000
1334.809937 1300.000000 1.000000
1432.823486 1300.000000 1.000000
1409.980469 1300.000000 1.000000
2893.045166 1300.000000 1.000000
1199.889893 1300.000000 1.000000
1018.962585 1300.000000 1.000000
2017.802246 1300.000000 1.000000
996.799500 1300.000000 1.000000
1752.039917 1300.000000 1.000000
3044.912354 1300.000000 1.000000
1554.738037 1300.000000 1.000000
1190.372559 1300.000000 1.000000
1243.518188 1300.000000 1.000000
1327.117310 1300.000000 1.000000
1615.358765 1300.000000 1.000000
1374.458496 1300.000000 1.000000
3071.755371 1300.000000 1.000000
1677.110840 1300.000000 1.000000
983.539307 1300.000000 1.000000
1317.938965 1300.000000 1.000000
1271.381714 1300.000000 1.000000
1092.465210 1300.000000 1.000000
1605.207275 1300.000000 1.000000
1538.108276 1300.000000 1.000000
1795.566040 1300.000000 1.000000
1523.153809 1300.000000 1.000000
1471.337646 1300.000000 1.000000
1402.713989 1300.000000 1.000000
1400.773315 1300.000000 1.000000
1427.527832 1300.000000 1.000000
1049.873413 1300.000000 1.000000
1439.645386 1300.000000 1.000000
1012.822266 1300.000000 1.000000
1409.577026 1300.000000 1.000000
1348.218140 1300.000000 1.000000
1301.758545 1300.000000 1.000000
1031.933350 1300.000000 1.000000
1491.428223 1300.000000 1.000000
1388.779663 1300.000000 1.000000
1168.246094 1300.000000 1.000000
1226.878174 1300.000000 1.000000
1319.976685 1300.000000 1.000000
1336.986816 1300.000000 1.000000
1155.126465 1300.000000 1.000000
1300.288086 1300.000000 1.000000
1670.734619 1300.000000 1.000000
1686.086304 1300.000000 1.000000
1150.031494 1300.000000 1.000000
1417.732666 1300.000000 1.000000
1185.755615 1300.000000 1.000000
1257.494263 1300.000000 1.000000
1173.339600 1300.000000 1.000000
1183.566528 1300.000000 1.000000
1786.772217 1300.000000 1.000000
1413.384644 1300.000000 1.000000
1118.827515 1300.000000 1.000000
1880.798096 1300.000000 1.000000
1598.648438 1300.000000 1.000000
1490.804810 1300.000000 1.000000
1200.879028 1300.000000 1.000000
1982.803589 1300.000000 1.000000
1324.416260 1300.000000 1.000000
1277.152344 1300.000000 1.000000
1283.759521 1300.000000 1.000000
1151.359131 1300.000000 1.000000
1301.382935 1300.000000 1.000000
1608.188110 1300.000000 1.000000
1337.972046 1300.000000 1.000000
1730.137451 1300.000000 1.000000
1306.471802 1300.000000 1.000000
2182.951172 1300.000000 1.000000
2142.899902 1300.000000 1.000000
1328.277466 1300.000000 1.000000
1501.310303 1300.000000 1.000000
1289.887695 1300.000000 1.000000
1511.031738 1300.000000 1.000000
1385.594727 1300.000000 1.000000
2343.760742 1300.000000 1.000000
1600.843994 1300.000000 1.000000
1480.001953 1300.000000 1.000000
2600.275879 1300.000000 1.000000
1958.658936 1300.000000 1.000000
1478.726807 1300.000000 1.000000
1462.928345 1300.000000 1.000000
1138.906494 1300.000000 1.000000
998.308899 1300.000000 1.000000
1046.452393 1300.000000 1.000000
1351.155273 1300.000000 1.000000
1199.443115 1300.000000 1.000000
1738.193115 1300.000000 1.000000
1361.753052 1300.000000 1.000000
1275.164673 1300.000000 1.000000
2211.022949 1300.000000 1.000000
2153.065918 1300.000000 1.000000
2295.740234 1300.000000 1.000000
1412.923706 1300.000000 1.000000
1128.789307 1300.000000 1.000000
1281.064819 1300.000000 1.000000
911.699158 1300.000000 1.000000
966.731995 1300.000000 1.000000
1512.616089 1300.000000 1.000000
1145.031006 1300.000000 1.000000
1014.514771 1300.000000 1.000000
1393.290039 1300.000000 1.000000
1372.945679 1300.000000 1.000000
1893.045410 1300.000000 1.000000
1528.207520 1300.000000 1.000000
1532.179810 1300.000000 1.000000
1345.553589 1300.000000 1.000000
2748.208984 1300.000000 1.000000
4103.410156 1300.000000 1.000000
1964.621460 1300.000000 1.000000
1361.046265 1300.000000 1.000000
1955.010010 1300.000000 1.000000
3116.762451 1300.000000 1.000000
1260.564941 1300.000000 1.000000
1166.377441 1300.000000 1.000000
1482.360229 1300.000000 1.000000
1174.968994 1300.000000 1.000000
936.911255 1300.000000 1.000000
1170.964844 1300.000000 1.000000
1080.080322 1300.000000 1.000000
1346.400146 1300.000000 1.000000
1831.496826 1300.000000 1.000000
1252.431763 1300.000000 1.000000
985.364136 1300.000000 1.000000
1311.414673 1300.000000 1.000000
1711.223389 1300.000000 1.000000
1417.239990 1300.000000 1.000000
1552.473877 1300.000000 1.000000
1023.271545 1300.000000 1.000000
954.954041 1300.000000 1.000000
1441.292358 1300.000000 1.000000
842.331238 1300.000000 1.000000
1343.283325 1300.000000 1.000000
1010.268738 1300.000000 1.000000
1374.672241 1300.000000 1.000000
1311.442871 1300.000000 1.000000
1417.129395 1300.000000 1.000000
1822.796875 1300.000000 1.000000
1490.943481 1300.000000 1.000000
2969.678467 1300.000000 1.000000
1340.259277 1300.000000 1.000000
2051.641357 1300.000000 1.000000
1369.952026 1300.000000 1.000000
1107.952515 1300.000000 1.000000
4305.715332 1300.000000 1.000000
2585.890869 1300.000000 1.000000
1205.305786 1300.000000 1.000000
1418.159912 1300.000000 1.000000
1992.423218 1300.000000 1.000000
1067.156250 1300.000000 1.000000
1215.697510 1300.000000 1.000000
1350.736328 1300.000000 1.000000
1535.829224 1300.000000 1.000000
1345.200684 1300.000000 1.000000
1026.766724 1300.000000 1.000000
1200.778931 1300.000000 1.000000
2090.465820 1300.000000 1.000000
1922.396973 1300.000000 1.000000
1984.344727 1300.000000 1.000000
1204.982666 1300.000000 1.000000
2105.245361 1300.000000 1.000000
1712.224365 1300.000000 1.000000
1194.262939 1300.000000 1.000000
1277.224365 1300.000000 1.000000
1237.579468 1300.000000 1.000000
1330.879150 1300.000000 1.000000
1311.440063 1300.000000 1.000000
1281.698853 1300.000000 1.000000
1611.397949 1300.000000 1.000000
1006.588867 1300.000000 1.000000
1084.962524 1300.000000 1.000000
1916.968506 1300.000000 1.000000
1408.363159 1300.000000 1.000000
2720.158691 1300.000000 1.000000
1160.481323 1300.000000 1.000000
1462.643921 1300.000000 1.000000
1455.965820 1300.000000 1.000000
1658.474365 1300.000000 1.000000
1675.666382 1300.000000 1.000000
1595.253418 1300.000000 1.000000
1139.363647 1300.000000 1.000000
1323.159058 1300.000000 1.000000
1212.794678 1300.000000 1.000000
1236.395874 1300.000000 1.000000
2657.311523 1300.000000 1.000000
1413.759155 1300.000000 1.000000
1759.585571 1300.000000 1.000000
1530.507690 1300.000000 1.000000
1497.115479 1300.000000 1.000000
1045.692505 1300.000000 1.000000
1468.201660 1300.000000 1.000000
2326.498535 1300.000000 1.000000
1586.931763 1300.000000 1.000000
1480.483643 1300.000000 1.000000
1422.868896 1300.000000 1.000000
1349.114868 1300.000000 1.000000
1119.945557 1300.000000 1.000000
986.216919 1300.000000 1.000000
1572.856445 1300.000000 1.000000
1413.182739 1300.000000 1.000000
1834.410767 1300.000000 1.000000
1793.470459 1300.000000 1.000000
1611.170410 1300.000000 1.000000
1829.692627 1300.000000 1.000000
1574.619385 1300.000000 1.000000
1202.318848 1300.000000 1.000000
1915.207642 1300.000000 1.000000
1317.421387 1300.000000 1.000000
665.927002 1300.000000 1.000000
1237.433960 1300.000000 1.000000
1485.147949 1300.000000 1.000000
1112.645142 1300.000000 1.000000
1374.367188 1300.000000 1.000000
1318.252686 1300.000000 1.000000
2117.465820 1300.000000 1.000000
1324.207520 1300.000000 1.000000
1138.853149 1300.000000 1.000000
1109.247681 1300.000000 1.000000
1916.710083 1300.000000 1.000000
3821.960205 1300.000000 1.000000
1197.458130 1300.000000 1.000000
1420.249634 1300.000000 1.000000
1103.095459 1300.000000 1.000000
1336.272339 1300.000000 1.000000
1216.863525 1300.000000 1.000000
1392.516724 1300.000000 1.000000
1577.284790 1300.000000 1.000000
1173.561768 1300.000000 1.000000
1259.945557 1300.000000 1.000000
1530.345947 1300.000000 1.000000
2598.869141 1300.000000 1.000000
1241.652954 1300.000000 1.000000
1105.530518 1300.000000 1.000000
1150.588745 1300.000000 1.000000
1392.865967 1300.000000 1.000000
1590.091797 1300.000000 1.000000
1227.063354 1300.000000 1.000000
1854.714966 1300.000000 1.000000
2106.101318 1300.000000 1.000000
1513.205688 1300.000000 1.000000
2517.954346 1300.000000 1.000000
1431.058716 1300.000000 1.000000
1678.436157 1300.000000 1.000000
1329.873047 1300.000000 1.000000
1255.484497 1300.000000 1.000000
1309.336426 1300.000000 1.000000
1191.770630 1300.000000 1.000000
1465.554443 1300.000000 1.000000
1617.344727 1300.000000 1.000000
1694.802979 1300.000000 1.000000
794.556641 1300.000000 1.000000
1479.803955 1300.000000 1.000000
1207.631470 1300.000000 1.000000
1309.765747 1300.000000 1.000000
1516.089478 1300.000000 1.000000
1302.908081 1300.000000 1.000000
1299.618164 1300.000000 1.000000
3808.152588 1300.000000 1.000000
1274.222656 1300.000000 1.000000
1184.644409 1300.000000 1.000000
1290.026245 1300.000000 1.000000
2061.625977 1300.000000 1.000000
1815.722046 1300.000000 1.000000
1182.345215 1300.000000 1.000000
1411.936768 1300.000000 1.000000
2281.764160 1300.000000 1.000000
1377.374634 1300.000000 1.000000
1091.076904 1300.000000 1.000000
997.733765 1300.000000 1.000000
892.317505 1300.000000 1.000000
1830.598633 1300.000000 1.000000
1243.215698 1300.000000 1.000000
1159.752197 1300.000000 1.000000
1955.656738 1300.000000 1.000000
1319.468628 1300.000000 1.000000
1117.714478 1300.000000 1.000000
1142.317139 1300.000000 1.000000
1750.428833 1300.000000 1.000000
1528.427124 1300.000000 1.000000
1149.343384 1300.000000 1.000000
1675.887817 1300.000000 1.000000
3330.220947 1300.000000 1.000000
1205.123413 1300.000000 1.000000
2365.689697 1300.000000 1.000000
1170.306396 1300.000000 1.000000
1462.887573 1300.000000 1.000000
1149.856079 1300.000000 1.000000
1233.181519 1300.000000 1.000000
1326.403442 1300.000000 1.000000
1262.052246 1300.000000 1.000000
1350.928101 1300.000000 1.000000
1504.949219 1300.000000 1.000000
1529.161499 1300.000000 1.000000
1673.192139 1300.000000 1.000000
1345.617554 1300.000000 1.000000
1215.376831 1300.000000 1.000000
2235.252686 1300.000000 1.000000
1404.908203 1300.000000 1.000000
1256.123169 1300.000000 1.000000
1205.484863 1300.000000 1.000000
1455.714722 1300.000000 1.000000
1134.902710 1300.000000 1.000000
1745.255859 1300.000000 1.000000
1831.262207 1300.000000 1.000000
2302.950439 1300.000000 1.000000
1243.276489 1300.000000 1.000000
1454.465820 1300.000000 1.000000
1338.721069 1300.000000 1.000000
1344.669067 1300.000000 1.000000
1252.466187 1300.000000 1.000000
1124.660156 1300.000000 1.000000
2512.697510 1300.000000 1.000000
1252.032104 1300.000000 1.000000
1397.015991 1300.000000 1.000000
3148.320557 1300.000000 1.000000
1671.333618 1300.000000 1.000000
1619.534668 1300.000000 1.000000
1414.174194 1300.000000 1.000000
1059.015259 1300.000000 1.000000
2121.330811 1300.000000 1.000000
1688.282471 1300.000000 1.000000
1522.541260 1300.000000 1.000000
856.099060 1300.000000 1.000000
1585.392822 1300.000000 1.000000
1299.978760 1300.000000 1.000000
1280.002075 1300.000000 1.000000
3512.050781 1300.000000 1.000000
1425.522827 1300.000000 1.000000
1153.550171 1300.000000 1.000000
2117.157715 1300.000000 1.000000
1938.524414 1300.000000 1.000000
1164.831909 1300.000000 1.000000
2522.375732 1300.000000 1.000000
864.366577 1300.000000 1.000000
1443.082520 1300.000000 1.000000
1111.782593 1300.000000 1.000000
1028.440430 1300.000000 1.000000
2892.250000 1300.000000 1.000000
1659.204346 1300.000000 1.000000
1464.308228 1300.000000 1.000000
1814.347656 1300.000000 1.000000
1287.151367 1300.000000 1.000000
1018.112183 1300.000000 1.000000
1568.632446 1300.000000 1.000000
1740.635010 1300.000000 1.000000
3165.968018 1300.000000 1.000000
1631.706055 1300.000000 1.000000
1759.415161 1300.000000 1.000000
1575.365845 1300.000000 1.000000
831.820740 1300.000000 1.000000
1674.795410 1300.000000 1.000000
2460.193604 1300.000000 1.000000
1449.712036 1300.000000 1.000000
2149.435547 1300.000000 1.000000
1270.684204 1300.000000 1.000000
1350.834106 1300.000000 1.000000
1735.265747 1300.000000 1.000000
1662.945801 1300.000000 1.000000
1331.246216 1300.000000 1.000000
1082.725342 1300.000000 1.000000
1190.938965 1300.000000 1.000000
1552.459961 1300.000000 1.000000
1491.827759 1300.000000 1.000000
4175.245605 1300.000000 1.000000
1897.891602 1300.000000 1.000000
1096.181030 1300.000000 1.000000
1587.958618 1300.000000 1.000000
2308.528320 1300.000000 1.000000
1399.780640 1300.000000 1.000000
1493.585083 1300.000000 1.000000
1445.494873 1300.000000 1.000000
1368.111572 1300.000000 1.000000
1933.302002 1300.000000 1.000000
1913.046509 1300.000000 1.000000
1432.026978 1300.000000 1.000000
2486.750732 1300.000000 1.000000
1483.813965 1300.000000 1.000000
1217.265259 1300.000000 1.000000
1250.528564 1300.000000 1.000000
1212.552124 1300.000000 1.000000
1263.985596 1300.000000 1.000000
1040.180176 1300.000000 1.000000
986.690247 1300.000000 1.000000
1715.624390 1300.000000 1.000000
1128.240479 1300.000000 1.000000
1064.217285 1300.000000 1.000000
1468.343750 1300.000000 1.000000
1224.357300 1300.000000 1.000000
1600.519287 1300.000000 1.000000
1034.197144 1300.000000 1.000000
1064.871704 1300.000000 1.000000
1511.104126 1300.000000 1.000000
1464.917603 1300.000000 1.000000
1554.560425 1300.000000 1.000000
1606.148926 1300.000000 1.000000
1167.998413 1300.000000 1.000000
1131.435059 1300.000000 1.000000
1095.035767 1300.000000 1.000000
1398.047974 1300.000000 1.000000
1509.572144 1300.000000 1.000000
2636.846680 1300.000000 1.000000
1329.415405 1300.000000 1.000000
1187.244507 1300.000000 1.000000
1936.367798 1300.000000 1.000000
1253.454712 1300.000000 1.000000
1019.699829 1300.000000 1.000000
1924.575195 1300.000000 1.000000
1092.393433 1300.000000 1.000000
1676.705688 1300.000000 1.000000
1004.947510 1300.000000 1.000000
1228.409912 1300.000000 1.000000
1493.570312 1300.000000 1.000000
1380.081055 1300.000000 1.000000
2113.904053 1300.000000 1.000000
1088.897339 1300.000000 1.000000
1668.848267 1300.000000 1.000000
1386.129761 1300.000000 1.000000
1150.287842 1300.000000 1.000000
1859.053833 1300.000000 1.000000
696.019958 1300.000000 1.000000
1449.836792 1300.000000 1.000000
1494.130249 1300.000000 1.000000
1866.200317 1300.000000 1.000000
1664.412964 1300.000000 1.000000
1287.461426 1300.000000 1.000000
1365.162720 1300.000000 1.000000
1533.216064 1300.000000 1.000000
1117.155029 1300.000000 1.000000
1278.031372 1300.000000 1.000000
1354.455322 1300.000000 1.000000
1337.015015 1300.000000 1.000000
1224.316162 1300.000000 1.000000
1744.476440 1300.000000 1.000000
1628.916138 1300.000000 1.000000
1180.290283 1300.000000 1.000000
1032.494507 1300.000000 1.000000
1570.117798 1300.000000 1.000000
1281.416748 1300.000000 1.000000
1634.057617 1300.000000 1.000000
1329.788086 1300.000000 1.000000
1448.631592 1300.000000 1.000000
1242.884399 1300.000000 1.000000
1513.028076 1300.000000 1.000000
1109.658081 1300.000000 1.000000
1770.288696 1300.000000 1.000000
1404.475098 1300.000000 1.000000
1203.547241 1300.000000 1.000000
1025.725098 1300.000000 1.000000
1528.164062 1300.000000 1.000000
1258.159424 1300.000000 1.000000
2095.770020 1300.000000 1.000000
1230.470459 1300.000000 1.000000
1270.333496 1300.000000 1.000000
1303.659912 1300.000000 1.000000
1224.925293 1300.000000 1.000000
1206.206299 1300.000000 1.000000
1495.334717 1300.000000 1.000000
1430.326782 1300.000000 1.000000
1274.784546 1300.000000 1.000000
1253.313354 1300.000000 1.000000
1229.113037 1300.000000 1.000000
1072.921387 1300.000000 1.000000
1365.714355 1300.000000 1.000000
1113.140137 1300.000000 1.000000
1486.205322 1300.000000 1.000000
6384.212402 1300.000000 1.000000
1070.375488 1300.000000 1.000000
2270.784180 1300.000000 1.000000
1285.312012 1300.000000 1.000000
1427.843262 1300.000000 1.000000
1198.641357 1300.000000 1.000000
1659.591919 1300.000000 1.000000
1634.326904 1300.000000 1.000000
1377.739258 1300.000000 1.000000
1506.686279 1300.000000 1.000000
1205.083008 1300.000000 1.000000
1619.783569 1300.000000 1.000000
1210.376709 1300.000000 1.000000
989.373718 1300.000000 1.000000
1477.341064 1300.000000 1.000000
1831.678223 1300.000000 1.000000
1884.361328 1300.000000 1.000000
1097.727539 1300.000000 1.000000
1158.586304 1300.000000 1.000000
2147.188477 1300.000000 1.000000
2481.879639 1300.000000 1.000000
1276.369873 1300.000000 1.000000
1146.393066 1300.000000 1.000000
1267.419067 1300.000000 1.000000
1245.855103 1300.000000 1.000000
1908.571289 1300.000000 1.000000
1594.000854 1300.000000 1.000000
2044.889771 1300.000000 1.000000
1587.090088 1300.000000 1.000000
1537.266724 1300.000000 1.000000
1498.905884 1300.000000 1.000000
967.069397 1300.000000 1.000000
1522.448242 1300.000000 1.000000
1374.886353 1300.000000 1.000000
835.365479 1300.000000 1.000000
1671.923096 1300.000000 1.000000
1130.582275 1300.000000 1.000000
1231.857544 1300.000000 1.000000
1316.425049 1300.000000 1.000000
1053.266602 1300.000000 1.000000
985.494751 1300.000000 1.000000
1591.744141 1300.000000 1.000000
2596.326172 1300.000000 1.000000
1068.980957 1300.000000 1.000000
2244.441650 1300.000000 1.000000
1589.680908 1300.000000 1.000000
1072.470703 1300.000000 1.000000
1532.846191 1300.000000 1.000000
1328.309570 1300.000000 1.000000
1172.805786 1300.000000 1.000000
1461.764893 1300.000000 1.000000
1819.440430 1300.000000 1.000000
1395.961670 1300.000000 1.000000
1206.720215 1300.000000 1.000000
1344.433105 1300.000000 1.000000
1295.045654 1300.000000 1.000000
1441.043213 1300.000000 1.000000
1598.439819 1300.000000 1.000000
1166.284790 1300.000000 1.000000
1155.289551 1300.000000 1.000000
2237.526855 1300.000000 1.000000
2310.579102 1300.000000 1.000000
2081.370361 1300.000000 1.000000
1181.958374 1300.000000 1.000000
1147.534424 1300.000000 1.000000
1713.080444 1300.000000 1.000000
1168.215454 1300.000000 1.000000
1755.326172 1300.000000 1.000000
1241.182007 1300.000000 1.000000
1247.005005 1300.000000 1.000000
1546.258911 1300.000000 1.000000
1080.036987 1300.000000 1.000000
1183.337891 1300.000000 1.000000
1156.408325 1300.000000 1.000000
2262.765869 1300.000000 1.000000
1203.700195 1300.000000 1.000000
1560.188232 1300.000000 1.000000
1658.062988 1300.000000 1.000000
1337.628540 1300.000000 1.000000
1675.707275 1300.000000 1.000000
1292.452515 1300.000000 1.000000
1748.038452 1300.000000 1.000000
1426.752441 1300.000000 1.000000
1858.069336 1300.000000 1.000000
1733.762329 1300.000000 1.000000
1227.454834 1300.000000 1.000000
1323.456299 1300.000000 1.000000
1409.536865 1300.000000 1.000000
1484.275269 1300.000000 1.000000
1319.650635 1300.000000 1.000000
1258.540894 1300.000000 1.000000
1258.000977 1300.000000 1.000000
1321.440063 1300.000000 1.000000
1140.944214 1300.000000 1.000000
1582.779297 1300.000000 1.000000
1250.294678 1300.000000 1.000000
837.446106 1300.000000 1.000000
869.489197 1300.000000 1.000000
4523.977051 1300.000000 1.000000
2051.427490 1300.000000 1.000000
1227.505005 1300.000000 1.000000
1678.432861 1300.000000 1.000000
1247.719971 1300.000000 1.000000
1415.490112 1300.000000 1.000000
1101.388794 1300.000000 1.000000
2358.389648 1300.000000 1.000000
1315.615967 1300.000000 1.000000
1263.606079 1300.000000 1.000000
1348.416992 1300.000000 1.000000
1063.163574 1300.000000 1.000000
1579.470337 1300.000000 1.000000
1574.545288 1300.000000 1.000000
1341.458374 1300.000000 1.000000
1513.834717 1300.000000 1.000000
1373.635620 1300.000000 1.000000
1128.340576 1300.000000 1.000000
1297.541748 1300.000000 1.000000
1449.506104 1300.000000 1.000000
1261.864380 1300.000000 1.000000
2426.618164 1300.000000 1.000000
2063.032227 1300.000000 1.000000
1805.196289 1300.000000 1.000000
1245.772705 1300.000000 1.000000
1377.440308 1300.000000 1.000000
1852.621094 1300.000000 1.000000
1547.757446 1300.000000 1.000000
1224.514893 1300.000000 1.000000
2151.198242 1300.000000 1.000000
1580.236328 1300.000000 1.000000
1388.372803 1300.000000 1.000000
1155.324219 1300.000000 1.000000
1129.588379 1300.000000 1.000000
1179.140381 1300.000000 1.000000
1406.468140 1300.000000 1.000000
1538.800537 1300.000000 1.000000
1486.193481 1300.000000 1.000000
1279.920654 1300.000000 1.000000
987.657776 1300.000000 1.000000
1910.859863 1300.000000 1.000000
1344.966919 1300.000000 1.000000
1286.669067 1300.000000 1.000000
1060.011719 1300.000000 1.000000
1285.546387 1300.000000 1.000000
2323.499756 1300.000000 1.000000
1519.141479 1300.000000 1.000000
997.968384 1300.000000 1.000000
1382.963257 1300.000000 1.000000
1196.889648 1300.000000 1.000000
1119.558350 1300.000000 1.000000
1310.985840 1300.000000 1.000000
1187.812134 1300.000000 1.000000
1638.958008 1300.000000 1.000000
1239.154907 1300.000000 1.000000
1120.613281 1300.000000 1.000000
1806.482178 1300.000000 1.000000
1362.338379 1300.000000 1.000000
1413.244019 1300.000000 1.000000
1573.730591 1300.000000 1.000000
1197.486084 1300.000000 1.000000
1291.864746 1300.000000 1.000000
2900.753906 1300.000000 1.000000
1298.346558 1300.000000 1.000000
1887.992310 1300.000000 1.000000
1508.890381 1300.000000 1.000000
2013.347656 1300.000000 1.000000
1299.627319 1300.000000 1.000000
2663.697754 1300.000000 1.000000
1494.934326 1300.000000 1.000000
2405.291748 1300.000000 1.000000
1158.706543 1300.000000 1.000000
1623.362427 1300.000000 1.000000
1670.375488 1300.000000 1.000000
2024.345459 1300.000000 1.000000
1615.042847 1300.000000 1.000000
1223.460938 1300.000000 1.000000
1777.929565 1300.000000 1.000000
800.079102 1300.000000 1.000000
1027.139160 1300.000000 1.000000
1116.443115 1300.000000 1.000000
1483.961792 1300.000000 1.000000
1350.492798 1300.000000 1.000000
1227.504028 1300.000000 1.000000
1377.245972 1300.000000 1.000000
1178.745605 1300.000000 1.000000
1306.891602 1300.000000 1.000000
1857.951294 1300.000000 1.000000
1297.101318 1300.000000 1.000000
1126.413330 1300.000000 1.000000
1255.975952 1300.000000 1.000000
1370.964233 1300.000000 1.000000
1173.528442 1300.000000 1.000000
1673.217896 1300.000000 1.000000
1360.373779 1300.000000 1.000000
1577.023804 1300.000000 1.000000
1473.648560 1300.000000 1.000000
1736.036133 1300.000000 1.000000
2468.668701 1300.000000 1.000000
1053.271606 1300.000000 1.000000
1187.338257 1300.000000 1.000000
1514.973511 1300.000000 1.000000
908.854004 1300.000000 1.000000
1794.109375 1300.000000 1.000000
1602.954590 1300.000000 1.000000
1488.189575 1300.000000 1.000000
1740.208618 1300.000000 1.000000
3469.776123 1300.000000 1.000000
1274.489746 1300.000000 1.000000
2580.309326 1300.000000 1.000000
1243.920898 1300.000000 1.000000
1148.457764 1300.000000 1.000000
1106.711670 1300.000000 1.000000
1747.006958 1300.000000 1.000000
1072.572998 1300.000000 1.000000
1279.405273 1300.000000 1.000000
1629.070312 1300.000000 1.000000
1194.651245 1300.000000 1.000000
1284.543335 1300.000000 1.000000
1447.636108 1300.000000 1.000000
1095.852539 1300.000000 1.000000
1384.151123 1300.000000 1.000000
1302.891479 1300.000000 1.000000
1845.582642 1300.000000 1.000000
1246.277344 1300.000000 1.000000
2075.326416 1300.000000 1.000000
1237.972900 1300.000000 1.000000
1472.245483 1300.000000 1.000000
1173.597290 1300.000000 1.000000
1187.658569 1300.000000 1.000000
1855.371704 1300.000000 1.000000
1429.999146 1300.000000 1.000000
2351.584717 1300.000000 1.000000
1277.207275 1300.000000 1.000000
1960.389648 1300.000000 1.000000
3337.171875 1300.000000 1.000000
1262.227417 1300.000000 1.000000
1246.963989 1300.000000 1.000000
1601.612793 1300.000000 1.000000
2101.395996 1300.000000 1.000000
1679.286377 1300.000000 1.000000
870.520996 1300.000000 1.000000
993.651733 1300.000000 1.000000
1093.001099 1300.000000 1.000000
2077.384277 1300.000000 1.000000
1592.467041 1300.000000 1.000000
1498.791504 1300.000000 1.000000
1517.621704 1300.000000 1.000000
1267.717651 1300.000000 1.000000
1501.773560 1300.000000 1.000000
1643.399292 1300.000000 1.000000
1068.981323 1300.000000 1.000000
1778.673828 1300.000000 1.000000
1533.705688 1300.000000 1.000000
1136.476196 1300.000000 1.000000
1080.144043 1300.000000 1.000000
1316.798950 1300.000000 1.000000
1090.429199 1300.000000 1.000000
1221.198242 1300.000000 1.000000
1708.570435 1300.000000 1.000000
1621.245117 1300.000000 1.000000
1334.373657 1300.000000 1.000000
965.727844 1300.000000 1.000000
1198.799316 1300.000000 1.000000
1707.149170 1300.000000 1.000000
1303.149292 1300.000000 1.000000
1398.026489 1300.000000 1.000000
1307.962646 1300.000000 1.000000
989.372131 1300.000000 1.000000
1166.900146 1300.000000 1.000000
1392.531494 1300.000000 1.000000
2225.386475 1300.000000 1.000000
1666.956543 1300.000000 1.000000
3713.093262 1300.000000 1.000000
836.639221 1300.000000 1.000000
1633.781250 1300.000000 1.000000
1572.696533 1300.000000 1.000000
1316.486938 1300.000000 1.000000
1762.010132 1300.000000 1.000000
1945.040527 1300.000000 1.000000
3417.986328 1300.000000 1.000000
1393.255859 1300.000000 1.000000
2320.702393 1300.000000 1.000000
1481.813110 1300.000000 1.000000
1687.082764 1300.000000 1.000000
1224.501465 1300.000000 1.000000
1264.802124 1300.000000 1.000000
975.550171 1300.000000 1.000000
1656.634521 1300.000000 1.000000
1141.705688 1300.000000 1.000000
1881.954224 1300.000000 1.000000
1544.905396 1300.000000 1.000000
1457.344360 1300.000000 1.000000
1270.288330 1300.000000 1.000000
1203.286743 1300.000000 1.000000
1390.967651 1300.000000 1.000000
1610.407349 1300.000000 1.000000
1313.620117 1300.000000 1.000000
2966.750977 1300.000000 1.000000
1424.118530 1300.000000 1.000000
1219.852539 1300.000000 1.000000
1318.524780 1300.000000 1.000000
972.931885 1300.000000 1.000000
1460.226196 1300.000000 1.000000
1936.924927 1300.000000 1.000000
2025.017334 1300.000000 1.000000
2032.263672 1300.000000 1.000000
1247.184204 1300.000000 1.000000
1242.176270 1300.000000 1.000000
1111.840210 1300.000000 1.000000
1243.796997 1300.000000 1.000000
1582.815430 1300.000000 1.000000
1338.441528 1300.000000 1.000000
1638.125854 1300.000000 1.000000
1413.222900 1300.000000 1.000000
1906.027100 1300.000000 1.000000
1436.000610 1300.000000 1.000000
2300.686035 1300.000000 1.000000
1388.309692 1300.000000 1.000000
1607.564087 1300.000000 1.000000
2709.615723 1300.000000 1.000000
1339.098267 1300.000000 1.000000
1411.453369 1300.000000 1.000000
1402.021851 1300.000000 1.000000
1525.909302 1300.000000 1.000000
2697.532715 1300.000000 1.000000
1489.579468 1300.000000 1.000000
1833.432373 1300.000000 1.000000
1284.713379 1300.000000 1.000000
1241.529663 1300.000000 1.000000
1130.737915 1300.000000 1.000000
1175.135132 1300.000000 1.000000
1570.526001 1300.000000 1.000000
1626.591309 1300.000000 1.000000
1324.310791 1300.000000 1.000000
1074.504761 1300.000000 1.000000
1858.495483 1300.000000 1.000000
1172.188110 1300.000000 1.000000
1379.337402 1300.000000 1.000000
1522.208618 1300.000000 1.000000
1284.273315 1300.000000 1.000000
2029.367432 1300.000000 1.000000
1295.022461 1300.000000 1.000000
1443.333130 1300.000000 1.000000
1410.729736 1300.000000 1.000000
1095.194214 1300.000000 1.000000
1480.189209 1300.000000 1.000000
1418.374878 1300.000000 1.000000
1704.613281 1300.000000 1.000000
2439.802979 1300.000000 1.000000
1833.064575 1300.000000 1.000000
1018.908691 1300.000000 1.000000
1243.917358 1300.000000 1.000000
2301.924072 1300.000000 1.000000
1361.755005 1300.000000 1.000000
1431.069092 1300.000000 1.000000
1170.688110 1300.000000 1.000000
1588.767456 1300.000000 1.000000
892.257629 1300.000000 1.000000
1618.906494 1300.000000 1.000000
3453.060547 1300.000000 1.000000
1607.041748 1300.000000 1.000000
3415.775635 1300.000000 1.000000
1639.688965 1300.000000 1.000000
887.099121 1300.000000 1.000000
1249.521729 1300.000000 1.000000
1420.506226 1300.000000 1.000000
2487.067139 1300.000000 1.000000
1410.306763 1300.000000 1.000000
1347.714478 1300.000000 1.000000
1289.564453 1300.000000 1.000000
1439.675659 1300.000000 1.000000
1494.277588 1300.000000 1.000000
1940.174561 1300.000000 1.000000
1452.099731 1300.000000 1.000000
1162.488037 1300.000000 1.000000
1469.621460 1300.000000 1.000000
1350.744385 1300.000000 1.000000
2871.543701 1300.000000 1.000000
1280.404175 1300.000000 1.000000
1596.319824 1300.000000 1.000000
1157.696655 1300.000000 1.000000
1021.532532 1300.000000 1.000000
2134.935303 1300.000000 1.000000
1279.490356 1300.000000 1.000000
1618.120239 1300.000000 1.000000
1367.505371 1300.000000 1.000000
1210.558838 1300.000000 1.000000
1326.308105 1300.000000 1.000000
1491.555176 1300.000000 1.000000
1235.062134 1300.000000 1.000000
1322.667603 1300.000000 1.000000
1139.048706 1300.000000 1.000000
1292.638428 1300.000000 1.000000
1913.315186 1300.000000 1.000000
915.797729 1300.000000 1.000000
1160.237183 1300.000000 1.000000
2073.123047 1300.000000 1.000000
2783.897705 1300.000000 1.000000
1090.244141 1300.000000 1.000000
1462.533203 1300.000000 1.000000
1506.588867 1300.000000 1.000000
1214.611450 1300.000000 1.000000
1886.818115 1300.000000 1.000000
2171.587646 1300.000000 1.000000
1104.708008 1300.000000 1.000000
3297.594238 1300.000000 1.000000
2100.187744 1300.000000 1.000000
1822.014282 1300.000000 1.000000
2534.629883 1300.000000 1.000000
1753.427612 1300.000000 1.000000
1357.836182 1300.000000 1.000000
756.635376 1300.000000 1.000000
1533.259033 1300.000000 1.000000
1390.173828 1300.000000 1.000000
1371.943604 1300.000000 1.000000
2090.143066 1300.000000 1.000000
1281.038940 1300.000000 1.000000
1048.119995 1300.000000 1.000000
2356.076416 1300.000000 1.000000
1243.947998 1300.000000 1.000000
1179.171631 1300.000000 1.000000
1773.303101 1300.000000 1.000000
2214.041260 1300.000000 1.000000
1842.840576 1300.000000 1.000000
1219.521729 1300.000000 1.000000
1464.914307 1300.000000 1.000000
1240.582031 1300.000000 1.000000
1149.597656 1300.000000 1.000000
1473.639404 1300.000000 1.000000
1272.248413 1300.000000 1.000000
1972.765991 1300.000000 1.000000
1554.604492 1300.000000 1.000000
1976.140381 1300.000000 1.000000
1628.793457 1300.000000 1.000000
1146.658325 1300.000000 1.000000
2635.208008 1300.000000 1.000000
1199.846069 1300.000000 1.000000
853.525818 1300.000000 1.000000
1055.193237 1300.000000 1.000000
1229.722290 1300.000000 1.000000
1305.288696 1300.000000 1.000000
1078.924683 1300.000000 1.000000
2037.465454 1300.000000 1.000000
1876.309692 1300.000000 1.000000
1253.031494 1300.000000 1.000000
1834.864624 1300.000000 1.000000
1824.285278 1300.000000 1.000000
1587.040161 1300.000000 1.000000
1796.690918 1300.000000 1.000000
1152.500610 1300.000000 1.000000
1705.078735 1300.000000 1.000000
2385.038330 1300.000000 1.000000
2655.480469 1300.000000 1.000000
1337.474976 1300.000000 1.000000
1281.052734 1300.000000 1.000000
1255.301514 1300.000000 1.000000
1736.469849 1300.000000 1.000000
2151.064209 1300.000000 1.000000
1295.773193 1300.000000 1.000000
1199.494629 1300.000000 1.000000
1577.220703 1300.000000 1.000000
1475.627808 1300.000000 1.000000
1260.578369 1300.000000 1.000000
1192.190674 1300.000000 1.000000
1316.366699 1300.000000 1.000000
701.371033 1300.000000 1.000000
1473.659912 1300.000000 1.000000
1147.699829 1300.000000 1.000000
1303.636841 1300.000000 1.000000
1138.939697 1300.000000 1.000000
1560.367188 1300.000000 1.000000
1202.398315 1300.000000 1.000000
1324.991455 1300.000000 1.000000
1330.872803 1300.000000 1.000000
1288.490112 1300.000000 1.000000
1862.702148 1300.000000 1.000000
1431.665161 1300.000000 1.000000
1164.866089 1300.000000 1.000000
1121.067993 1300.000000 1.000000
1881.705322 1300.000000 1.000000
1329.343018 1300.000000 1.000000
1364.953857 1300.000000 1.000000
1008.952759 1300.000000 1.000000
1166.072388 1300.000000 1.000000
1440.974243 1300.000000 1.000000
1106.895874 1300.000000 1.000000
2656.133057 1300.000000 1.000000
1034.626709 1300.000000 1.000000
1070.547485 1300.000000 1.000000
1325.069702 1300.000000 1.000000
708.710938 1300.000000 1.000000
1793.126465 1300.000000 1.000000
858.957825 1300.000000 1.000000
892.930176 1300.000000 1.000000
1226.462280 1300.000000 1.000000
1636.684204 1300.000000 1.000000
1330.063721 1300.000000 1.000000
1242.201294 1300.000000 1.000000
1036.432373 1300.000000 1.000000
1636.298462 1300.000000 1.000000
1878.946899 1300.000000 1.000000
1492.330933 1300.000000 1.000000
1213.412354 1300.000000 1.000000
1616.393799 1300.000000 1.000000
1492.155396 1300.000000 1.000000
1552.030884 1300.000000 1.000000
1037.927856 1300.000000 1.000000
1794.227417 1300.000000 1.000000
1668.228760 1300.000000 1.000000
2754.392090 1300.000000 1.000000
2156.554932 1300.000000 1.000000
1815.484497 1300.000000 1.000000
2045.069824 1300.000000 1.000000
1236.293945 1300.000000 1.000000
1175.192139 1300.000000 1.000000
816.759705 1300.000000 1.000000
997.055542 1300.000000 1.000000
1394.398926 1300.000000 1.000000
3184.932129 1300.000000 1.000000
1602.280640 1300.000000 1.000000
1109.702393 1300.000000 1.000000
1348.888428 1300.000000 1.000000
1981.852783 1300.000000 1.000000
2466.814941 1300.000000 1.000000
1651.679443 1300.000000 1.000000
1245.700806 1300.000000 1.000000
1002.408936 1300.000000 1.000000
1121.762939 1300.000000 1.000000
1202.981689 1300.000000 1.000000
1726.426392 1300.000000 1.000000
1856.594604 1300.000000 1.000000
1174.411011 1300.000000 1.000000
2158.194580 1300.000000 1.000000
1370.801147 1300.000000 1.000000
1316.464478 1300.000000 1.000000
1176.426514 1300.000000 1.000000
1468.619751 1300.000000 1.000000
1769.411499 1300.000000 1.000000
1193.037964 1300.000000 1.000000
3312.353027 1300.000000 1.000000
1279.523193 1300.000000 1.000000
891.458252 1300.000000 1.000000
1360.796143 1300.000000 1.000000
1287.310181 1300.000000 1.000000
1354.935181 1300.000000 1.000000
1236.319458 1300.000000 1.000000
2098.343262 1300.000000 1.000000
4407.948242 1300.000000 1.000000
1523.057617 1300.000000 1.000000
2044.209595 1300.000000 1.000000
1386.107910 1300.000000 1.000000
1732.395386 1300.000000 1.000000
1733.340332 1300.000000 1.000000
1249.538940 1300.000000 1.000000
2619.620605 1300.000000 1.000000
1180.746948 1300.000000 1.000000
1122.449219 1300.000000 1.000000
1459.906250 1300.000000 1.000000
4519.778809 1300.000000 1.000000
1319.349731 1300.000000 1.000000
1677.120605 1300.000000 1.000000
1929.816162 1300.000000 1.000000
1041.741699 1300.000000 1.000000
1951.707642 1300.000000 1.000000
843.132324 1300.000000 1.000000
2167.586426 1300.000000 1.000000
1400.410889 1300.000000 1.000000
1200.766724 1300.000000 1.000000
1265.216187 1300.000000 1.000000
1296.375122 1300.000000 1.000000
1193.268921 1300.000000 1.000000
1686.394043 1300.000000 1.000000
1687.960083 1300.000000 1.000000
1894.575684 1300.000000 1.000000
1848.239380 1300.000000 1.000000
1327.544678 1300.000000 1.000000
1704.975708 1300.000000 1.000000
2060.529785 1300.000000 1.000000
1420.043457 1300.000000 1.000000
4258.159668 1300.000000 1.000000
1551.235107 1300.000000 1.000000
1584.602051 1300.000000 1.000000
2412.393311 1300.000000 1.000000
2074.354980 1300.000000 1.000000
1030.080933 1300.000000 1.000000
1030.285278 1300.000000 1.000000
2312.149902 1300.000000 1.000000
1155.147217 1300.000000 1.000000
1626.803223 1300.000000 1.000000
1248.838501 1300.000000 1.000000
1469.325317 1300.000000 1.000000
1400.997314 1300.000000 1.000000
1527.926147 1300.000000 1.000000
1239.693970 1300.000000 1.000000
1420.187378 1300.000000 1.000000
2008.693848 1300.000000 1.000000
1306.844238 1300.000000 1.000000
1196.119995 1300.000000 1.000000
2068.241699 1300.000000 1.000000
2352.575195 1300.000000 1.000000
1598.977051 1300.000000 1.000000
2276.330322 1300.000000 1.000000
1080.679077 1300.000000 1.000000
1551.327637 1300.000000 1.000000
1085.740601 1300.000000 1.000000
1330.071289 1300.000000 1.000000
1337.143311 1300.000000 1.000000
1220.892700 1300.000000 1.000000
1683.868530 1300.000000 1.000000
1061.416382 1300.000000 1.000000
1751.937256 1300.000000 1.000000
893.195801 1300.000000 1.000000
1031.584839 1300.000000 1.000000
1084.558594 1300.000000 1.000000
1321.531982 1300.000000 1.000000
1417.699707 1300.000000 1.000000
2174.683105 1300.000000 1.000000
1933.717651 1300.000000 1.000000
1130.361572 1300.000000 1.000000
1183.890503 1300.000000 1.000000
978.147278 1300.000000 1.000000
1186.098877 1300.000000 1.000000
1133.513428 1300.000000 1.000000
1165.481323 1300.000000 1.000000
1754.353760 1300.000000 1.000000
2033.192017 1300.000000 1.000000
1284.274048 1300.000000 1.000000
1216.022827 1300.000000 1.000000
1138.144531 1300.000000 1.000000
1247.596924 1300.000000 1.000000
2023.515381 1300.000000 1.000000
1587.729370 1300.000000 1.000000
1169.321289 1300.000000 1.000000
5357.711914 1300.000000 1.000000
1671.089966 1300.000000 1.000000
1515.443604 1300.000000 1.000000
1224.188843 1300.000000 1.000000
1165.747559 1300.000000 1.000000
1953.660400 1300.000000 1.000000
1304.946289 1300.000000 1.000000
1745.703003 1300.000000 1.000000
1558.575317 1300.000000 1.000000
1340.946655 1300.000000 1.000000
1357.616089 1300.000000 1.000000
2644.757568 1300.000000 1.000000
1384.907104 1300.000000 1.000000
1124.243652 1300.000000 1.000000
1967.336914 1300.000000 1.000000
1151.019165 1300.000000 1.000000
1059.758789 1300.000000 1.000000
1608.302490 1300.000000 1.000000
1176.593628 1300.000000 1.000000
1266.491943 1300.000000 1.000000
2294.006592 1300.000000 1.000000
1570.552979 1300.000000 1.000000
830.473633 1300.000000 1.000000
2300.729004 1300.000000 1.000000
1387.369263 1300.000000 1.000000
1500.991943 1300.000000 1.000000
2372.208008 1300.000000 1.000000
1615.354980 1300.000000 1.000000
1280.369873 1300.000000 1.000000
1448.788452 1300.000000 1.000000
1739.556030 1300.000000 1.000000
1224.797485 1300.000000 1.000000
1898.885986 1300.000000 1.000000
1202.119019 1300.000000 1.000000
1208.681030 1300.000000 1.000000
4926.216309 1300.000000 1.000000
1192.726929 1300.000000 1.000000
2128.516113 1300.000000 1.000000
1385.349487 1300.000000 1.000000
1609.614380 1300.000000 1.000000
1187.692749 1300.000000 1.000000
1734.558228 1300.000000 1.000000
1630.416382 1300.000000 1.000000
1147.890381 1300.000000 1.000000
1499.204834 1300.000000 1.000000
1336.698242 1300.000000 1.000000
1321.226562 1300.000000 1.000000
2326.636719 1300.000000 1.000000
1354.457397 1300.000000 1.000000
1172.950195 1300.000000 1.000000
1507.250000 1300.000000 1.000000
1202.442139 1300.000000 1.000000
1795.402466 1300.000000 1.000000
1811.743774 1300.000000 1.000000
1237.553711 1300.000000 1.000000
910.653015 1300.000000 1.000000
1334.083374 1300.000000 1.000000
1278.976318 1300.000000 1.000000
1929.569702 1300.000000 1.000000
1544.308960 1300.000000 1.000000
1486.239014 1300.000000 1.000000
1324.494873 1300.000000 1.000000
2610.410400 1300.000000 1.000000
1778.262207 1300.000000 1.000000
1444.364380 1300.000000 1.000000
1257.276367 1300.000000 1.000000
873.666077 1300.000000 1.000000
1532.227905 1300.000000 1.000000
1423.895264 1300.000000 1.000000
1494.496094 1300.000000 1.000000
1243.173096 1300.000000 1.000000
1530.103394 1300.000000 1.000000
936.516602 1300.000000 1.000000
1067.071533 1300.000000 1.000000
1205.905151 1300.000000 1.000000
1336.666626 1300.000000 1.000000
1483.955444 1300.000000 1.000000
1832.568359 1300.000000 1.000000
1581.091187 1300.000000 1.000000
1243.952393 1300.000000 1.000000
1624.066772 1300.000000 1.000000
1233.178223 1300.000000 1.000000
1545.971191 1300.000000 1.000000
1359.511963 1300.000000 1.000000
1480.949097 1300.000000 1.000000
933.162415 1300.000000 1.000000
2422.080566 1300.000000 1.000000
2554.250488 1300.000000 1.000000
1313.614014 1300.000000 1.000000
1249.781738 1300.000000 1.000000
878.863037 1300.000000 0.000000
505.913208 1300.000000 0.000000
908.590820 1300.000000 0.000000
747.795715 1300.000000 0.000000
513.053284 1300.000000 0.000000
472.560730 1300.000000 0.000000
475.221985 1300.000000 0.000000
500.125732 1300.000000 0.000000
514.377197 1300.000000 0.000000
454.481232 1300.000000 0.000000
405.019684 1300.000000 0.000000
591.054626 1300.000000 0.000000
541.469055 1300.000000 0.000000
542.223083 1300.000000 0.000000
1928.838989 1300.000000 0.000000
363.099213 1300.000000 0.000000
438.900391 1300.000000 0.000000
385.869751 1300.000000 0.000000
683.988647 1300.000000 0.000000
814.509705 1300.000000 0.000000
615.089722 1300.000000 0.000000
603.359497 1300.000000 0.000000
462.078491 1300.000000 0.000000
790.353210 1300.000000 0.000000
663.507996 1300.000000 0.000000
698.944763 1300.000000 0.000000
437.842590 1300.000000 0.000000
564.282471 1300.000000 0.000000
505.175018 1300.000000 0.000000
608.000732 1300.000000 0.000000
596.283447 1300.000000 0.000000
500.701569 1300.000000 0.000000
474.701202 1300.000000 0.000000
413.774323 1300.000000 0.000000
755.122681 1300.000000 0.000000
954.819885 1300.000000 0.000000
542.736267 1300.000000 0.000000
1263.316284 1300.000000 0.000000
389.741394 1300.000000 0.000000
860.778198 1300.000000 0.000000
657.208862 1300.000000 0.000000
489.394165 1300.000000 0.000000
704.987854 1300.000000 0.000000
890.787476 1300.000000 0.000000
713.495789 1300.000000 0.000000
500.878296 1300.000000 0.000000
621.693237 1300.000000 0.000000
776.161987 1300.000000 0.000000
424.015533 1300.000000 0.000000
930.128235 1300.000000 0.000000
1022.615295 1300.000000 0.000000
562.698608 1300.000000 0.000000
757.371399 1300.000000 0.000000
817.364136 1300.000000 0.000000
614.962524 1300.000000 0.000000
1395.661987 1300.000000 0.000000
421.073914 1300.000000 0.000000
453.542023 1300.000000 0.000000
488.161255 1300.000000 0.000000
546.504944 1300.000000 0.000000
565.230774 1300.000000 0.000000
527.178650 1300.000000 0.000000
1125.640015 1300.000000 0.000000
438.671173 1300.000000 0.000000
596.151001 1300.000000 0.000000
959.681885 1300.000000 0.000000
568.244385 1300.000000 0.000000
1678.949219 1300.000000 0.000000
1006.690613 1300.000000 0.000000
447.552460 1300.000000 0.000000
581.671143 1300.000000 0.000000
694.354370 1300.000000 0.000000
898.762634 1300.000000 0.000000
466.827209 1300.000000 0.000000
358.330536 1300.000000 0.000000
978.835876 1300.000000 0.000000
441.729309 1300.000000 0.000000
535.661926 1300.000000 0.000000
611.689209 1300.000000 0.000000
463.567780 1300.000000 0.000000
415.433929 1300.000000 0.000000
865.317871 1300.000000 0.000000
630.472778 1300.000000 0.000000
1653.249268 1300.000000 0.000000
676.998413 1300.000000 0.000000
472.812714 1300.000000 0.000000
395.888702 1300.000000 0.000000
331.880035 1300.000000 0.000000
618.313660 1300.000000 0.000000
508.005646 1300.000000 0.000000
729.833801 1300.000000 0.000000
419.926514 1300.000000 0.000000
726.602600 1300.000000 0.000000
1590.509521 1300.000000 0.000000
583.279724 1300.000000 0.000000
314.632690 1300.000000 0.000000
388.349884 1300.000000 0.000000
516.722107 1300.000000 0.000000
1068.440552 1300.000000 0.000000
1781.867188 1300.000000 0.000000
407.777771 1300.000000 0.000000
388.644379 1300.000000 0.000000
541.056824 1300.000000 0.000000
890.132629 1300.000000 0.000000
377.672455 1300.000000 0.000000
376.773590 1300.000000 0.000000
504.478180 1300.000000 0.000000
449.240997 1300.000000 0.000000
734.313660 1300.000000 0.000000
510.573212 1300.000000 0.000000
831.639282 1300.000000 0.000000
1138.884766 1300.000000 0.000000
332.403412 1300.000000 0.000000
381.480988 1300.000000 0.000000
420.164551 1300.000000 0.000000
581.380920 1300.000000 0.000000
1157.752441 1300.000000 0.000000
718.239014 1300.000000 0.000000
611.656372 1300.000000 0.000000
676.337402 1300.000000 0.000000
391.146667 1300.000000 0.000000
441.813263 1300.000000 0.000000
803.397095 1300.000000 0.000000
361.957520 1300.000000 0.000000
332.172974 1300.000000 0.000000
864.940552 1300.000000 0.000000
649.999756 1300.000000 0.000000
351.300720 1300.000000 0.000000
531.524597 1300.000000 0.000000
556.401306 1300.000000 0.000000
254.324326 1300.000000 0.000000
407.199188 1300.000000 0.000000
1196.983521 1300.000000 0.000000
474.896881 1300.000000 0.000000
903.250183 1300.000000 0.000000
377.283997 1300.000000 0.000000
874.624329 1300.000000 0.000000
419.149109 1300.000000 0.000000
502.714813 1300.000000 0.000000
402.477295 1300.000000 0.000000
880.082092 1300.000000 0.000000
369.402649 1300.000000 0.000000
421.169220 1300.000000 0.000000
402.633606 1300.000000 0.000000
642.678955 1300.000000 0.000000
461.985321 1300.000000 0.000000
489.439178 1300.000000 0.000000
534.140808 1300.000000 0.000000
482.088043 1300.000000 0.000000
420.717682 1300.000000 0.000000
759.988464 1300.000000 0.000000
406.195282 1300.000000 0.000000
969.765442 1300.000000 0.000000
643.057434 1300.000000 0.000000
670.986084 1300.000000 0.000000
531.023865 1300.000000 0.000000
429.512604 1300.000000 0.000000
532.701416 1300.000000 0.000000
685.490295 1300.000000 0.000000
506.878784 1300.000000 0.000000
527.592163 1300.000000 0.000000
648.932312 1300.000000 0.000000
762.131409 1300.000000 0.000000
555.354980 1300.000000 0.000000
535.852051 1300.000000 0.000000
519.866943 1300.000000 0.000000
380.623535 1300.000000 0.000000
455.082855 1300.000000 0.000000
562.496094 1300.000000 0.000000
569.280640 1300.000000 0.000000
776.577454 1300.000000 0.000000
492.216736 1300.000000 0.000000
651.999634 1300.000000 0.000000
487.708862 1300.000000 0.000000
430.512024 1300.000000 0.000000
929.919800 1300.000000 0.000000
622.692566 1300.000000 0.000000
512.839905 1300.000000 0.000000
463.098694 1300.000000 0.000000
1486.104370 1300.000000 0.000000
342.889587 1300.000000 0.000000
353.054077 1300.000000 0.000000
701.318604 1300.000000 0.000000
1009.437988 1300.000000 0.000000
550.074463 1300.000000 0.000000
428.603394 1300.000000 0.000000
464.563660 1300.000000 0.000000
1402.486816 1300.000000 0.000000
423.844025 1300.000000 0.000000
639.616516 1300.000000 0.000000
677.008850 1300.000000 0.000000
466.616699 1300.000000 0.000000
708.954712 1300.000000 0.000000
392.559723 1300.000000 0.000000
532.077087 1300.000000 0.000000
577.710144 1300.000000 0.000000
750.552917 1300.000000 0.000000
513.326904 1300.000000 0.000000
276.868866 1300.000000 0.000000
1086.784302 1300.000000 0.000000
433.988525 1300.000000 0.000000
528.270752 1300.000000 0.000000
492.539642 1300.000000 0.000000
488.129059 1300.000000 0.000000
356.716400 1300.000000 0.000000
909.368103 1300.000000 0.000000
692.527161 1300.000000 0.000000
381.673553 1300.000000 0.000000
549.319458 1300.000000 0.000000
1292.738281 1300.000000 0.000000
1115.524536 1300.000000 0.000000
656.285278 1300.000000 0.000000
1091.133667 1300.000000 0.000000
453.766571 1300.000000 0.000000
827.209473 1300.000000 0.000000
355.107330 1300.000000 0.000000
532.257874 1300.000000 0.000000
656.233582 1300.000000 0.000000
759.548523 1300.000000 0.000000
556.220581 1300.000000 0.000000
459.253723 1300.000000 0.000000
449.599731 1300.000000 0.000000
771.449036 1300.000000 0.000000
630.137573 1300.000000 0.000000
394.398102 1300.000000 0.000000
404.340851 1300.000000 0.000000
497.748230 1300.000000 0.000000
763.499451 1300.000000 0.000000
476.782104 1300.000000 0.000000
431.743622 1300.000000 0.000000
481.947449 1300.000000 0.000000
746.311340 1300.000000 0.000000
523.630371 1300.000000 0.000000
348.140045 1300.000000 0.000000
546.009338 1300.000000 0.000000
743.286438 1300.000000 0.000000
366.278442 1300.000000 0.000000
598.445251 1300.000000 0.000000
1134.550293 1300.000000 0.000000
645.128967 1300.000000 0.000000
520.165771 1300.000000 0.000000
1213.590332 1300.000000 0.000000
422.742218 1300.000000 0.000000
474.268707 1300.000000 0.000000
571.810913 1300.000000 0.000000
783.589661 1300.000000 0.000000
431.749146 1300.000000 0.000000
675.054565 1300.000000 0.000000
392.544067 1300.000000 0.000000
968.146606 1300.000000 0.000000
385.728912 1300.000000 0.000000
471.735718 1300.000000 0.000000
1303.992310 1300.000000 0.000000
607.084473 1300.000000 0.000000
637.545227 1300.000000 0.000000
465.514069 1300.000000 0.000000
368.590576 1300.000000 0.000000
614.236511 1300.000000 0.000000
398.466827 1300.000000 0.000000
1200.804199 1300.000000 0.000000
488.433838 1300.000000 0.000000
628.919128 1300.000000 0.000000
972.756042 1300.000000 0.000000
752.362549 1300.000000 0.000000
661.225281 1300.000000 0.000000
718.058838 1300.000000 0.000000
518.696899 1300.000000 0.000000
726.426453 1300.000000 0.000000
742.187134 1300.000000 0.000000
339.027039 1300.000000 0.000000
612.624390 1300.000000 0.000000
379.845703 1300.000000 0.000000
603.697632 1300.000000 0.000000
635.831909 1300.000000 0.000000
666.090027 1300.000000 0.000000
1204.401367 1300.000000 0.000000
805.535767 1300.000000 0.000000
349.340118 1300.000000 0.000000
588.495361 1300.000000 0.000000
704.401978 1300.000000 0.000000
786.389954 1300.000000 0.000000
444.832397 1300.000000 0.000000
529.604675 1300.000000 0.000000
322.104492 1300.000000 0.000000
633.608582 1300.000000 0.000000
629.960205 1300.000000 0.000000
560.442017 1300.000000 0.000000
328.223633 1300.000000 0.000000
310.222137 1300.000000 0.000000
392.632263 1300.000000 0.000000
322.433533 1300.000000 0.000000
521.117615 1300.000000 0.000000
666.917542 1300.000000 0.000000
442.759338 1300.000000 0.000000
799.995300 1300.000000 0.000000
415.736053 1300.000000 0.000000
729.540710 1300.000000 0.000000
330.034698 1300.000000 0.000000
447.345673 1300.000000 0.000000
433.137329 1300.000000 0.000000
543.303040 1300.000000 0.000000
449.062897 1300.000000 0.000000
737.848206 1300.000000 0.000000
364.818054 1300.000000 0.000000
993.248413 1300.000000 0.000000
428.609467 1300.000000 0.000000
647.793701 1300.000000 0.000000
896.935791 1300.000000 0.000000
770.410645 1300.000000 0.000000
372.243042 1300.000000 0.000000
995.761719 1300.000000 0.000000
558.215393 1300.000000 0.000000
455.259583 1300.000000 0.000000
1587.483032 1300.000000 0.000000
891.857727 1300.000000 0.000000
532.434814 1300.000000 0.000000
605.305176 1300.000000 0.000000
1117.911865 1300.000000 0.000000
667.153442 1300.000000 0.000000
617.479370 1300.000000 0.000000
491.068573 1300.000000 0.000000
1049.152710 1300.000000 0.000000
476.275482 1300.000000 0.000000
657.791809 1300.000000 0.000000
455.049957 1300.000000 0.000000
656.609741 1300.000000 0.000000
493.833252 1300.000000 0.000000
507.248444 1300.000000 0.000000
420.473267 1300.000000 0.000000
365.801025 1300.000000 0.000000
432.087158 1300.000000 0.000000
942.020325 1300.000000 0.000000
395.743164 1300.000000 0.000000
794.076477 1300.000000 0.000000
1057.460327 1300.000000 0.000000
860.045776 1300.000000 0.000000
740.315247 1300.000000 0.000000
845.672729 1300.000000 0.000000
456.216370 1300.000000 0.000000
296.585358 1300.000000 0.000000
412.277832 1300.000000 0.000000
346.532410 1300.000000 0.000000
1751.660278 1300.000000 0.000000
582.167358 1300.000000 0.000000
961.466248 1300.000000 0.000000
1032.747681 1300.000000 0.000000
589.223206 1300.000000 0.000000
732.816284 1300.000000 0.000000
473.303711 1300.000000 0.000000
440.583496 1300.000000 0.000000
757.715088 1300.000000 0.000000
670.246765 1300.000000 0.000000
358.872467 1300.000000 0.000000
576.748230 1300.000000 0.000000
567.482056 1300.000000 0.000000
1395.740479 1300.000000 0.000000
460.619019 1300.000000 0.000000
617.936340 1300.000000 0.000000
1131.078979 1300.000000 0.000000
476.922272 1300.000000 0.000000
602.214905 1300.000000 0.000000
356.890564 1300.000000 0.000000
806.846497 1300.000000 0.000000
905.251038 1300.000000 0.000000
536.935669 1300.000000 0.000000
814.321350 1300.000000 0.000000
633.349487 1300.000000 0.000000
512.472656 1300.000000 0.000000
655.408813 1300.000000 0.000000
405.989777 1300.000000 0.000000
481.562988 1300.000000 0.000000
1120.616333 1300.000000 0.000000
440.744049 1300.000000 0.000000
504.256714 1300.000000 0.000000
376.943817 1300.000000 0.000000
437.308136 1300.000000 0.000000
385.354645 1300.000000 0.000000
358.395599 1300.000000 0.000000
648.815002 1300.000000 0.000000
824.700928 1300.000000 0.000000
599.995605 1300.000000 0.000000
494.448486 1300.000000 0.000000
551.222046 1300.000000 0.000000
489.288055 1300.000000 0.000000
561.801147 1300.000000 0.000000
879.304688 1300.000000 0.000000
430.588776 1300.000000 0.000000
960.982239 1300.000000 0.000000
613.698792 1300.000000 0.000000
1183.647095 1300.000000 0.000000
268.492645 1300.000000 0.000000
652.910583 1300.000000 0.000000
393.483185 1300.000000 0.000000
875.076599 1300.000000 0.000000
761.368835 1300.000000 0.000000
587.278870 1300.000000 0.000000
451.951172 1300.000000 0.000000
1046.252930 1300.000000 0.000000
1159.778198 1300.000000 0.000000
847.929443 1300.000000 0.000000
514.534119 1300.000000 0.000000
553.403809 1300.000000 0.000000
973.636597 1300.000000 0.000000
350.204865 1300.000000 0.000000
517.727966 1300.000000 0.000000
379.515594 1300.000000 0.000000
374.512054 1300.000000 0.000000
365.093903 1300.000000 0.000000
462.652863 1300.000000 0.000000
319.725586 1300.000000 0.000000
594.451660 1300.000000 0.000000
733.604797 1300.000000 0.000000
1023.849060 1300.000000 0.000000
746.337585 1300.000000 0.000000
433.175934 1300.000000 0.000000
1542.192139 1300.000000 0.000000
414.622803 1300.000000 0.000000
501.342712 1300.000000 0.000000
968.722595 1300.000000 0.000000
943.675476 1300.000000 0.000000
460.427673 1300.000000 0.000000
459.286682 1300.000000 0.000000
371.399017 1300.000000 0.000000
425.111237 1300.000000 0.000000
806.839111 1300.000000 0.000000
641.560730 1300.000000 0.000000
307.273682 1300.000000 0.000000
619.957520 1300.000000 0.000000
749.409790 1300.000000 0.000000
594.564697 1300.000000 0.000000
803.310730 1300.000000 0.000000
501.349182 1300.000000 0.000000
408.597229 1300.000000 0.000000
427.815216 1300.000000 0.000000
624.793640 1300.000000 0.000000
494.787628 1300.000000 0.000000
803.166443 1300.000000 0.000000
551.854309 1300.000000 0.000000
399.467926 1300.000000 0.000000
368.480713 1300.000000 0.000000
336.678925 1300.000000 0.000000
448.633789 1300.000000 0.000000
873.029358 1300.000000 0.000000
485.877136 1300.000000 0.000000
698.287964 1300.000000 0.000000
663.279907 1300.000000 0.000000
327.554535 1300.000000 0.000000
338.277985 1300.000000 0.000000
842.884888 1300.000000 0.000000
482.223206 1300.000000 0.000000
840.506958 1300.000000 0.000000
573.380310 1300.000000 0.000000
721.662598 1300.000000 0.000000
948.055054 1300.000000 0.000000
752.974670 1300.000000 0.000000
791.510254 1300.000000 0.000000
1032.221680 1300.000000 0.000000
512.916687 1300.000000 0.000000
1088.568970 1300.000000 0.000000
525.165527 1300.000000 0.000000
544.589294 1300.000000 0.000000
587.752197 1300.000000 0.000000
824.914001 1300.000000 0.000000
510.376312 1300.000000 0.000000
481.109833 1300.000000 0.000000
384.745758 1300.000000 0.000000
1018.669617 1300.000000 0.000000
444.714142 1300.000000 0.000000
576.515808 1300.000000 0.000000
914.365356 1300.000000 0.000000
814.031982 1300.000000 0.000000
384.221436 1300.000000 0.000000
611.644409 1300.000000 0.000000
1639.694824 1300.000000 0.000000
374.651733 1300.000000 0.000000
498.245667 1300.000000 0.000000
557.857361 1300.000000 0.000000
550.884094 1300.000000 0.000000
1569.347656 1300.000000 0.000000
533.210449 1300.000000 0.000000
416.485626 1300.000000 0.000000
1507.591675 1300.000000 0.000000
656.392029 1300.000000 0.000000
436.035828 1300.000000 0.000000
505.124817 1300.000000 0.000000
559.646118 1300.000000 0.000000
462.362579 1300.000000 0.000000
682.436401 1300.000000 0.000000
327.874573 1300.000000 0.000000
595.901428 1300.000000 0.000000
605.043701 1300.000000 0.000000
354.022980 1300.000000 0.000000
543.201965 1300.000000 0.000000
620.603455 1300.000000 0.000000
397.835175 1300.000000 0.000000
390.171844 1300.000000 0.000000
2782.532227 1300.000000 0.000000
547.614685 1300.000000 0.000000
1442.884277 1300.000000 0.000000
1078.298462 1300.000000 0.000000
550.682617 1300.000000 0.000000
486.938904 1300.000000 0.000000
1331.871094 1300.000000 0.000000
541.274475 1300.000000 0.000000
324.449097 1300.000000 0.000000
372.609650 1300.000000 0.000000
526.681702 1300.000000 0.000000
302.601135 1300.000000 0.000000
487.985962 1300.000000 0.000000
484.662659 1300.000000 0.000000
581.299011 1300.000000 0.000000
422.220001 1300.000000 0.000000
651.895630 1300.000000 0.000000
425.574890 1300.000000 0.000000
587.820923 1300.000000 0.000000
949.047607 1300.000000 0.000000
484.995239 1300.000000 0.000000
486.027130 1300.000000 0.000000
593.523804 1300.000000 0.000000
343.012848 1300.000000 0.000000
450.052551 1300.000000 0.000000
643.974731 1300.000000 0.000000
1589.881226 1300.000000 0.000000
555.019287 1300.000000 0.000000
789.703857 1300.000000 0.000000
803.413269 1300.000000 0.000000
499.958435 1300.000000 0.000000
456.721313 1300.000000 0.000000
342.781982 1300.000000 0.000000
502.797211 1300.000000 0.000000
321.597260 1300.000000 0.000000
553.976685 1300.000000 0.000000
444.245483 1300.000000 0.000000
600.758240 1300.000000 0.000000
553.541809 1300.000000 0.000000
377.389740 1300.000000 0.000000
360.703644 1300.000000 0.000000
546.291565 1300.000000 0.000000
900.194946 1300.000000 0.000000
639.422485 1300.000000 0.000000
841.437256 1300.000000 0.000000
491.020996 1300.000000 0.000000
429.240204 1300.000000 0.000000
918.713928 1300.000000 0.000000
508.051056 1300.000000 0.000000
416.450439 1300.000000 0.000000
658.538818 1300.000000 0.000000
659.420349 1300.000000 0.000000
416.537079 1300.000000 0.000000
421.662537 1300.000000 0.000000
1071.594238 1300.000000 0.000000
748.550781 1300.000000 0.000000
484.010620 1300.000000 0.000000
970.138611 1300.000000 0.000000
775.231750 1300.000000 0.000000
485.296661 1300.000000 0.000000
654.745728 1300.000000 0.000000
640.107117 1300.000000 0.000000
501.473816 1300.000000 0.000000
472.995941 1300.000000 0.000000
378.411469 1300.000000 0.000000
410.688904 1300.000000 0.000000
470.196014 1300.000000 0.000000
503.195068 1300.000000 0.000000
526.992615 1300.000000 0.000000
1365.760254 1300.000000 0.000000
754.397827 1300.000000 0.000000
801.479858 1300.000000 0.000000
436.596558 1300.000000 0.000000
541.350403 1300.000000 0.000000
562.879395 1300.000000 0.000000
577.079346 1300.000000 0.000000
380.514282 1300.000000 0.000000
1882.297607 1300.000000 0.000000
407.572601 1300.000000 0.000000
515.894165 1300.000000 0.000000
706.462646 1300.000000 0.000000
846.593079 1300.000000 0.000000
826.636719 1300.000000 0.000000
324.347809 1300.000000 0.000000
478.718384 1300.000000 0.000000
896.922974 1300.000000 0.000000
645.635864 1300.000000 0.000000
638.443604 1300.000000 0.000000
770.771667 1300.000000 0.000000
471.796143 1300.000000 0.000000
779.578369 1300.000000 0.000000
386.411041 1300.000000 0.000000
761.754333 1300.000000 0.000000
580.364502 1300.000000 0.000000
810.495300 1300.000000 0.000000
633.400208 1300.000000 0.000000
475.407318 1300.000000 0.000000
396.057343 1300.000000 0.000000
470.948639 1300.000000 0.000000
1081.819824 1300.000000 0.000000
734.985779 1300.000000 0.000000
1188.786865 1300.000000 0.000000
623.364807 1300.000000 0.000000
636.868591 1300.000000 0.000000
536.958862 1300.000000 0.000000
676.744873 1300.000000 0.000000
467.093262 1300.000000 0.000000
528.784241 1300.000000 0.000000
620.915955 1300.000000 0.000000
753.083313 1300.000000 0.000000
378.143524 1300.000000 0.000000
724.217834 1300.000000 0.000000
470.667023 1300.000000 0.000000
479.314423 1300.000000 0.000000
640.914062 1300.000000 0.000000
461.097260 1300.000000 0.000000
791.308655 1300.000000 0.000000
548.853394 1300.000000 0.000000
465.095947 1300.000000 0.000000
922.937317 1300.000000 0.000000
622.106323 1300.000000 0.000000
639.937134 1300.000000 0.000000
496.304352 1300.000000 0.000000
679.123291 1300.000000 0.000000
630.618469 1300.000000 0.000000
759.298950 1300.000000 0.000000
815.003784 1300.000000 0.000000
495.368591 1300.000000 0.000000
513.774963 1300.000000 0.000000
932.916260 1300.000000 0.000000
949.749146 1300.000000 0.000000
408.842682 1300.000000 0.000000
563.725098 1300.000000 0.000000
561.662781 1300.000000 0.000000
581.291321 1300.000000 0.000000
722.463928 1300.000000 0.000000
999.003174 1300.000000 0.000000
571.394165 1300.000000 0.000000
393.796143 1300.000000 0.000000
533.137878 1300.000000 0.000000
737.646301 1300.000000 0.000000
402.154938 1300.000000 0.000000
411.341522 1300.000000 0.000000
724.879333 1300.000000 0.000000
451.845490 1300.000000 0.000000
455.216278 1300.000000 0.000000
481.003601 1300.000000 0.000000
1181.316162 1300.000000 0.000000
647.260498 1300.000000 0.000000
596.590454 1300.000000 0.000000
922.996033 1300.000000 0.000000
590.913879 1300.000000 0.000000
623.677612 1300.000000 0.000000
558.476257 1300.000000 0.000000
464.015900 1300.000000 0.000000
461.450836 1300.000000 0.000000
722.072754 1300.000000 0.000000
676.195435 1300.000000 0.000000
984.220764 1300.000000 0.000000
753.620117 1300.000000 0.000000
582.207153 1300.000000 0.000000
1051.634521 1300.000000 0.000000
368.276428 1300.000000 0.000000
442.867432 1300.000000 0.000000
339.982941 1300.000000 0.000000
1293.611206 1300.000000 0.000000
696.636780 1300.000000 0.000000
450.115234 1300.000000 0.000000
501.183899 1300.000000 0.000000
407.562042 1300.000000 0.000000
589.839050 1300.000000 0.000000
892.638062 1300.000000 0.000000
718.792236 1300.000000 0.000000
422.918884 1300.000000 0.000000
637.356140 1300.000000 0.000000
376.136383 1300.000000 0.000000
400.886902 1300.000000 0.000000
541.241516 1300.000000 0.000000
385.456696 1300.000000 0.000000
397.300476 1300.000000 0.000000
747.553955 1300.000000 0.000000
437.611115 1300.000000 0.000000
708.750610 1300.000000 0.000000
1378.549072 1300.000000 0.000000
419.994110 1300.000000 0.000000
700.562805 1300.000000 0.000000
892.607788 1300.000000 0.000000
1363.589844 1300.000000 0.000000
408.735504 1300.000000 0.000000
662.855469 1300.000000 0.000000
578.913818 1300.000000 0.000000
431.695099 1300.000000 0.000000
717.045898 1300.000000 0.000000
1417.765747 1300.000000 0.000000
628.090454 1300.000000 0.000000
619.456543 1300.000000 0.000000
556.378540 1300.000000 0.000000
994.155701 1300.000000 0.000000
390.962555 1300.000000 0.000000
664.418823 1300.000000 0.000000
446.178772 1300.000000 0.000000
819.059082 1300.000000 0.000000
595.570557 1300.000000 0.000000
497.449585 1300.000000 0.000000
492.897949 1300.000000 0.000000
608.180481 1300.000000 0.000000
549.602112 1300.000000 0.000000
532.432251 1300.000000 0.000000
553.219360 1300.000000 0.000000
885.419739 1300.000000 0.000000
618.906738 1300.000000 0.000000
474.571930 1300.000000 0.000000
575.741150 1300.000000 0.000000
821.796631 1300.000000 0.000000
505.585144 1300.000000 0.000000
537.205444 1300.000000 0.000000
428.698547 1300.000000 0.000000
689.218262 1300.000000 0.000000
603.671204 1300.000000 0.000000
565.935669 1300.000000 0.000000
425.475830 1300.000000 0.000000
645.452881 1300.000000 0.000000
417.748291 1300.000000 0.000000
522.933838 1300.000000 0.000000
492.053223 1300.000000 0.000000
444.724304 1300.000000 0.000000
842.665405 1300.000000 0.000000
660.952393 1300.000000 0.000000
948.729309 1300.000000 0.000000
352.810577 1300.000000 0.000000
341.430023 1300.000000 0.000000
695.862732 1300.000000 0.000000
423.928741 1300.000000 0.000000
510.977783 1300.000000 0.000000
512.519043 1300.000000 0.000000
1560.175293 1300.000000 0.000000
499.901886 1300.000000 0.000000
507.372498 1300.000000 0.000000
332.958801 1300.000000 0.000000
516.322571 1300.000000 0.000000
589.295776 1300.000000 0.000000
520.791687 1300.000000 0.000000
658.231201 1300.000000 0.000000
830.496765 1300.000000 0.000000
555.886169 1300.000000 0.000000
603.856995 1300.000000 0.000000
480.744354 1300.000000 0.000000
930.242493 1300.000000 0.000000
387.928711 1300.000000 0.000000
782.421753 1300.000000 0.000000
721.609070 1300.000000 0.000000
965.843994 1300.000000 0.000000
330.462769 1300.000000 0.000000
531.924927 1300.000000 0.000000
829.664307 1300.000000 0.000000
602.032776 1300.000000 0.000000
837.908447 1300.000000 0.000000
1140.479248 1300.000000 0.000000
531.233459 1300.000000 0.000000
506.037109 1300.000000 0.000000
487.124817 1300.000000 0.000000
594.864868 1300.000000 0.000000
308.560120 1300.000000 0.000000
1147.296875 1300.000000 0.000000
535.225952 1300.000000 0.000000
340.560364 1300.000000 0.000000
665.867126 1300.000000 0.000000
883.343262 1300.000000 0.000000
513.208313 1300.000000 0.000000
713.131104 1300.000000 0.000000
671.263184 1300.000000 0.000000
924.936157 1300.000000 0.000000
442.001953 1300.000000 0.000000
455.401886 1300.000000 0.000000
877.497070 1300.000000 0.000000
875.452026 1300.000000 0.000000
716.194031 1300.000000 0.000000
450.709045 1300.000000 0.000000
611.432434 1300.000000 0.000000
656.334961 1300.000000 0.000000
515.886169 1300.000000 0.000000
519.982605 1300.000000 0.000000
626.801208 1300.000000 0.000000
854.380676 1300.000000 0.000000
987.451233 1300.000000 0.000000
661.018982 1300.000000 0.000000
800.408508 1300.000000 0.000000
392.975677 1300.000000 0.000000
1079.958130 1300.000000 0.000000
330.437653 1300.000000 0.000000
482.349670 1300.000000 0.000000
382.929260 1300.000000 0.000000
856.516235 1300.000000 0.000000
641.672302 1300.000000 0.000000
407.470734 1300.000000 0.000000
1101.109741 1300.000000 0.000000
659.322327 1300.000000 0.000000
737.817322 1300.000000 0.000000
517.860718 1300.000000 0.000000
395.980286 1300.000000 0.000000
605.355530 1300.000000 0.000000
306.344147 1300.000000 0.000000
431.037567 1300.000000 0.000000
497.468689 1300.000000 0.000000
588.690430 1300.000000 0.000000
475.190918 1300.000000 0.000000
450.272064 1300.000000 0.000000
494.680237 1300.000000 0.000000
297.235901 1300.000000 0.000000
444.872192 1300.000000 0.000000
1065.963501 1300.000000 0.000000
441.877106 1300.000000 0.000000
643.479126 1300.000000 0.000000
312.313629 1300.000000 0.000000
602.509216 1300.000000 0.000000
754.128296 1300.000000 0.000000
358.824432 1300.000000 0.000000
1811.996460 1300.000000 0.000000
455.405334 1300.000000 0.000000
435.438995 1300.000000 0.000000
751.716125 1300.000000 0.000000
913.718628 1300.000000 0.000000
1622.368774 1300.000000 0.000000
552.586304 1300.000000 0.000000
616.255005 1300.000000 0.000000
702.344116 1300.000000 0.000000
648.834290 1300.000000 0.000000
1314.486206 1300.000000 0.000000
364.697632 1300.000000 0.000000
556.809326 1300.000000 0.000000
606.699646 1300.000000 0.000000
466.994049 1300.000000 0.000000
650.512573 1300.000000 0.000000
459.738861 1300.000000 0.000000
403.094818 1300.000000 0.000000
482.527405 1300.000000 0.000000
584.979248 1300.000000 0.000000
644.836853 1300.000000 0.000000
404.479492 1300.000000 0.000000
415.851929 1300.000000 0.000000
633.562988 1300.000000 0.000000
468.033508 1300.000000 0.000000
708.199890 1300.000000 0.000000
424.515656 1300.000000 0.000000
402.429535 1300.000000 0.000000
356.104431 1300.000000 0.000000
393.769043 1300.000000 0.000000
744.116577 1300.000000 0.000000
578.005127 1300.000000 0.000000
795.479980 1300.000000 0.000000
411.255219 1300.000000 0.000000
344.174286 1300.000000 0.000000
620.241211 1300.000000 0.000000
467.292694 1300.000000 0.000000
1503.682373 1300.000000 0.000000
348.329895 1300.000000 0.000000
535.925903 1300.000000 0.000000
438.882080 1300.000000 0.000000
497.915649 1300.000000 0.000000
556.956787 1300.000000 0.000000
469.235321 1300.000000 0.000000
374.658234 1300.000000 0.000000
448.113953 1300.000000 0.000000
432.709320 1300.000000 0.000000
532.709595 1300.000000 0.000000
490.847656 1300.000000 0.000000
434.679657 1300.000000 0.000000
440.873718 1300.000000 0.000000
946.570862 1300.000000 0.000000
340.343109 1300.000000 0.000000
1438.553223 1300.000000 0.000000
742.860779 1300.000000 0.000000
840.787964 1300.000000 0.000000
542.098633 1300.000000 0.000000
841.167419 1300.000000 0.000000
531.454346 1300.000000 0.000000
470.956543 1300.000000 0.000000
777.992493 1300.000000 0.000000
449.827484 1300.000000 0.000000
510.117401 1300.000000 0.000000
521.849548 1300.000000 0.000000
536.591492 1300.000000 0.000000
502.883087 1300.000000 0.000000
482.846710 1300.000000 0.000000
464.385559 1300.000000 0.000000
867.503845 1300.000000 0.000000
656.905640 1300.000000 0.000000
501.876312 1300.000000 0.000000
330.856628 1300.000000 0.000000
580.139893 1300.000000 0.000000
799.390320 1300.000000 0.000000
461.892731 1300.000000 0.000000
540.352173 1300.000000 0.000000
471.569885 1300.000000 0.000000
579.021118 1300.000000 0.000000
634.307373 1300.000000 0.000000
741.018188 1300.000000 0.000000
958.573730 1300.000000 0.000000
382.464081 1300.000000 0.000000
651.380981 1300.000000 0.000000
530.047302 1300.000000 0.000000
666.780273 1300.000000 0.000000
541.822815 1300.000000 0.000000
398.977386 1300.000000 0.000000
725.554504 1300.000000 0.000000
786.029053 1300.000000 0.000000
1128.427612 1300.000000 0.000000
695.024414 1300.000000 0.000000
583.448486 1300.000000 0.000000
397.419830 1300.000000 0.000000
840.394897 1300.000000 0.000000
461.973358 1300.000000 0.000000
504.017365 1300.000000 0.000000
575.691589 1300.000000 0.000000
926.667786 1300.000000 0.000000
816.938599 1300.000000 0.000000
642.869263 1300.000000 0.000000
1117.284058 1300.000000 0.000000
790.026611 1300.000000 0.000000
859.535583 1300.000000 0.000000
962.429932 1300.000000 0.000000
463.786011 1300.000000 0.000000
614.326294 1300.000000 0.000000
762.540466 1300.000000 0.000000
834.514648 1300.000000 0.000000
616.829041 1300.000000 0.000000
682.700317 1300.000000 0.000000
522.841919 1300.000000 0.000000
892.759827 1300.000000 0.000000
799.713684 1300.000000 0.000000
1467.151978 1300.000000 0.000000
1323.275879 1300.000000 0.000000
343.812469 1300.000000 0.000000
467.591980 1300.000000 0.000000
312.668030 1300.000000 0.000000
407.003082 1300.000000 0.000000
429.783966 1300.000000 0.000000
532.465027 1300.000000 0.000000
550.999512 1300.000000 0.000000
359.759369 1300.000000 0.000000
1220.596313 1300.000000 0.000000
421.758453 1300.000000 0.000000
353.332428 1300.000000 0.000000
688.339966 1300.000000 0.000000
391.003784 1300.000000 0.000000
396.748962 1300.000000 0.000000
699.571533 1300.000000 0.000000
428.732544 1300.000000 0.000000
2131.600586 1300.000000 0.000000
1013.645935 1300.000000 0.000000
519.484802 1300.000000 0.000000
412.100311 1300.000000 0.000000
1008.102417 1300.000000 0.000000
553.562317 1300.000000 0.000000
465.014709 1300.000000 0.000000
838.345764 1300.000000 0.000000
374.155823 1300.000000 0.000000
742.913208 1300.000000 0.000000
765.409790 1300.000000 0.000000
450.887573 1300.000000 0.000000
712.398254 1300.000000 0.000000
690.966064 1300.000000 0.000000
663.259705 1300.000000 0.000000
516.067749 1300.000000 0.000000
658.144226 1300.000000 0.000000
479.640533 1300.000000 0.000000
400.636047 1300.000000 0.000000
484.553894 1300.000000 0.000000
748.883057 1300.000000 0.000000
731.899902 1300.000000 0.000000
504.844147 1300.000000 0.000000
1019.907410 1300.000000 0.000000
426.402771 1300.000000 0.000000
465.866577 1300.000000 0.000000
342.339996 1300.000000 0.000000
795.243225 1300.000000 0.000000
400.690430 1300.000000 0.000000
361.007904 1300.000000 0.000000
583.296997 1300.000000 0.000000
561.194031 1300.000000 0.000000
621.122009 1300.000000 0.000000
422.864197 1300.000000 0.000000
684.065491 1300.000000 0.000000
521.278198 1300.000000 0.000000
558.409546 1300.000000 0.000000
511.859650 1300.000000 0.000000
337.636658 1300.000000 0.000000
576.189392 1300.000000 0.000000
1335.630005 1300.000000 0.000000
469.696533 1300.000000 0.000000
522.024170 1300.000000 0.000000
678.477905 1300.000000 0.000000
501.216064 1300.000000 0.000000
482.218536 1300.000000 0.000000
404.823669 1300.000000 0.000000
440.712860 1300.000000 0.000000
532.674194 1300.000000 0.000000
2318.441162 1300.000000 0.000000
614.900146 1300.000000 0.000000
415.562286 1300.000000 0.000000
502.876892 1300.000000 0.000000
526.121216 1300.000000 0.000000
444.194702 1300.000000 0.000000
620.221680 1300.000000 0.000000
359.220673 1300.000000 0.000000
431.515747 1300.000000 0.000000
490.315155 1300.000000 0.000000
580.211060 1300.000000 0.000000
619.286377 1300.000000 0.000000
538.736938 1300.000000 0.000000
420.898010 1300.000000 0.000000
398.589569 1300.000000 0.000000
451.372498 1300.000000 0.000000
715.348206 1300.000000 0.000000
631.678711 1300.000000 0.000000
494.239746 1300.000000 0.000000
563.573242 1300.000000 0.000000
1137.493652 1300.000000 0.000000
362.376282 1300.000000 0.000000
625.687073 1300.000000 0.000000
682.490784 1300.000000 0.000000
344.685669 1300.000000 0.000000
665.927795 1300.000000 0.000000
480.002991 1300.000000 0.000000
586.461060 1300.000000 0.000000
491.640472 1300.000000 0.000000
374.755188 1300.000000 0.000000
518.641663 1300.000000 0.000000
1364.391602 1300.000000 0.000000
305.862488 1300.000000 0.000000
696.465637 1300.000000 0.000000
393.362335 1300.000000 0.000000
1179.814575 1300.000000 0.000000
754.143677 1300.000000 0.000000
463.797333 1300.000000 0.000000
666.706848 1300.000000 0.000000
945.429871 1300.000000 0.000000
426.154724 1300.000000 0.000000
1184.053101 1300.000000 0.000000
444.532928 1300.000000 0.000000
450.887909 1300.000000 0.000000
1364.972412 1300.000000 0.000000
611.958130 1300.000000 0.000000
462.753326 1300.000000 0.000000
306.951996 1300.000000 0.000000
691.546814 1300.000000 0.000000
558.556030 1300.000000 0.000000
389.732544 1300.000000 0.000000
388.921631 1300.000000 0.000000
443.620941 1300.000000 0.000000
535.583557 1300.000000 0.000000
536.982422 1300.000000 0.000000
472.379913 1300.000000 0.000000
473.063416 1300.000000 0.000000
1151.146729 1300.000000 0.000000
824.455933 1300.000000 0.000000
669.218018 1300.000000 0.000000
425.898865 1300.000000 0.000000
573.894287 1300.000000 0.000000
556.428345 1300.000000 0.000000
443.071472 1300.000000 0.000000
621.369446 1300.000000 0.000000
925.570068 1300.000000 0.000000
765.567749 1300.000000 0.000000
410.272858 1300.000000 0.000000
421.579803 1300.000000 0.000000
617.544067 1300.000000 0.000000
544.190674 1300.000000 0.000000
569.198730 1300.000000 0.000000
470.248749 1300.000000 0.000000
432.546448 1300.000000 0.000000
518.832520 1300.000000 0.000000
808.969482 1300.000000 0.000000
312.707886 1300.000000 0.000000
345.066833 1300.000000 0.000000
501.985138 1300.000000 0.000000
498.309143 1300.000000 0.000000
638.832458 1300.000000 0.000000
602.455688 1300.000000 0.000000
413.717957 1300.000000 0.000000
1273.526611 1300.000000 0.000000
376.260681 1300.000000 0.000000
491.876678 1300.000000 0.000000
524.454834 1300.000000 0.000000
355.590576 1300.000000 0.000000
715.854431 1300.000000 0.000000
686.589233 1300.000000 0.000000
545.529785 1300.000000 0.000000
437.864655 1300.000000 0.000000
618.686218 1300.000000 0.000000
914.375061 1300.000000 0.000000
461.384918 1300.000000 0.000000
570.384155 1300.000000 0.000000
558.329102 1300.000000 0.000000
398.602875 1300.000000 0.000000
746.414185 1300.000000 0.000000
626.096680 1300.000000 0.000000
470.455261 1300.000000 0.000000
408.809753 1300.000000 0.000000
522.725769 1300.000000 0.000000
490.356384 1300.000000 0.000000
1243.846924 1300.000000 0.000000
455.569122 1300.000000 0.000000
1730.565430 1300.000000 0.000000
556.660400 1300.000000 0.000000
567.142761 1300.000000 0.000000
547.179199 1300.000000 0.000000
336.440277 1300.000000 0.000000
368.852661 1300.000000 0.000000
781.387634 1300.000000 0.000000
632.628906 1300.000000 0.000000
959.204407 1300.000000 0.000000
472.154877 1300.000000 0.000000
784.967957 1300.000000 0.000000
669.834412 1300.000000 0.000000
1130.988159 1300.000000 0.000000
424.862030 1300.000000 0.000000
606.408020 1300.000000 0.000000
378.536926 1300.000000 0.000000
599.574951 1300.000000 0.000000
592.352112 1300.000000 0.000000
509.617493 1300.000000 0.000000
572.569519 1300.000000 0.000000
463.885437 1300.000000 0.000000
456.520111 1300.000000 0.000000
578.068970 1300.000000 0.000000
1384.070801 1300.000000 0.000000
527.697998 1300.000000 0.000000
714.178528 1300.000000 0.000000
326.450043 1300.000000 0.000000
513.660706 1300.000000 0.000000
974.678040 1300.000000 0.000000
512.555664 1300.000000 0.000000
393.617188 1300.000000 0.000000
802.356018 1300.000000 0.000000
414.059448 1300.000000 0.000000
440.743591 1300.000000 0.000000
730.033508 1300.000000 0.000000
503.341553 1300.000000 0.000000
375.592285 1300.000000 0.000000
447.049866 1300.000000 0.000000
514.021118 1300.000000 0.000000
655.876892 1300.000000 0.000000
899.311462 1300.000000 0.000000
288.288025 1300.000000 0.000000
1104.638916 1300.000000 0.000000
682.167542 1300.000000 0.000000
389.307861 1300.000000 0.000000
512.203674 1300.000000 0.000000
1251.732910 1300.000000 0.000000
1156.826904 1300.000000 0.000000
339.189331 1300.000000 0.000000
561.202942 1300.000000 0.000000
765.759277 1300.000000 0.000000
478.645477 1300.000000 0.000000
520.502136 1300.000000 0.000000
500.079956 1300.000000 0.000000
358.791168 1300.000000 0.000000
882.099182 1300.000000 0.000000
498.405396 1300.000000 0.000000
483.562714 1300.000000 0.000000
412.237091 1300.000000 0.000000
438.946686 1300.000000 0.000000
456.145844 1300.000000 0.000000
543.102295 1300.000000 0.000000
426.279602 1300.000000 0.000000
702.724243 1300.000000 0.000000
452.503113 1300.000000 0.000000
719.715942 1300.000000 0.000000
557.553284 1300.000000 0.000000
872.820618 1300.000000 0.000000
570.192200 1300.000000 0.000000
667.427612 1300.000000 0.000000
406.538422 1300.000000 0.000000
404.323792 1300.000000 0.000000
648.068359 1300.000000 0.000000
568.720947 1300.000000 0.000000
684.548706 1300.000000 0.000000
442.892365 1300.000000 0.000000
1045.306519 1300.000000 0.000000
741.975098 1300.000000 0.000000
421.231171 1300.000000 0.000000
979.280579 1300.000000 0.000000
1140.073608 1300.000000 0.000000
446.928558 1300.000000 0.000000
832.888245 1300.000000 0.000000
839.372070 1300.000000 0.000000
844.506104 1300.000000 0.000000
462.741180 1300.000000 0.000000
459.375824 1300.000000 0.000000
560.675903 1300.000000 0.000000
501.224152 1300.000000 0.000000
518.903870 1300.000000 0.000000
538.587830 1300.000000 0.000000
523.051514 1300.000000 0.000000
353.759552 1300.000000 0.000000
385.070953 1300.000000 0.000000
899.678528 1300.000000 0.000000
1085.541626 1300.000000 0.000000
1291.213745 1300.000000 0.000000
350.004639 1300.000000 0.000000
666.837952 1300.000000 0.000000
513.909729 1300.000000 0.000000
617.434753 1300.000000 0.000000
463.051483 1300.000000 0.000000
585.221008 1300.000000 0.000000
463.514587 1300.000000 0.000000
447.374054 1300.000000 0.000000
276.237854 1300.000000 0.000000
333.755463 1300.000000 0.000000
486.485168 1300.000000 0.000000
506.047485 1300.000000 0.000000
389.464966 1300.000000 0.000000
543.452515 1300.000000 0.000000
611.520874 1300.000000 0.000000
404.133972 1300.000000 0.000000
767.890564 1300.000000 0.000000
484.019348 1300.000000 0.000000
703.579956 1300.000000 0.000000
678.124878 1300.000000 0.000000
446.013550 1300.000000 0.000000
455.206207 1300.000000 0.000000
472.284454 1300.000000 0.000000
962.844360 1300.000000 0.000000
1069.763794 1300.000000 0.000000
567.446045 1300.000000 0.000000
1009.193848 1300.000000 0.000000
349.118500 1300.000000 0.000000
522.625488 1300.000000 0.000000
521.348022 1300.000000 0.000000
489.097748 1300.000000 0.000000
470.148438 1300.000000 0.000000
792.171509 1300.000000 0.000000
1312.393555 1300.000000 0.000000
371.464630 1300.000000 0.000000
1752.150024 1300.000000 0.000000
287.281555 1300.000000 0.000000
331.364471 1300.000000 0.000000
347.124084 1300.000000 0.000000
433.607483 1300.000000 0.000000
629.803162 1300.000000 0.000000
418.694916 1300.000000 0.000000
403.052185 1300.000000 0.000000
474.112610 1300.000000 0.000000
433.289856 1300.000000 0.000000
304.423615 1300.000000 0.000000
970.195618 1300.000000 0.000000
492.225098 1300.000000 0.000000
909.237976 1300.000000 0.000000
817.713745 1300.000000 0.000000
569.703491 1300.000000 0.000000
403.252563 1300.000000 0.000000
1165.838013 1300.000000 0.000000
578.253235 1300.000000 0.000000
510.894592 1300.000000 0.000000
463.457825 1300.000000 0.000000
558.717957 1300.000000 0.000000
876.437927 1300.000000 0.000000
1354.699341 1300.000000 0.000000
1245.229614 1300.000000 0.000000
454.539642 1300.000000 0.000000
539.874512 1300.000000 0.000000
743.274597 1300.000000 0.000000
374.443665 1300.000000 0.000000
657.104980 1300.000000 0.000000
326.653534 1300.000000 0.000000
346.710907 1300.000000 0.000000
503.119751 1300.000000 0.000000
478.906738 1300.000000 0.000000
368.337585 1300.000000 0.000000
568.702332 1300.000000 0.000000
550.521423 1300.000000 0.000000
359.736389 1300.000000 0.000000
377.048004 1300.000000 0.000000
695.668701 1300.000000 0.000000
611.372742 1300.000000 0.000000
539.136841 1300.000000 0.000000
640.016663 1300.000000 0.000000
536.636658 1300.000000 0.000000
541.145325 1300.000000 0.000000
423.529236 1300.000000 0.000000
964.053711 1300.000000 0.000000
375.334106 1300.000000 0.000000
375.850098 1300.000000 0.000000
630.529724 1300.000000 0.000000
931.890808 1300.000000 0.000000
421.072388 1300.000000 0.000000
469.983582 1300.000000 0.000000
577.447815 1300.000000 0.000000
343.449585 1300.000000 0.000000
