537.838379 900.000000 1.000000
838.941589 900.000000 1.000000
818.830627 900.000000 1.000000
1161.022461 900.000000 1.000000
1148.292603 900.000000 1.000000
1154.165771 900.000000 1.000000
1219.499268 900.000000 1.000000
691.702515 900.000000 1.000000
1272.707764 900.000000 1.000000
1043.556274 900.000000 1.000000
1732.218262 900.000000 1.000000
1146.247681 900.000000 1.000000
949.202637 900.000000 1.000000
850.563843 900.000000 1.000000
1332.831177 900.000000 1.000000
981.097473 900.000000 1.000000
1245.490234 900.000000 1.000000
998.077209 900.000000 1.000000
1227.314453 900.000000 1.000000
1483.591187 900.000000 1.000000
590.589355 900.000000 1.000000
778.114990 900.000000 1.000000
1205.292603 900.000000 1.000000
2110.826660 900.000000 1.000000
1037.403809 900.000000 1.000000
688.100525 900.000000 1.000000
951.910278 900.000000 1.000000
973.393921 900.000000 1.000000
790.333069 900.000000 1.000000
879.186951 900.000000 1.000000
858.128418 900.000000 1.000000
2020.159790 900.000000 1.000000
566.862061 900.000000 1.000000
1074.373047 900.000000 1.000000
777.532532 900.000000 1.000000
1417.561157 900.000000 1.000000
824.878052 900.000000 1.000000
779.735901 900.000000 1.000000
948.801025 900.000000 1.000000
3848.375732 900.000000 1.000000
1230.321045 900.000000 1.000000
924.538513 900.000000 1.000000
876.760681 900.000000 1.000000
1074.245117 900.000000 1.000000
824.893677 900.000000 1.000000
2230.097168 900.000000 1.000000
1404.948242 900.000000 1.000000
882.681091 900.000000 1.000000
1176.307617 900.000000 1.000000
1025.768311 900.000000 1.000000
1378.922241 900.000000 1.000000
921.562439 900.000000 1.000000
905.231689 900.000000 1.000000
1246.960083 900.000000 1.000000
1147.773071 900.000000 1.000000
818.775024 900.000000 1.000000
780.038269 900.000000 1.000000
2747.180420 900.000000 1.000000
1068.478149 900.000000 1.000000
1794.929932 900.000000 1.000000
1242.382690 900.000000 1.000000
1830.851074 900.000000 1.000000
1017.863525 900.000000 1.000000
775.599976 900.000000 1.000000
939.276306 900.000000 1.000000
806.537659 900.000000 1.000000
1346.728882 900.000000 1.000000
1109.709961 900.000000 1.000000
864.915100 900.000000 1.000000
1113.254639 900.000000 1.000000
1062.399170 900.000000 1.000000
1354.731567 900.000000 1.000000
915.092468 900.000000 1.000000
833.500366 900.000000 1.000000
1587.380249 900.000000 1.000000
892.621948 900.000000 1.000000
1223.202515 900.000000 1.000000
1438.658325 900.000000 1.000000
1606.603394 900.000000 1.000000
787.669067 900.000000 1.000000
1025.071655 900.000000 1.000000
866.454041 900.000000 1.000000
1032.069702 900.000000 1.000000
1901.770264 900.000000 1.000000
906.154358 900.000000 1.000000
942.348083 900.000000 1.000000
3414.075928 900.000000 1.000000
1537.322998 900.000000 1.000000
768.433960 900.000000 1.000000
1063.055054 900.000000 1.000000
1306.828613 900.000000 1.000000
1253.138062 900.000000 1.000000
1467.628052 900.000000 1.000000
873.624023 900.000000 1.000000
873.022949 900.000000 1.000000
808.031006 900.000000 1.000000
918.848267 900.000000 1.000000
1754.571411 900.000000 1.000000
1846.540649 900.000000 1.000000
747.000610 900.000000 1.000000
770.368591 900.000000 1.000000
923.687744 900.000000 1.000000
711.115723 900.000000 1.000000
913.208313 900.000000 1.000000
938.240784 900.000000 1.000000
632.521301 900.000000 1.000000
2470.910645 900.000000 1.000000
727.052368 900.000000 1.000000
929.369873 900.000000 1.000000
845.840881 900.000000 1.000000
1138.339966 900.000000 1.000000
2153.200928 900.000000 1.000000
887.277649 900.000000 1.000000
1179.501465 900.000000 1.000000
892.794678 900.000000 1.000000
643.610840 900.000000 1.000000
845.774475 900.000000 1.000000
854.121765 900.000000 1.000000
805.951904 900.000000 1.000000
902.501892 900.000000 1.000000
588.874451 900.000000 1.000000
1024.151001 900.000000 1.000000
830.912842 900.000000 1.000000
835.007019 900.000000 1.000000
1004.462280 900.000000 1.000000
1039.004395 900.000000 1.000000
947.525513 900.000000 1.000000
1432.064575 900.000000 1.000000
906.324707 900.000000 1.000000
1013.350464 900.000000 1.000000
1030.622925 900.000000 1.000000
1341.070801 900.000000 1.000000
917.216248 900.000000 1.000000
809.745728 900.000000 1.000000
780.533936 900.000000 1.000000
1431.893311 900.000000 1.000000
900.934692 900.000000 1.000000
3614.836914 900.000000 1.000000
981.552673 900.000000 1.000000
1704.187866 900.000000 1.000000
875.499878 900.000000 1.000000
905.560425 900.000000 1.000000
1080.205322 900.000000 1.000000
1378.496948 900.000000 1.000000
1257.785034 900.000000 1.000000
1226.217529 900.000000 1.000000
1355.453613 900.000000 1.000000
999.649109 900.000000 1.000000
850.741394 900.000000 1.000000
992.479004 900.000000 1.000000
2729.531006 900.000000 1.000000
1100.215942 900.000000 1.000000
929.828735 900.000000 1.000000
805.965088 900.000000 1.000000
952.575500 900.000000 1.000000
644.896118 900.000000 1.000000
950.349304 900.000000 1.000000
837.735291 900.000000 1.000000
1204.876343 900.000000 1.000000
618.056946 900.000000 1.000000
1289.442749 900.000000 1.000000
1277.824585 900.000000 1.000000
1072.608276 900.000000 1.000000
866.052246 900.000000 1.000000
773.279297 900.000000 1.000000
897.225037 900.000000 1.000000
924.942810 900.000000 1.000000
897.786743 900.000000 1.000000
1701.929810 900.000000 1.000000
1047.148315 900.000000 1.000000
961.940674 900.000000 1.000000
850.416443 900.000000 1.000000
1180.545532 900.000000 1.000000
1270.473511 900.000000 1.000000
877.411011 900.000000 1.000000
750.471191 900.000000 1.000000
853.777954 900.000000 1.000000
2774.256836 900.000000 1.000000
1776.996704 900.000000 1.000000
944.783630 900.000000 1.000000
1141.591431 900.000000 1.000000
1306.031250 900.000000 1.000000
1290.442627 900.000000 1.000000
977.839233 900.000000 1.000000
1264.166382 900.000000 1.000000
1100.524536 900.000000 1.000000
1208.807495 900.000000 1.000000
963.677002 900.000000 1.000000
952.779053 900.000000 1.000000
2251.177246 900.000000 1.000000
857.095947 900.000000 1.000000
2322.120605 900.000000 1.000000
1155.949097 900.000000 1.000000
1317.844482 900.000000 1.000000
1639.550171 900.000000 1.000000
1140.379395 900.000000 1.000000
1885.300537 900.000000 1.000000
2024.567383 900.000000 1.000000
722.409912 900.000000 1.000000
1044.132446 900.000000 1.000000
858.915344 900.000000 1.000000
975.484070 900.000000 1.000000
786.707581 900.000000 1.000000
1855.463989 900.000000 1.000000
940.199219 900.000000 1.000000
1164.047607 900.000000 1.000000
1072.269897 900.000000 1.000000
1045.187256 900.000000 1.000000
859.303406 900.000000 1.000000
964.401489 900.000000 1.000000
910.736084 900.000000 1.000000
899.310486 900.000000 1.000000
933.553650 900.000000 1.000000
1576.740356 900.000000 1.000000
667.935120 900.000000 1.000000
916.410339 900.000000 1.000000
552.655029 900.000000 1.000000
867.870972 900.000000 1.000000
1036.059692 900.000000 1.000000
1240.691040 900.000000 1.000000
1051.454590 900.000000 1.000000
1118.096924 900.000000 1.000000
1041.980225 900.000000 1.000000
809.141907 900.000000 1.000000
951.257263 900.000000 1.000000
796.245056 900.000000 1.000000
669.572571 900.000000 1.000000
1155.639160 900.000000 1.000000
820.675293 900.000000 1.000000
958.800049 900.000000 1.000000
1967.109375 900.000000 1.000000
975.963745 900.000000 1.000000
866.939331 900.000000 1.000000
884.402710 900.000000 1.000000
983.947876 900.000000 1.000000
1220.854126 900.000000 1.000000
1531.187622 900.000000 1.000000
723.496521 900.000000 1.000000
1252.303711 900.000000 1.000000
720.821289 900.000000 1.000000
855.012451 900.000000 1.000000
1892.866699 900.000000 1.000000
928.057190 900.000000 1.000000
1131.219360 900.000000 1.000000
737.975525 900.000000 1.000000
1533.035645 900.000000 1.000000
1085.237427 900.000000 1.000000
990.055237 900.000000 1.000000
2495.429199 900.000000 1.000000
1096.109619 900.000000 1.000000
1261.685425 900.000000 1.000000
1192.006592 900.000000 1.000000
1177.550049 900.000000 1.000000
1250.686768 900.000000 1.000000
940.908264 900.000000 1.000000
965.941467 900.000000 1.000000
1077.951172 900.000000 1.000000
931.632874 900.000000 1.000000
873.299988 900.000000 1.000000
918.625488 900.000000 1.000000
1141.017212 900.000000 1.000000
1607.536133 900.000000 1.000000
984.330505 900.000000 1.000000
702.771118 900.000000 1.000000
865.967346 900.000000 1.000000
932.693726 900.000000 1.000000
1263.362427 900.000000 1.000000
1025.786011 900.000000 1.000000
934.459900 900.000000 1.000000
752.858032 900.000000 1.000000
841.049500 900.000000 1.000000
871.528442 900.000000 1.000000
577.346375 900.000000 1.000000
853.779907 900.000000 1.000000
649.001404 900.000000 1.000000
896.865479 900.000000 1.000000
1235.600464 900.000000 1.000000
644.862366 900.000000 1.000000
1218.282959 900.000000 1.000000
1081.393433 900.000000 1.000000
733.703064 900.000000 1.000000
831.651550 900.000000 1.000000
889.126953 900.000000 1.000000
2034.048828 900.000000 1.000000
774.411743 900.000000 1.000000
1340.335327 900.000000 1.000000
976.065369 900.000000 1.000000
1491.070801 900.000000 1.000000
1690.838013 900.000000 1.000000
1726.218872 900.000000 1.000000
987.745117 900.000000 1.000000
1165.130127 900.000000 1.000000
852.847107 900.000000 1.000000
1099.506226 900.000000 1.000000
876.935913 900.000000 1.000000
1060.835815 900.000000 1.000000
1922.906982 900.000000 1.000000
1051.088013 900.000000 1.000000
1121.330811 900.000000 1.000000
766.392029 900.000000 1.000000
888.458984 900.000000 1.000000
763.072998 900.000000 1.000000
947.300293 900.000000 1.000000
817.811829 900.000000 1.000000
1367.954712 900.000000 1.000000
836.867981 900.000000 1.000000
954.822144 900.000000 1.000000
655.168457 900.000000 1.000000
1094.898193 900.000000 1.000000
836.625366 900.000000 1.000000
1536.004517 900.000000 1.000000
867.229431 900.000000 1.000000
1576.918457 900.000000 1.000000
1214.303711 900.000000 1.000000
1502.803955 900.000000 1.000000
1457.229370 900.000000 1.000000
886.062134 900.000000 1.000000
1075.654053 900.000000 1.000000
1006.883362 900.000000 1.000000
1051.635986 900.000000 1.000000
1037.045044 900.000000 1.000000
1459.305298 900.000000 1.000000
744.351562 900.000000 1.000000
1135.452759 900.000000 1.000000
936.765869 900.000000 1.000000
812.070801 900.000000 1.000000
599.557434 900.000000 1.000000
961.068726 900.000000 1.000000
1392.013306 900.000000 1.000000
1169.548218 900.000000 1.000000
988.628601 900.000000 1.000000
968.262878 900.000000 1.000000
1710.085449 900.000000 1.000000
1013.032471 900.000000 1.000000
1073.713867 900.000000 1.000000
871.556335 900.000000 1.000000
912.038757 900.000000 1.000000
1451.753784 900.000000 1.000000
708.102600 900.000000 1.000000
760.455017 900.000000 1.000000
717.153076 900.000000 1.000000
1000.508606 900.000000 1.000000
1140.753418 900.000000 1.000000
1032.754517 900.000000 1.000000
815.211975 900.000000 1.000000
965.026672 900.000000 1.000000
825.825378 900.000000 1.000000
1094.755493 900.000000 1.000000
952.036621 900.000000 1.000000
844.087402 900.000000 1.000000
839.111816 900.000000 1.000000
1340.647339 900.000000 1.000000
1069.355103 900.000000 1.000000
2071.129150 900.000000 1.000000
874.477783 900.000000 1.000000
1241.142456 900.000000 1.000000
875.879395 900.000000 1.000000
832.165771 900.000000 1.000000
972.217102 900.000000 1.000000
834.328552 900.000000 1.000000
1086.929688 900.000000 1.000000
896.021362 900.000000 1.000000
752.698486 900.000000 1.000000
773.906616 900.000000 1.000000
596.231506 900.000000 1.000000
1247.755981 900.000000 1.000000
888.518860 900.000000 1.000000
1665.011719 900.000000 1.000000
983.278320 900.000000 1.000000
1022.289001 900.000000 1.000000
1178.146729 900.000000 1.000000
940.901550 900.000000 1.000000
888.486389 900.000000 1.000000
1507.626953 900.000000 1.000000
948.853760 900.000000 1.000000
913.497070 900.000000 1.000000
1008.415527 900.000000 1.000000
751.275330 900.000000 1.000000
795.986328 900.000000 1.000000
980.769531 900.000000 1.000000
1370.750366 900.000000 1.000000
922.918762 900.000000 1.000000
1074.387451 900.000000 1.000000
689.721252 900.000000 1.000000
1500.148071 900.000000 1.000000
938.115784 900.000000 1.000000
1361.772827 900.000000 1.000000
1202.044556 900.000000 1.000000
2342.842773 900.000000 1.000000
2898.598145 900.000000 1.000000
1261.978638 900.000000 1.000000
1430.704224 900.000000 1.000000
714.587769 900.000000 1.000000
965.537659 900.000000 1.000000
812.916687 900.000000 1.000000
1214.194092 900.000000 1.000000
807.276855 900.000000 1.000000
975.025208 900.000000 1.000000
1300.833984 900.000000 1.000000
1090.133301 900.000000 1.000000
794.216309 900.000000 1.000000
929.259644 900.000000 1.000000
820.620056 900.000000 1.000000
940.105530 900.000000 1.000000
898.265808 900.000000 1.000000
1127.781250 900.000000 1.000000
1025.877686 900.000000 1.000000
832.778137 900.000000 1.000000
1121.185913 900.000000 1.000000
1010.528931 900.000000 1.000000
793.784302 900.000000 1.000000
1262.786377 900.000000 1.000000
1609.788696 900.000000 1.000000
1498.359619 900.000000 1.000000
1011.502930 900.000000 1.000000
5190.314941 900.000000 1.000000
739.046997 900.000000 1.000000
793.768921 900.000000 1.000000
910.204590 900.000000 1.000000
1636.419312 900.000000 1.000000
1430.405640 900.000000 1.000000
1058.690674 900.000000 1.000000
877.667358 900.000000 1.000000
968.234131 900.000000 1.000000
777.009827 900.000000 1.000000
1217.433594 900.000000 1.000000
621.916687 900.000000 1.000000
1515.932983 900.000000 1.000000
805.586304 900.000000 1.000000
1715.737427 900.000000 1.000000
1049.275391 900.000000 1.000000
1157.466553 900.000000 1.000000
794.017273 900.000000 1.000000
1167.180298 900.000000 1.000000
1240.060425 900.000000 1.000000
1649.479248 900.000000 1.000000
909.598145 900.000000 1.000000
1789.433594 900.000000 1.000000
1362.037476 900.000000 1.000000
3523.036133 900.000000 1.000000
888.704895 900.000000 1.000000
975.391724 900.000000 1.000000
1166.845703 900.000000 1.000000
920.260437 900.000000 1.000000
879.005371 900.000000 1.000000
1117.146118 900.000000 1.000000
914.093750 900.000000 1.000000
1243.502441 900.000000 1.000000
753.050293 900.000000 1.000000
688.477112 900.000000 1.000000
1163.722534 900.000000 1.000000
824.260986 900.000000 1.000000
1777.227661 900.000000 1.000000
1081.702881 900.000000 1.000000
2630.305176 900.000000 1.000000
1256.513306 900.000000 1.000000
1498.740601 900.000000 1.000000
969.241455 900.000000 1.000000
808.486267 900.000000 1.000000
986.214417 900.000000 1.000000
686.098450 900.000000 1.000000
925.714722 900.000000 1.000000
1096.453247 900.000000 1.000000
1028.928345 900.000000 1.000000
1530.241821 900.000000 1.000000
934.225281 900.000000 1.000000
1470.451904 900.000000 1.000000
985.321411 900.000000 1.000000
793.492554 900.000000 1.000000
849.714355 900.000000 1.000000
977.430115 900.000000 1.000000
1433.949707 900.000000 1.000000
972.426453 900.000000 1.000000
873.639465 900.000000 1.000000
1867.735718 900.000000 1.000000
1823.425171 900.000000 1.000000
1022.329163 900.000000 1.000000
825.802368 900.000000 1.000000
867.137634 900.000000 1.000000
1090.289917 900.000000 1.000000
995.425354 900.000000 1.000000
766.860718 900.000000 1.000000
948.470276 900.000000 1.000000
1596.419556 900.000000 1.000000
1271.728882 900.000000 1.000000
960.672974 900.000000 1.000000
964.693848 900.000000 1.000000
856.371948 900.000000 1.000000
1786.980591 900.000000 1.000000
920.102234 900.000000 1.000000
887.565369 900.000000 1.000000
1323.686157 900.000000 1.000000
820.211609 900.000000 1.000000
1034.934204 900.000000 1.000000
928.932983 900.000000 1.000000
1498.217773 900.000000 1.000000
842.884216 900.000000 1.000000
1471.562134 900.000000 1.000000
1266.508911 900.000000 1.000000
855.958252 900.000000 1.000000
1181.567505 900.000000 1.000000
1079.980103 900.000000 1.000000
1193.783691 900.000000 1.000000
1500.942871 900.000000 1.000000
760.949158 900.000000 1.000000
1222.339966 900.000000 1.000000
1513.817871 900.000000 1.000000
903.425415 900.000000 1.000000
1563.824585 900.000000 1.000000
823.793396 900.000000 1.000000
1448.380615 900.000000 1.000000
734.318298 900.000000 1.000000
1404.331543 900.000000 1.000000
897.046509 900.000000 1.000000
1126.107666 900.000000 1.000000
1055.756836 900.000000 1.000000
1129.852173 900.000000 1.000000
1876.848145 900.000000 1.000000
934.996277 900.000000 1.000000
1097.211670 900.000000 1.000000
1508.807861 900.000000 1.000000
1613.357666 900.000000 1.000000
888.047668 900.000000 1.000000
1146.220093 900.000000 1.000000
1407.398315 900.000000 1.000000
1052.105469 900.000000 1.000000
835.991333 900.000000 1.000000
752.263855 900.000000 1.000000
1394.037842 900.000000 1.000000
1315.412231 900.000000 1.000000
1201.302490 900.000000 1.000000
766.898376 900.000000 1.000000
795.161194 900.000000 1.000000
1176.981445 900.000000 1.000000
878.159241 900.000000 1.000000
849.121826 900.000000 1.000000
883.617310 900.000000 1.000000
909.133606 900.000000 1.000000
1704.477905 900.000000 1.000000
1546.825195 900.000000 1.000000
3188.728271 900.000000 1.000000
910.646667 900.000000 1.000000
867.386108 900.000000 1.000000
943.976562 900.000000 1.000000
1054.296143 900.000000 1.000000
1000.723877 900.000000 1.000000
1073.422729 900.000000 1.000000
889.182800 900.000000 1.000000
1430.782959 900.000000 1.000000
828.071777 900.000000 1.000000
1104.180908 900.000000 1.000000
866.483032 900.000000 1.000000
1270.194336 900.000000 1.000000
1011.136353 900.000000 1.000000
1167.040283 900.000000 1.000000
936.169128 900.000000 1.000000
1313.051270 900.000000 1.000000
815.481079 900.000000 1.000000
1023.995605 900.000000 1.000000
870.867737 900.000000 1.000000
912.020996 900.000000 1.000000
730.468872 900.000000 1.000000
853.830688 900.000000 1.000000
735.414185 900.000000 1.000000
1880.828125 900.000000 1.000000
1013.058411 900.000000 1.000000
928.440613 900.000000 1.000000
1164.719238 900.000000 1.000000
648.168152 900.000000 1.000000
1176.339966 900.000000 1.000000
956.315125 900.000000 1.000000
684.304993 900.000000 1.000000
1312.865845 900.000000 1.000000
780.981018 900.000000 1.000000
1083.263794 900.000000 1.000000
731.232056 900.000000 1.000000
1997.354126 900.000000 1.000000
974.925842 900.000000 1.000000
752.899231 900.000000 1.000000
825.718262 900.000000 1.000000
943.892700 900.000000 1.000000
2069.013428 900.000000 1.000000
851.632751 900.000000 1.000000
1046.509155 900.000000 1.000000
1063.925659 900.000000 1.000000
857.093262 900.000000 1.000000
1696.164551 900.000000 1.000000
2198.994629 900.000000 1.000000
1329.452759 900.000000 1.000000
987.083801 900.000000 1.000000
902.843201 900.000000 1.000000
925.133362 900.000000 1.000000
652.437866 900.000000 1.000000
802.072571 900.000000 1.000000
805.816467 900.000000 1.000000
1012.533142 900.000000 1.000000
1564.284424 900.000000 1.000000
984.678528 900.000000 1.000000
878.898438 900.000000 1.000000
882.866150 900.000000 1.000000
1013.282166 900.000000 1.000000
953.242004 900.000000 1.000000
868.945007 900.000000 1.000000
1074.638916 900.000000 1.000000
795.632385 900.000000 1.000000
896.130737 900.000000 1.000000
1082.130737 900.000000 1.000000
987.704773 900.000000 1.000000
787.585144 900.000000 1.000000
1040.936035 900.000000 1.000000
931.940369 900.000000 1.000000
1321.539185 900.000000 1.000000
800.933777 900.000000 1.000000
1052.524414 900.000000 1.000000
1045.649414 900.000000 1.000000
1943.706055 900.000000 1.000000
856.448547 900.000000 1.000000
2407.803955 900.000000 1.000000
2456.529053 900.000000 1.000000
2645.661133 900.000000 1.000000
842.038147 900.000000 1.000000
1303.868896 900.000000 1.000000
909.888123 900.000000 1.000000
1101.966064 900.000000 1.000000
728.150330 900.000000 1.000000
803.204102 900.000000 1.000000
770.471924 900.000000 1.000000
901.814758 900.000000 1.000000
688.719727 900.000000 1.000000
1435.892822 900.000000 1.000000
936.228577 900.000000 1.000000
1171.695923 900.000000 1.000000
1485.371094 900.000000 1.000000
941.810120 900.000000 1.000000
946.327332 900.000000 1.000000
993.758301 900.000000 1.000000
1779.950928 900.000000 1.000000
1025.380737 900.000000 1.000000
1085.239502 900.000000 1.000000
1126.992920 900.000000 1.000000
664.015015 900.000000 1.000000
897.322388 900.000000 1.000000
1366.295898 900.000000 1.000000
1341.300537 900.000000 1.000000
3566.495605 900.000000 1.000000
810.807678 900.000000 1.000000
765.742859 900.000000 1.000000
822.223633 900.000000 1.000000
987.075317 900.000000 1.000000
1005.562439 900.000000 1.000000
964.509216 900.000000 1.000000
858.480225 900.000000 1.000000
1201.463501 900.000000 1.000000
727.305664 900.000000 1.000000
847.749451 900.000000 1.000000
880.748962 900.000000 1.000000
1196.273071 900.000000 1.000000
1097.847290 900.000000 1.000000
724.332397 900.000000 1.000000
2028.874878 900.000000 1.000000
1342.202759 900.000000 1.000000
794.204163 900.000000 1.000000
1502.497803 900.000000 1.000000
891.134949 900.000000 1.000000
655.862549 900.000000 1.000000
977.037109 900.000000 1.000000
1045.281860 900.000000 1.000000
798.282532 900.000000 1.000000
1109.133179 900.000000 1.000000
609.094116 900.000000 1.000000
696.033752 900.000000 1.000000
649.899780 900.000000 1.000000
919.942078 900.000000 1.000000
1431.344238 900.000000 1.000000
1781.873291 900.000000 1.000000
1685.723999 900.000000 1.000000
1004.961121 900.000000 1.000000
1323.697632 900.000000 1.000000
965.057190 900.000000 1.000000
908.060974 900.000000 1.000000
896.460815 900.000000 1.000000
843.403259 900.000000 1.000000
851.415222 900.000000 1.000000
857.373230 900.000000 1.000000
728.110168 900.000000 1.000000
887.243347 900.000000 1.000000
1198.504761 900.000000 1.000000
1937.999023 900.000000 1.000000
2016.103638 900.000000 1.000000
1543.107666 900.000000 1.000000
753.851135 900.000000 1.000000
1077.632935 900.000000 1.000000
1165.017822 900.000000 1.000000
1139.133301 900.000000 1.000000
921.473633 900.000000 1.000000
932.549561 900.000000 1.000000
807.009460 900.000000 1.000000
974.738220 900.000000 1.000000
1181.372437 900.000000 1.000000
977.174377 900.000000 1.000000
1243.208984 900.000000 1.000000
910.479187 900.000000 1.000000
1344.943115 900.000000 1.000000
805.466187 900.000000 1.000000
1110.987305 900.000000 1.000000
1352.702271 900.000000 1.000000
841.702332 900.000000 1.000000
788.680176 900.000000 1.000000
994.748352 900.000000 1.000000
800.512024 900.000000 1.000000
830.543335 900.000000 1.000000
1535.805298 900.000000 1.000000
1150.817383 900.000000 1.000000
1168.025024 900.000000 1.000000
1217.683716 900.000000 1.000000
1580.313477 900.000000 1.000000
843.617126 900.000000 1.000000
897.288757 900.000000 1.000000
909.074646 900.000000 1.000000
764.881592 900.000000 1.000000
978.330933 900.000000 1.000000
647.869873 900.000000 1.000000
2192.374268 900.000000 1.000000
880.344604 900.000000 1.000000
589.333313 900.000000 1.000000
835.570618 900.000000 1.000000
912.583252 900.000000 1.000000
1187.342407 900.000000 1.000000
693.533142 900.000000 1.000000
889.578369 900.000000 1.000000
1237.834595 900.000000 1.000000
846.382874 900.000000 1.000000
842.932739 900.000000 1.000000
820.260559 900.000000 1.000000
1148.918945 900.000000 1.000000
815.880676 900.000000 1.000000
1654.676758 900.000000 1.000000
1311.550903 900.000000 1.000000
920.802917 900.000000 1.000000
1122.039917 900.000000 1.000000
1146.529175 900.000000 1.000000
2157.931641 900.000000 1.000000
3102.214844 900.000000 1.000000
1511.982666 900.000000 1.000000
664.489685 900.000000 1.000000
836.150452 900.000000 1.000000
866.067078 900.000000 1.000000
771.425720 900.000000 1.000000
940.668396 900.000000 1.000000
1009.239319 900.000000 1.000000
1535.832886 900.000000 1.000000
1003.129639 900.000000 1.000000
1661.639038 900.000000 1.000000
768.346313 900.000000 1.000000
1189.553345 900.000000 1.000000
1451.972168 900.000000 1.000000
975.914124 900.000000 1.000000
1495.087036 900.000000 1.000000
1477.138428 900.000000 1.000000
1020.914001 900.000000 1.000000
1176.305542 900.000000 1.000000
823.105225 900.000000 1.000000
916.799683 900.000000 1.000000
990.324280 900.000000 1.000000
1392.863403 900.000000 1.000000
1023.773926 900.000000 1.000000
1043.955200 900.000000 1.000000
959.965820 900.000000 1.000000
1021.494263 900.000000 1.000000
1267.661255 900.000000 1.000000
1578.337524 900.000000 1.000000
1335.272705 900.000000 1.000000
1278.273071 900.000000 1.000000
827.099854 900.000000 1.000000
717.689575 900.000000 1.000000
767.972229 900.000000 1.000000
851.417297 900.000000 1.000000
1217.804199 900.000000 1.000000
1347.690918 900.000000 1.000000
903.097839 900.000000 1.000000
1175.095337 900.000000 1.000000
943.871521 900.000000 1.000000
858.942383 900.000000 1.000000
1233.425903 900.000000 1.000000
929.257385 900.000000 1.000000
959.990051 900.000000 1.000000
1025.463013 900.000000 1.000000
1094.590088 900.000000 1.000000
816.208374 900.000000 1.000000
708.806030 900.000000 1.000000
920.556091 900.000000 1.000000
841.376831 900.000000 1.000000
1694.795654 900.000000 1.000000
775.795166 900.000000 1.000000
847.598145 900.000000 1.000000
1050.740234 900.000000 1.000000
817.017700 900.000000 1.000000
838.611023 900.000000 1.000000
2405.447754 900.000000 1.000000
994.478210 900.000000 1.000000
798.599365 900.000000 1.000000
2039.078735 900.000000 1.000000
1044.036987 900.000000 1.000000
995.469421 900.000000 1.000000
975.351868 900.000000 1.000000
1162.043579 900.000000 1.000000
886.607910 900.000000 1.000000
658.706665 900.000000 1.000000
1432.240723 900.000000 1.000000
2462.927246 900.000000 1.000000
868.668152 900.000000 1.000000
1240.738037 900.000000 1.000000
1095.122070 900.000000 1.000000
916.381836 900.000000 1.000000
1904.774048 900.000000 1.000000
1429.440674 900.000000 1.000000
855.869141 900.000000 1.000000
722.223633 900.000000 1.000000
1214.112305 900.000000 1.000000
1022.426636 900.000000 1.000000
991.145996 900.000000 1.000000
1075.842651 900.000000 1.000000
825.282410 900.000000 1.000000
917.776428 900.000000 1.000000
1221.104248 900.000000 1.000000
1623.173950 900.000000 1.000000
1045.850830 900.000000 1.000000
1594.192017 900.000000 1.000000
1793.916382 900.000000 1.000000
1115.533203 900.000000 1.000000
1685.402954 900.000000 1.000000
1149.535889 900.000000 1.000000
1054.068726 900.000000 1.000000
1149.791504 900.000000 1.000000
1226.406128 900.000000 1.000000
899.087952 900.000000 1.000000
3152.041260 900.000000 1.000000
1452.273682 900.000000 1.000000
1126.171265 900.000000 1.000000
1205.596558 900.000000 1.000000
883.164917 900.000000 1.000000
844.488708 900.000000 1.000000
975.852539 900.000000 1.000000
1579.040649 900.000000 1.000000
751.902283 900.000000 1.000000
1111.489380 900.000000 1.000000
833.222290 900.000000 1.000000
1092.963623 900.000000 1.000000
1087.447754 900.000000 1.000000
2167.374756 900.000000 1.000000
1293.410400 900.000000 1.000000
825.356384 900.000000 1.000000
1361.047485 900.000000 1.000000
878.546326 900.000000 1.000000
940.301941 900.000000 1.000000
946.490295 900.000000 1.000000
1439.440308 900.000000 1.000000
1082.318726 900.000000 1.000000
1284.365234 900.000000 1.000000
711.735718 900.000000 1.000000
1104.227905 900.000000 1.000000
1631.951416 900.000000 1.000000
884.189026 900.000000 1.000000
1122.393555 900.000000 1.000000
809.235352 900.000000 1.000000
2120.213867 900.000000 1.000000
847.245239 900.000000 1.000000
799.347839 900.000000 1.000000
1203.134155 900.000000 1.000000
887.300842 900.000000 1.000000
1259.893921 900.000000 1.000000
1147.196655 900.000000 1.000000
1091.878418 900.000000 1.000000
966.745056 900.000000 1.000000
676.839966 900.000000 1.000000
894.916504 900.000000 1.000000
1283.177368 900.000000 1.000000
763.236572 900.000000 1.000000
856.447083 900.000000 1.000000
1024.401245 900.000000 1.000000
779.926941 900.000000 1.000000
1133.938721 900.000000 1.000000
1773.153564 900.000000 1.000000
1059.725464 900.000000 1.000000
787.765930 900.000000 1.000000
1359.748413 900.000000 1.000000
1641.319824 900.000000 1.000000
858.439148 900.000000 1.000000
1227.423096 900.000000 1.000000
1019.879456 900.000000 1.000000
814.977295 900.000000 1.000000
1788.605103 900.000000 1.000000
984.568359 900.000000 1.000000
1195.490845 900.000000 1.000000
1384.408447 900.000000 1.000000
1025.007568 900.000000 1.000000
762.396729 900.000000 1.000000
1027.977417 900.000000 1.000000
1084.819214 900.000000 1.000000
751.526855 900.000000 1.000000
1327.342041 900.000000 1.000000
876.109985 900.000000 1.000000
992.317078 900.000000 1.000000
858.634827 900.000000 1.000000
711.329102 900.000000 1.000000
712.791138 900.000000 1.000000
850.396667 900.000000 1.000000
863.178467 900.000000 1.000000
930.330322 900.000000 1.000000
652.044617 900.000000 1.000000
1086.569580 900.000000 1.000000
1051.701904 900.000000 1.000000
784.113708 900.000000 1.000000
922.724854 900.000000 1.000000
769.609802 900.000000 1.000000
976.823975 900.000000 1.000000
927.822571 900.000000 1.000000
1075.901978 900.000000 1.000000
900.460571 900.000000 1.000000
903.102844 900.000000 1.000000
1055.008423 900.000000 1.000000
972.208923 900.000000 1.000000
1638.433716 900.000000 1.000000
681.436218 900.000000 1.000000
1056.683350 900.000000 1.000000
1836.375244 900.000000 1.000000
659.825867 900.000000 1.000000
1499.898193 900.000000 1.000000
2103.400879 900.000000 1.000000
1095.877197 900.000000 1.000000
2578.068848 900.000000 1.000000
2572.155518 900.000000 1.000000
896.968689 900.000000 1.000000
986.393127 900.000000 1.000000
1355.449219 900.000000 1.000000
1730.985107 900.000000 1.000000
911.857849 900.000000 1.000000
901.356689 900.000000 1.000000
969.990967 900.000000 1.000000
674.530762 900.000000 1.000000
1204.403687 900.000000 1.000000
791.992310 900.000000 1.000000
1420.991821 900.000000 1.000000
850.721069 900.000000 1.000000
1050.721069 900.000000 1.000000
955.424805 900.000000 1.000000
835.559692 900.000000 1.000000
976.113403 900.000000 1.000000
915.467224 900.000000 1.000000
812.223206 900.000000 1.000000
932.555481 900.000000 1.000000
963.984985 900.000000 1.000000
1561.973999 900.000000 1.000000
1524.270386 900.000000 1.000000
801.522888 900.000000 1.000000
625.644958 900.000000 1.000000
940.580200 900.000000 1.000000
961.351868 900.000000 1.000000
856.137390 900.000000 1.000000
1251.185425 900.000000 1.000000
962.603271 900.000000 1.000000
784.234741 900.000000 1.000000
1003.048523 900.000000 1.000000
915.712219 900.000000 1.000000
808.685059 900.000000 1.000000
484.244385 900.000000 1.000000
876.374695 900.000000 1.000000
713.328491 900.000000 1.000000
824.388611 900.000000 1.000000
921.308105 900.000000 1.000000
1361.442383 900.000000 1.000000
1058.944458 900.000000 1.000000
2548.010742 900.000000 1.000000
828.017273 900.000000 1.000000
995.594421 900.000000 1.000000
1017.486023 900.000000 1.000000
1528.078247 900.000000 1.000000
936.571838 900.000000 1.000000
819.257935 900.000000 1.000000
2558.255615 900.000000 1.000000
846.848022 900.000000 1.000000
838.695618 900.000000 1.000000
1192.095947 900.000000 1.000000
773.137634 900.000000 1.000000
896.322327 900.000000 1.000000
1092.881470 900.000000 1.000000
868.721741 900.000000 1.000000
1257.050537 900.000000 1.000000
562.477478 900.000000 1.000000
1827.298096 900.000000 1.000000
861.173462 900.000000 1.000000
889.348877 900.000000 1.000000
1020.268982 900.000000 1.000000
1190.734375 900.000000 1.000000
1128.945190 900.000000 1.000000
1050.243530 900.000000 1.000000
894.194092 900.000000 1.000000
883.933838 900.000000 1.000000
855.296997 900.000000 1.000000
1408.725220 900.000000 1.000000
921.228333 900.000000 1.000000
1379.878296 900.000000 1.000000
929.245667 900.000000 1.000000
992.300049 900.000000 1.000000
1082.604980 900.000000 1.000000
1219.648193 900.000000 1.000000
754.251648 900.000000 1.000000
1641.919922 900.000000 1.000000
1292.545532 900.000000 1.000000
941.536438 900.000000 1.000000
1104.297607 900.000000 1.000000
956.932617 900.000000 1.000000
758.528809 900.000000 1.000000
941.049133 900.000000 1.000000
956.592712 900.000000 1.000000
817.864197 900.000000 1.000000
922.498901 900.000000 1.000000
1420.488159 900.000000 1.000000
1386.803345 900.000000 1.000000
869.209656 900.000000 1.000000
586.332458 900.000000 1.000000
1262.188721 900.000000 1.000000
1038.294189 900.000000 1.000000
674.557007 900.000000 1.000000
1068.495972 900.000000 1.000000
952.534912 900.000000 1.000000
948.808228 900.000000 1.000000
1013.080627 900.000000 1.000000
725.267517 900.000000 1.000000
1025.822144 900.000000 1.000000
1008.656189 900.000000 1.000000
1256.856445 900.000000 1.000000
1519.266479 900.000000 1.000000
1136.933594 900.000000 1.000000
1053.675293 900.000000 1.000000
790.610535 900.000000 1.000000
932.732605 900.000000 1.000000
1737.843384 900.000000 1.000000
836.221619 900.000000 1.000000
1585.275635 900.000000 1.000000
823.456604 900.000000 1.000000
2045.425171 900.000000 1.000000
926.217407 900.000000 1.000000
1262.303589 900.000000 1.000000
1201.173340 900.000000 1.000000
819.603821 900.000000 1.000000
821.807617 900.000000 1.000000
1100.790283 900.000000 1.000000
859.979004 900.000000 1.000000
836.981934 900.000000 1.000000
920.557678 900.000000 1.000000
871.760925 900.000000 1.000000
1047.955566 900.000000 1.000000
824.461304 900.000000 1.000000
1180.946655 900.000000 1.000000
911.003479 900.000000 1.000000
1127.718384 900.000000 1.000000
858.795532 900.000000 1.000000
732.870850 900.000000 1.000000
886.612183 900.000000 1.000000
1480.167725 900.000000 1.000000
959.392883 900.000000 1.000000
2524.293701 900.000000 1.000000
1016.213318 900.000000 1.000000
995.063110 900.000000 1.000000
912.802490 900.000000 1.000000
1024.104004 900.000000 1.000000
1924.084717 900.000000 1.000000
1337.222290 900.000000 1.000000
927.523193 900.000000 1.000000
841.299561 900.000000 1.000000
1433.685547 900.000000 1.000000
1169.688110 900.000000 1.000000
1040.202026 900.000000 1.000000
1129.328735 900.000000 1.000000
1099.294189 900.000000 1.000000
1424.175781 900.000000 1.000000
794.876953 900.000000 1.000000
968.998108 900.000000 1.000000
973.403076 900.000000 1.000000
867.554016 900.000000 1.000000
1447.492554 900.000000 1.000000
1443.008423 900.000000 1.000000
780.004089 900.000000 1.000000
918.320496 900.000000 1.000000
908.212097 900.000000 1.000000
959.380249 900.000000 1.000000
748.924011 900.000000 1.000000
1779.917603 900.000000 1.000000
929.380737 900.000000 1.000000
844.469543 900.000000 1.000000
3166.853271 900.000000 1.000000
858.515625 900.000000 1.000000
1324.149048 900.000000 1.000000
955.867981 900.000000 1.000000
1515.669922 900.000000 1.000000
1004.623413 900.000000 1.000000
1312.144531 900.000000 1.000000
1633.018799 900.000000 1.000000
1379.217285 900.000000 1.000000
640.002197 900.000000 1.000000
774.283569 900.000000 1.000000
828.432434 900.000000 1.000000
1011.086121 900.000000 1.000000
871.283447 900.000000 1.000000
773.969055 900.000000 1.000000
1033.842529 900.000000 1.000000
1051.336548 900.000000 1.000000
990.888000 900.000000 1.000000
799.860413 900.000000 1.000000
1035.570801 900.000000 1.000000
1741.802734 900.000000 1.000000
1629.277100 900.000000 1.000000
796.592529 900.000000 1.000000
931.731384 900.000000 1.000000
848.171997 900.000000 1.000000
766.445618 900.000000 1.000000
1393.349487 900.000000 1.000000
967.988159 900.000000 1.000000
1068.878784 900.000000 1.000000
1436.720947 900.000000 1.000000
3588.696289 900.000000 1.000000
992.230164 900.000000 1.000000
806.917053 900.000000 1.000000
944.274353 900.000000 1.000000
805.157227 900.000000 1.000000
982.554871 900.000000 1.000000
1000.044128 900.000000 1.000000
1555.013916 900.000000 1.000000
1050.295532 900.000000 1.000000
1005.303650 900.000000 1.000000
1681.380127 900.000000 1.000000
894.080139 900.000000 1.000000
1145.406250 900.000000 1.000000
1535.697632 900.000000 1.000000
900.529297 900.000000 1.000000
859.553101 900.000000 1.000000
997.768738 900.000000 1.000000
1274.537842 900.000000 1.000000
907.562378 900.000000 1.000000
1508.396729 900.000000 1.000000
882.943176 900.000000 1.000000
1066.519287 900.000000 1.000000
1019.916931 900.000000 1.000000
1189.490845 900.000000 1.000000
434.277039 900.000000 1.000000
745.234680 900.000000 1.000000
1277.420776 900.000000 1.000000
765.541077 900.000000 1.000000
810.214539 900.000000 1.000000
917.443298 900.000000 1.000000
1438.632080 900.000000 1.000000
1328.436523 900.000000 1.000000
916.890198 900.000000 1.000000
997.196167 900.000000 1.000000
1130.812012 900.000000 1.000000
1659.956055 900.000000 1.000000
824.394836 900.000000 1.000000
1030.690063 900.000000 1.000000
2069.857666 900.000000 1.000000
841.747253 900.000000 1.000000
588.312317 900.000000 1.000000
1203.782349 900.000000 1.000000
848.109680 900.000000 1.000000
1256.280151 900.000000 1.000000
1271.099365 900.000000 1.000000
1662.902222 900.000000 1.000000
804.448730 900.000000 1.000000
1021.622253 900.000000 1.000000
945.516907 900.000000 1.000000
1149.479248 900.000000 1.000000
1114.162720 900.000000 1.000000
1923.067139 900.000000 1.000000
820.290344 900.000000 1.000000
832.475403 900.000000 1.000000
1683.868042 900.000000 1.000000
728.372986 900.000000 1.000000
920.485046 900.000000 1.000000
795.851013 900.000000 1.000000
1010.225342 900.000000 1.000000
1003.177185 900.000000 1.000000
1159.261353 900.000000 1.000000
1197.460571 900.000000 1.000000
1139.871704 900.000000 1.000000
833.934387 900.000000 1.000000
1150.509766 900.000000 1.000000
1751.461182 900.000000 1.000000
823.547302 900.000000 1.000000
1044.563232 900.000000 1.000000
876.928284 900.000000 1.000000
839.542480 900.000000 1.000000
671.963257 900.000000 1.000000
914.537354 900.000000 1.000000
643.534180 900.000000 1.000000
1670.821167 900.000000 1.000000
1118.202026 900.000000 1.000000
639.246094 900.000000 1.000000
1185.116821 900.000000 1.000000
872.014221 900.000000 1.000000
798.772461 900.000000 1.000000
2589.171631 900.000000 1.000000
2302.764160 900.000000 1.000000
868.809998 900.000000 1.000000
822.648010 900.000000 1.000000
817.868286 900.000000 1.000000
1426.448730 900.000000 1.000000
1479.127808 900.000000 1.000000
795.057373 900.000000 1.000000
2344.610596 900.000000 1.000000
862.889221 900.000000 1.000000
850.677917 900.000000 1.000000
873.445312 900.000000 1.000000
1218.184814 900.000000 1.000000
1714.031006 900.000000 1.000000
1037.540161 900.000000 1.000000
1587.885010 900.000000 1.000000
784.283081 900.000000 1.000000
914.732422 900.000000 1.000000
578.145813 900.000000 1.000000
876.063843 900.000000 1.000000
1242.557495 900.000000 1.000000
1065.268677 900.000000 1.000000
806.720886 900.000000 1.000000
944.466614 900.000000 1.000000
2469.954102 900.000000 1.000000
872.707092 900.000000 1.000000
844.878784 900.000000 1.000000
1194.902222 900.000000 1.000000
856.662903 900.000000 1.000000
1087.737305 900.000000 1.000000
1113.893188 900.000000 1.000000
1672.332520 900.000000 1.000000
738.348450 900.000000 1.000000
933.432373 900.000000 1.000000
1066.441040 900.000000 1.000000
827.628662 900.000000 1.000000
2494.251709 900.000000 1.000000
779.469177 900.000000 1.000000
777.786438 900.000000 1.000000
1486.870728 900.000000 1.000000
952.357849 900.000000 1.000000
1038.888428 900.000000 1.000000
789.936401 900.000000 1.000000
940.640198 900.000000 1.000000
1318.450684 900.000000 1.000000
1064.048828 900.000000 1.000000
2291.871338 900.000000 1.000000
1014.846863 900.000000 1.000000
701.526367 900.000000 1.000000
844.172485 900.000000 1.000000
1258.674683 900.000000 1.000000
822.628723 900.000000 1.000000
1040.779053 900.000000 1.000000
1145.501221 900.000000 1.000000
1336.468262 900.000000 1.000000
541.394043 900.000000 1.000000
1565.945557 900.000000 1.000000
1323.058716 900.000000 1.000000
1088.378540 900.000000 1.000000
1288.314819 900.000000 1.000000
676.169006 900.000000 1.000000
497.749054 900.000000 1.000000
1072.284302 900.000000 1.000000
1207.135864 900.000000 1.000000
885.506409 900.000000 1.000000
971.245544 900.000000 1.000000
1027.861694 900.000000 1.000000
1551.747681 900.000000 1.000000
947.699890 900.000000 1.000000
1600.604614 900.000000 1.000000
781.443848 900.000000 1.000000
792.201660 900.000000 1.000000
1104.033936 900.000000 1.000000
1224.399414 900.000000 1.000000
716.209412 900.000000 1.000000
972.164490 900.000000 1.000000
759.283142 900.000000 1.000000
1091.808228 900.000000 1.000000
918.470825 900.000000 1.000000
789.477661 900.000000 1.000000
2057.895264 900.000000 1.000000
707.283630 900.000000 1.000000
972.410278 900.000000 1.000000
895.723450 900.000000 1.000000
991.907532 900.000000 1.000000
1051.129517 900.000000 1.000000
774.407104 900.000000 1.000000
1176.703857 900.000000 1.000000
826.225220 900.000000 1.000000
1391.115845 900.000000 1.000000
816.749878 900.000000 1.000000
882.765564 900.000000 1.000000
2098.108643 900.000000 1.000000
1393.503052 900.000000 1.000000
762.947571 900.000000 1.000000
754.857361 900.000000 1.000000
1008.984741 900.000000 1.000000
2311.828125 900.000000 1.000000
1447.351318 900.000000 1.000000
902.053101 900.000000 1.000000
727.430603 900.000000 1.000000
937.235046 900.000000 1.000000
2535.523438 900.000000 1.000000
984.624084 900.000000 1.000000
1025.298462 900.000000 1.000000
1855.604980 900.000000 1.000000
917.579163 900.000000 1.000000
1930.646240 900.000000 1.000000
1055.384766 900.000000 1.000000
987.269775 900.000000 1.000000
988.940796 900.000000 1.000000
796.930420 900.000000 1.000000
951.011169 900.000000 1.000000
1111.633545 900.000000 1.000000
846.430115 900.000000 1.000000
1906.187134 900.000000 1.000000
920.690857 900.000000 1.000000
895.963928 900.000000 1.000000
686.452637 900.000000 1.000000
1228.535156 900.000000 1.000000
920.056763 900.000000 1.000000
1460.887695 900.000000 1.000000
762.288635 900.000000 1.000000
1010.908142 900.000000 1.000000
861.426331 900.000000 1.000000
934.467285 900.000000 1.000000
1251.131714 900.000000 1.000000
909.946045 900.000000 1.000000
997.725464 900.000000 1.000000
1223.590698 900.000000 1.000000
821.360107 900.000000 1.000000
904.098083 900.000000 1.000000
866.280396 900.000000 1.000000
975.575317 900.000000 1.000000
797.211731 900.000000 1.000000
1143.529419 900.000000 1.000000
1010.094604 900.000000 1.000000
1211.682983 900.000000 1.000000
819.663391 900.000000 1.000000
893.610840 900.000000 1.000000
820.174866 900.000000 1.000000
1662.252930 900.000000 1.000000
1656.526855 900.000000 1.000000
2767.573242 900.000000 1.000000
748.049805 900.000000 1.000000
886.827026 900.000000 1.000000
1017.798950 900.000000 1.000000
1402.612061 900.000000 1.000000
2944.482422 900.000000 1.000000
1546.513184 900.000000 1.000000
1614.423584 900.000000 1.000000
1120.866821 900.000000 1.000000
870.960266 900.000000 1.000000
2831.495605 900.000000 1.000000
991.781433 900.000000 1.000000
1839.502319 900.000000 1.000000
1493.561646 900.000000 1.000000
898.193298 900.000000 1.000000
921.778687 900.000000 1.000000
987.280945 900.000000 1.000000
810.241028 900.000000 1.000000
2425.789062 900.000000 1.000000
815.779541 900.000000 1.000000
933.312622 900.000000 1.000000
1464.439209 900.000000 1.000000
958.996094 900.000000 1.000000
906.761230 900.000000 1.000000
877.885620 900.000000 1.000000
880.196899 900.000000 1.000000
2178.525391 900.000000 1.000000
896.056885 900.000000 1.000000
1702.955566 900.000000 1.000000
640.094482 900.000000 1.000000
1598.028687 900.000000 1.000000
1241.737549 900.000000 1.000000
898.938049 900.000000 1.000000
882.052063 900.000000 1.000000
1014.378113 900.000000 1.000000
991.909058 900.000000 1.000000
1079.095947 900.000000 1.000000
878.551575 900.000000 1.000000
861.257324 900.000000 1.000000
1025.781616 900.000000 1.000000
1348.495361 900.000000 1.000000
1418.139160 900.000000 1.000000
1044.853882 900.000000 1.000000
1795.617432 900.000000 1.000000
1899.398315 900.000000 1.000000
1254.924194 900.000000 1.000000
834.657410 900.000000 1.000000
1687.823364 900.000000 1.000000
1552.848389 900.000000 1.000000
1672.747437 900.000000 1.000000
845.064087 900.000000 1.000000
783.953064 900.000000 1.000000
1520.876953 900.000000 1.000000
786.691101 900.000000 1.000000
926.835876 900.000000 1.000000
1107.533325 900.000000 1.000000
952.022766 900.000000 1.000000
860.016357 900.000000 1.000000
1553.413818 900.000000 1.000000
1209.846191 900.000000 1.000000
910.205750 900.000000 1.000000
850.672791 900.000000 1.000000
1293.970337 900.000000 1.000000
2429.577148 900.000000 1.000000
902.725830 900.000000 1.000000
1568.947876 900.000000 1.000000
712.876526 900.000000 1.000000
1181.490234 900.000000 1.000000
1994.100830 900.000000 1.000000
787.861145 900.000000 1.000000
847.425659 900.000000 1.000000
743.307922 900.000000 1.000000
786.412720 900.000000 1.000000
925.967834 900.000000 1.000000
883.374023 900.000000 1.000000
915.311951 900.000000 1.000000
1520.962646 900.000000 1.000000
1720.604004 900.000000 1.000000
1074.581787 900.000000 1.000000
742.901123 900.000000 1.000000
902.276733 900.000000 1.000000
1154.872925 900.000000 1.000000
1118.836548 900.000000 1.000000
971.738220 900.000000 1.000000
2267.175049 900.000000 1.000000
835.807312 900.000000 1.000000
881.657410 900.000000 1.000000
1277.213135 900.000000 1.000000
866.655823 900.000000 1.000000
903.750366 900.000000 1.000000
1378.388672 900.000000 1.000000
1543.817261 900.000000 1.000000
491.423676 900.000000 1.000000
1089.631104 900.000000 1.000000
2251.301270 900.000000 1.000000
977.539612 900.000000 1.000000
900.529236 900.000000 1.000000
1105.269165 900.000000 1.000000
962.273254 900.000000 1.000000
989.632935 900.000000 1.000000
863.863770 900.000000 1.000000
992.675110 900.000000 1.000000
1256.331909 900.000000 1.000000
994.506104 900.000000 1.000000
1297.111206 900.000000 1.000000
1220.786621 900.000000 1.000000
1011.839844 900.000000 1.000000
785.342590 900.000000 1.000000
725.604248 900.000000 1.000000
895.380615 900.000000 1.000000
1476.680542 900.000000 1.000000
1252.448486 900.000000 1.000000
963.948303 900.000000 1.000000
762.491394 900.000000 1.000000
683.729614 900.000000 1.000000
1314.291992 900.000000 1.000000
1052.372681 900.000000 1.000000
836.160828 900.000000 1.000000
836.510803 900.000000 1.000000
1116.739502 900.000000 1.000000
807.900757 900.000000 1.000000
923.420471 900.000000 1.000000
839.948120 900.000000 1.000000
1051.910767 900.000000 1.000000
1015.232971 900.000000 1.000000
1012.609375 900.000000 1.000000
846.489197 900.000000 1.000000
854.377136 900.000000 1.000000
908.032288 900.000000 1.000000
852.963135 900.000000 1.000000
836.658447 900.000000 1.000000
1418.391968 900.000000 1.000000
920.948181 900.000000 1.000000
857.897217 900.000000 1.000000
1022.648376 900.000000 1.000000
785.277527 900.000000 1.000000
933.766174 900.000000 1.000000
978.318726 900.000000 1.000000
2767.991211 900.000000 1.000000
1207.173218 900.000000 1.000000
1978.316284 900.000000 1.000000
1405.053711 900.000000 1.000000
811.213074 900.000000 1.000000
1163.106689 900.000000 1.000000
934.061157 900.000000 1.000000
819.774475 900.000000 1.000000
1174.351196 900.000000 1.000000
743.806519 900.000000 1.000000
1414.195190 900.000000 1.000000
863.748230 900.000000 1.000000
1331.580322 900.000000 1.000000
845.198853 900.000000 1.000000
971.340271 900.000000 1.000000
1110.536865 900.000000 1.000000
1251.180298 900.000000 1.000000
1155.711670 900.000000 1.000000
1360.064697 900.000000 1.000000
961.428284 900.000000 1.000000
981.743164 900.000000 1.000000
876.877441 900.000000 1.000000
1331.344604 900.000000 1.000000
939.345886 900.000000 1.000000
1750.046997 900.000000 1.000000
834.593567 900.000000 1.000000
1802.985474 900.000000 1.000000
1210.224609 900.000000 1.000000
1473.074097 900.000000 1.000000
1549.374146 900.000000 1.000000
755.090393 900.000000 1.000000
989.354309 900.000000 1.000000
1011.346863 900.000000 1.000000
808.787476 900.000000 1.000000
917.981934 900.000000 1.000000
912.643921 900.000000 1.000000
1179.558716 900.000000 1.000000
839.693481 900.000000 1.000000
831.427551 900.000000 1.000000
1843.094482 900.000000 1.000000
1320.848511 900.000000 1.000000
806.214844 900.000000 1.000000
1180.489746 900.000000 1.000000
1019.159668 900.000000 1.000000
972.046021 900.000000 1.000000
899.232239 900.000000 1.000000
1046.127563 900.000000 1.000000
1740.931519 900.000000 1.000000
2627.466064 900.000000 1.000000
1024.051758 900.000000 1.000000
896.387939 900.000000 1.000000
997.587402 900.000000 1.000000
1151.132446 900.000000 1.000000
738.641052 900.000000 1.000000
1723.891602 900.000000 1.000000
986.114929 900.000000 1.000000
889.509460 900.000000 1.000000
1049.923584 900.000000 1.000000
801.077454 900.000000 1.000000
1468.457886 900.000000 1.000000
2127.296143 900.000000 1.000000
689.494385 900.000000 1.000000
811.406494 900.000000 1.000000
1353.820068 900.000000 1.000000
901.546082 900.000000 1.000000
734.677673 900.000000 1.000000
745.566589 900.000000 1.000000
615.128052 900.000000 1.000000
1413.756592 900.000000 1.000000
1543.123901 900.000000 1.000000
2367.361816 900.000000 1.000000
754.332825 900.000000 1.000000
1187.126221 900.000000 1.000000
940.484924 900.000000 1.000000
1005.158081 900.000000 1.000000
1038.320190 900.000000 1.000000
891.038513 900.000000 1.000000
875.349243 900.000000 1.000000
1114.052612 900.000000 1.000000
848.233887 900.000000 1.000000
1167.010010 900.000000 1.000000
1237.524170 900.000000 1.000000
819.393005 900.000000 1.000000
825.313721 900.000000 1.000000
1164.464722 900.000000 1.000000
709.736694 900.000000 1.000000
863.003052 900.000000 1.000000
771.496643 900.000000 1.000000
1819.276733 900.000000 1.000000
888.352051 900.000000 1.000000
1443.764404 900.000000 1.000000
872.250183 900.000000 1.000000
1770.168579 900.000000 1.000000
851.616150 900.000000 1.000000
1055.693481 900.000000 1.000000
1205.383179 900.000000 1.000000
1283.565918 900.000000 1.000000
592.782349 900.000000 1.000000
1756.731689 900.000000 1.000000
1012.010132 900.000000 1.000000
835.730347 900.000000 1.000000
814.695129 900.000000 1.000000
1042.019287 900.000000 1.000000
1115.998169 900.000000 1.000000
981.414368 900.000000 1.000000
941.998169 900.000000 1.000000
847.672119 900.000000 1.000000
1653.567383 900.000000 1.000000
883.227844 900.000000 1.000000
1044.681152 900.000000 1.000000
832.001831 900.000000 1.000000
785.052612 900.000000 1.000000
837.433167 900.000000 1.000000
1014.656738 900.000000 1.000000
955.151855 900.000000 1.000000
935.473450 900.000000 1.000000
1050.259766 900.000000 1.000000
1060.569458 900.000000 1.000000
1442.703491 900.000000 1.000000
1131.245117 900.000000 1.000000
853.301636 900.000000 1.000000
879.031311 900.000000 1.000000
900.108948 900.000000 1.000000
1125.772705 900.000000 1.000000
1136.690430 900.000000 1.000000
1866.616699 900.000000 1.000000
1270.391724 900.000000 1.000000
991.453491 900.000000 1.000000
1222.967529 900.000000 1.000000
788.887329 900.000000 1.000000
823.502258 900.000000 1.000000
1180.317139 900.000000 1.000000
861.214294 900.000000 1.000000
1270.262817 900.000000 1.000000
1015.410950 900.000000 1.000000
1599.161743 900.000000 1.000000
1257.464600 900.000000 1.000000
2379.687744 900.000000 1.000000
1050.815552 900.000000 1.000000
964.152649 900.000000 1.000000
1363.484741 900.000000 1.000000
3327.300781 900.000000 1.000000
915.059631 900.000000 1.000000
636.823181 900.000000 1.000000
1081.013794 900.000000 1.000000
1553.844116 900.000000 1.000000
826.188538 900.000000 1.000000
1284.399048 900.000000 1.000000
1065.736694 900.000000 1.000000
843.403442 900.000000 1.000000
824.216553 900.000000 1.000000
983.963196 900.000000 1.000000
1565.595581 900.000000 1.000000
684.701660 900.000000 1.000000
767.291443 900.000000 1.000000
839.225891 900.000000 1.000000
1515.605835 900.000000 1.000000
1193.864624 900.000000 1.000000
918.450378 900.000000 1.000000
1428.213867 900.000000 1.000000
1068.613892 900.000000 1.000000
687.539246 900.000000 1.000000
1455.259277 900.000000 1.000000
674.266968 900.000000 1.000000
862.982544 900.000000 1.000000
1228.057373 900.000000 1.000000
1324.566162 900.000000 1.000000
1436.715088 900.000000 1.000000
1230.039917 900.000000 1.000000
2267.499268 900.000000 1.000000
1436.319702 900.000000 1.000000
902.823853 900.000000 1.000000
939.664429 900.000000 1.000000
911.559509 900.000000 1.000000
656.896545 900.000000 1.000000
762.352112 900.000000 1.000000
1837.652100 900.000000 1.000000
969.504822 900.000000 1.000000
900.767761 900.000000 1.000000
883.922791 900.000000 1.000000
778.934631 900.000000 1.000000
1097.991089 900.000000 1.000000
938.208618 900.000000 1.000000
886.221619 900.000000 1.000000
1071.532471 900.000000 1.000000
1480.818237 900.000000 1.000000
1063.753662 900.000000 1.000000
1765.629883 900.000000 1.000000
915.868408 900.000000 1.000000
794.243958 900.000000 1.000000
1404.411743 900.000000 1.000000
1211.193848 900.000000 1.000000
1002.595459 900.000000 1.000000
1180.381226 900.000000 1.000000
1553.090454 900.000000 1.000000
888.455688 900.000000 1.000000
755.899048 900.000000 1.000000
1101.175293 900.000000 1.000000
966.222046 900.000000 1.000000
911.410034 900.000000 1.000000
1231.797729 900.000000 1.000000
704.507935 900.000000 1.000000
814.432312 900.000000 1.000000
776.674561 900.000000 1.000000
969.551941 900.000000 1.000000
1251.578369 900.000000 1.000000
1823.758179 900.000000 1.000000
1027.080688 900.000000 1.000000
1033.698608 900.000000 1.000000
1714.445801 900.000000 1.000000
938.389587 900.000000 1.000000
702.206604 900.000000 1.000000
755.539307 900.000000 1.000000
928.689941 900.000000 1.000000
1124.242798 900.000000 1.000000
2136.511963 900.000000 1.000000
675.071472 900.000000 1.000000
1370.740356 900.000000 1.000000
904.991028 900.000000 1.000000
1124.558472 900.000000 1.000000
1633.136841 900.000000 1.000000
871.735474 900.000000 1.000000
963.350220 900.000000 1.000000
826.920654 900.000000 1.000000
1027.818726 900.000000 1.000000
876.211365 900.000000 1.000000
1864.254761 900.000000 1.000000
1004.302490 900.000000 1.000000
1438.358276 900.000000 1.000000
927.168457 900.000000 1.000000
912.141479 900.000000 1.000000
762.829346 900.000000 1.000000
861.552429 900.000000 1.000000
1005.372925 900.000000 1.000000
839.184326 900.000000 1.000000
778.927856 900.000000 1.000000
558.762024 900.000000 1.000000
766.839294 900.000000 1.000000
1020.885132 900.000000 1.000000
968.577759 900.000000 1.000000
1191.059692 900.000000 1.000000
955.717896 900.000000 1.000000
1128.357178 900.000000 1.000000
936.600708 900.000000 1.000000
752.641113 900.000000 1.000000
1317.937134 900.000000 1.000000
967.193542 900.000000 1.000000
973.341736 900.000000 1.000000
1140.366333 900.000000 1.000000
671.800110 900.000000 1.000000
962.004761 900.000000 1.000000
593.787964 900.000000 1.000000
839.608459 900.000000 1.000000
1179.295776 900.000000 1.000000
1424.421021 900.000000 1.000000
1195.761475 900.000000 1.000000
1361.161133 900.000000 1.000000
1100.821777 900.000000 1.000000
1098.720459 900.000000 1.000000
978.740112 900.000000 1.000000
1080.059814 900.000000 1.000000
1081.867798 900.000000 1.000000
1078.688721 900.000000 1.000000
861.710571 900.000000 1.000000
1992.697388 900.000000 1.000000
739.999695 900.000000 1.000000
885.473206 900.000000 1.000000
991.883972 900.000000 1.000000
780.418091 900.000000 1.000000
1088.954468 900.000000 1.000000
1015.687805 900.000000 1.000000
1106.975708 900.000000 1.000000
1424.701172 900.000000 1.000000
812.560791 900.000000 1.000000
917.547241 900.000000 1.000000
1182.721680 900.000000 1.000000
1059.862305 900.000000 1.000000
2379.087891 900.000000 1.000000
1489.537598 900.000000 1.000000
954.922791 900.000000 1.000000
1026.978516 900.000000 1.000000
825.889160 900.000000 1.000000
1024.895508 900.000000 1.000000
953.312500 900.000000 1.000000
1294.285156 900.000000 1.000000
1253.469482 900.000000 1.000000
1044.264771 900.000000 1.000000
1261.493652 900.000000 1.000000
950.239380 900.000000 1.000000
958.321533 900.000000 1.000000
947.718018 900.000000 1.000000
1126.496948 900.000000 1.000000
1043.468750 900.000000 1.000000
1085.233887 900.000000 1.000000
799.942749 900.000000 1.000000
1218.255249 900.000000 1.000000
821.249695 900.000000 1.000000
1198.308960 900.000000 1.000000
951.208496 900.000000 1.000000
970.629333 900.000000 1.000000
2124.741943 900.000000 1.000000
817.349854 900.000000 1.000000
960.542114 900.000000 1.000000
2076.295898 900.000000 1.000000
844.200745 900.000000 1.000000
1029.699585 900.000000 1.000000
1801.296387 900.000000 1.000000
915.454529 900.000000 1.000000
837.520813 900.000000 1.000000
883.778687 900.000000 1.000000
814.068054 900.000000 1.000000
720.519287 900.000000 1.000000
894.265625 900.000000 1.000000
1978.171997 900.000000 1.000000
1006.444214 900.000000 1.000000
1109.095703 900.000000 1.000000
2073.500488 900.000000 1.000000
1009.334595 900.000000 1.000000
888.670166 900.000000 1.000000
1713.665039 900.000000 1.000000
944.938293 900.000000 1.000000
1047.536987 900.000000 1.000000
1063.181396 900.000000 1.000000
1527.618164 900.000000 1.000000
672.140503 900.000000 1.000000
629.660217 900.000000 1.000000
1405.256714 900.000000 1.000000
1323.989624 900.000000 1.000000
897.690796 900.000000 1.000000
1676.837280 900.000000 1.000000
1017.021790 900.000000 1.000000
987.476196 900.000000 1.000000
1040.816528 900.000000 1.000000
886.076599 900.000000 1.000000
974.911255 900.000000 1.000000
905.536377 900.000000 1.000000
984.229675 900.000000 1.000000
876.115601 900.000000 1.000000
807.861084 900.000000 1.000000
2557.656494 900.000000 1.000000
1902.033203 900.000000 1.000000
790.857544 900.000000 1.000000
1020.844421 900.000000 1.000000
775.748230 900.000000 1.000000
1123.316406 900.000000 1.000000
866.626404 900.000000 1.000000
1425.193604 900.000000 1.000000
1124.417480 900.000000 1.000000
1120.467163 900.000000 1.000000
1705.013062 900.000000 1.000000
791.114197 900.000000 1.000000
1385.966553 900.000000 1.000000
733.724915 900.000000 1.000000
799.655151 900.000000 1.000000
858.427124 900.000000 1.000000
944.159851 900.000000 1.000000
1848.450073 900.000000 1.000000
814.794617 900.000000 1.000000
797.593079 900.000000 1.000000
2211.357178 900.000000 1.000000
1038.916138 900.000000 1.000000
1267.814453 900.000000 1.000000
861.177979 900.000000 1.000000
944.902161 900.000000 1.000000
804.086609 900.000000 1.000000
866.944214 900.000000 1.000000
1351.266602 900.000000 1.000000
1295.147827 900.000000 1.000000
1028.847900 900.000000 1.000000
1146.995972 900.000000 1.000000
959.890564 900.000000 1.000000
1661.727051 900.000000 1.000000
989.451111 900.000000 1.000000
730.339111 900.000000 1.000000
1355.504028 900.000000 1.000000
840.515259 900.000000 1.000000
1167.291748 900.000000 1.000000
1491.754272 900.000000 1.000000
843.929321 900.000000 1.000000
796.301514 900.000000 1.000000
1294.301392 900.000000 1.000000
878.863037 900.000000 0.000000
505.913208 900.000000 0.000000
908.590820 900.000000 0.000000
747.795715 900.000000 0.000000
513.053284 900.000000 0.000000
472.560730 900.000000 0.000000
475.221985 900.000000 0.000000
500.125732 900.000000 0.000000
514.377197 900.000000 0.000000
454.481232 900.000000 0.000000
405.019684 900.000000 0.000000
591.054626 900.000000 0.000000
541.469055 900.000000 0.000000
542.223083 900.000000 0.000000
1928.838989 900.000000 0.000000
363.099213 900.000000 0.000000
438.900391 900.000000 0.000000
385.869751 900.000000 0.000000
683.988647 900.000000 0.000000
814.509705 900.000000 0.000000
615.089722 900.000000 0.000000
603.359497 900.000000 0.000000
462.078491 900.000000 0.000000
790.353210 900.000000 0.000000
663.507996 900.000000 0.000000
698.944763 900.000000 0.000000
437.842590 900.000000 0.000000
564.282471 900.000000 0.000000
505.175018 900.000000 0.000000
608.000732 900.000000 0.000000
596.283447 900.000000 0.000000
500.701569 900.000000 0.000000
474.701202 900.000000 0.000000
413.774323 900.000000 0.000000
755.122681 900.000000 0.000000
954.819885 900.000000 0.000000
542.736267 900.000000 0.000000
1263.316284 900.000000 0.000000
389.741394 900.000000 0.000000
860.778198 900.000000 0.000000
657.208862 900.000000 0.000000
489.394165 900.000000 0.000000
704.987854 900.000000 0.000000
890.787476 900.000000 0.000000
713.495789 900.000000 0.000000
500.878296 900.000000 0.000000
621.693237 900.000000 0.000000
776.161987 900.000000 0.000000
424.015533 900.000000 0.000000
930.128235 900.000000 0.000000
1022.615295 900.000000 0.000000
562.698608 900.000000 0.000000
757.371399 900.000000 0.000000
817.364136 900.000000 0.000000
614.962524 900.000000 0.000000
1395.661987 900.000000 0.000000
421.073914 900.000000 0.000000
453.542023 900.000000 0.000000
488.161255 900.000000 0.000000
546.504944 900.000000 0.000000
565.230774 900.000000 0.000000
527.178650 900.000000 0.000000
1125.640015 900.000000 0.000000
438.671173 900.000000 0.000000
596.151001 900.000000 0.000000
959.681885 900.000000 0.000000
568.244385 900.000000 0.000000
1678.949219 900.000000 0.000000
1006.690613 900.000000 0.000000
447.552460 900.000000 0.000000
581.671143 900.000000 0.000000
694.354370 900.000000 0.000000
898.762634 900.000000 0.000000
466.827209 900.000000 0.000000
358.330536 900.000000 0.000000
978.835876 900.000000 0.000000
441.729309 900.000000 0.000000
535.661926 900.000000 0.000000
611.689209 900.000000 0.000000
463.567780 900.000000 0.000000
415.433929 900.000000 0.000000
865.317871 900.000000 0.000000
630.472778 900.000000 0.000000
1653.249268 900.000000 0.000000
676.998413 900.000000 0.000000
472.812714 900.000000 0.000000
395.888702 900.000000 0.000000
331.880035 900.000000 0.000000
618.313660 900.000000 0.000000
508.005646 900.000000 0.000000
729.833801 900.000000 0.000000
419.926514 900.000000 0.000000
726.602600 900.000000 0.000000
1590.509521 900.000000 0.000000
583.279724 900.000000 0.000000
314.632690 900.000000 0.000000
388.349884 900.000000 0.000000
516.722107 900.000000 0.000000
1068.440552 900.000000 0.000000
1781.867188 900.000000 0.000000
407.777771 900.000000 0.000000
388.644379 900.000000 0.000000
541.056824 900.000000 0.000000
890.132629 900.000000 0.000000
377.672455 900.000000 0.000000
376.773590 900.000000 0.000000
504.478180 900.000000 0.000000
449.240997 900.000000 0.000000
734.313660 900.000000 0.000000
510.573212 900.000000 0.000000
831.639282 900.000000 0.000000
1138.884766 900.000000 0.000000
332.403412 900.000000 0.000000
381.480988 900.000000 0.000000
420.164551 900.000000 0.000000
581.380920 900.000000 0.000000
1157.752441 900.000000 0.000000
718.239014 900.000000 0.000000
611.656372 900.000000 0.000000
676.337402 900.000000 0.000000
391.146667 900.000000 0.000000
441.813263 900.000000 0.000000
803.397095 900.000000 0.000000
361.957520 900.000000 0.000000
332.172974 900.000000 0.000000
864.940552 900.000000 0.000000
649.999756 900.000000 0.000000
351.300720 900.000000 0.000000
531.524597 900.000000 0.000000
556.401306 900.000000 0.000000
254.324326 900.000000 0.000000
407.199188 900.000000 0.000000
1196.983521 900.000000 0.000000
474.896881 900.000000 0.000000
903.250183 900.000000 0.000000
377.283997 900.000000 0.000000
874.624329 900.000000 0.000000
419.149109 900.000000 0.000000
502.714813 900.000000 0.000000
402.477295 900.000000 0.000000
880.082092 900.000000 0.000000
369.402649 900.000000 0.000000
421.169220 900.000000 0.000000
402.633606 900.000000 0.000000
642.678955 900.000000 0.000000
461.985321 900.000000 0.000000
489.439178 900.000000 0.000000
534.140808 900.000000 0.000000
482.088043 900.000000 0.000000
420.717682 900.000000 0.000000
759.988464 900.000000 0.000000
406.195282 900.000000 0.000000
969.765442 900.000000 0.000000
643.057434 900.000000 0.000000
670.986084 900.000000 0.000000
531.023865 900.000000 0.000000
429.512604 900.000000 0.000000
532.701416 900.000000 0.000000
685.490295 900.000000 0.000000
506.878784 900.000000 0.000000
527.592163 900.000000 0.000000
648.932312 900.000000 0.000000
762.131409 900.000000 0.000000
555.354980 900.000000 0.000000
535.852051 900.000000 0.000000
519.866943 900.000000 0.000000
380.623535 900.000000 0.000000
455.082855 900.000000 0.000000
562.496094 900.000000 0.000000
569.280640 900.000000 0.000000
776.577454 900.000000 0.000000
492.216736 900.000000 0.000000
651.999634 900.000000 0.000000
487.708862 900.000000 0.000000
430.512024 900.000000 0.000000
929.919800 900.000000 0.000000
622.692566 900.000000 0.000000
512.839905 900.000000 0.000000
463.098694 900.000000 0.000000
1486.104370 900.000000 0.000000
342.889587 900.000000 0.000000
353.054077 900.000000 0.000000
701.318604 900.000000 0.000000
1009.437988 900.000000 0.000000
550.074463 900.000000 0.000000
428.603394 900.000000 0.000000
464.563660 900.000000 0.000000
1402.486816 900.000000 0.000000
423.844025 900.000000 0.000000
639.616516 900.000000 0.000000
677.008850 900.000000 0.000000
466.616699 900.000000 0.000000
708.954712 900.000000 0.000000
392.559723 900.000000 0.000000
532.077087 900.000000 0.000000
577.710144 900.000000 0.000000
750.552917 900.000000 0.000000
513.326904 900.000000 0.000000
276.868866 900.000000 0.000000
1086.784302 900.000000 0.000000
433.988525 900.000000 0.000000
528.270752 900.000000 0.000000
492.539642 900.000000 0.000000
488.129059 900.000000 0.000000
356.716400 900.000000 0.000000
909.368103 900.000000 0.000000
692.527161 900.000000 0.000000
381.673553 900.000000 0.000000
549.319458 900.000000 0.000000
1292.738281 900.000000 0.000000
1115.524536 900.000000 0.000000
656.285278 900.000000 0.000000
1091.133667 900.000000 0.000000
453.766571 900.000000 0.000000
827.209473 900.000000 0.000000
355.107330 900.000000 0.000000
532.257874 900.000000 0.000000
656.233582 900.000000 0.000000
759.548523 900.000000 0.000000
556.220581 900.000000 0.000000
459.253723 900.000000 0.000000
449.599731 900.000000 0.000000
771.449036 900.000000 0.000000
630.137573 900.000000 0.000000
394.398102 900.000000 0.000000
404.340851 900.000000 0.000000
497.748230 900.000000 0.000000
763.499451 900.000000 0.000000
476.782104 900.000000 0.000000
431.743622 900.000000 0.000000
481.947449 900.000000 0.000000
746.311340 900.000000 0.000000
523.630371 900.000000 0.000000
348.140045 900.000000 0.000000
546.009338 900.000000 0.000000
743.286438 900.000000 0.000000
366.278442 900.000000 0.000000
598.445251 900.000000 0.000000
1134.550293 900.000000 0.000000
645.128967 900.000000 0.000000
520.165771 900.000000 0.000000
1213.590332 900.000000 0.000000
422.742218 900.000000 0.000000
474.268707 900.000000 0.000000
571.810913 900.000000 0.000000
783.589661 900.000000 0.000000
431.749146 900.000000 0.000000
675.054565 900.000000 0.000000
392.544067 900.000000 0.000000
968.146606 900.000000 0.000000
385.728912 900.000000 0.000000
471.735718 900.000000 0.000000
1303.992310 900.000000 0.000000
607.084473 900.000000 0.000000
637.545227 900.000000 0.000000
465.514069 900.000000 0.000000
368.590576 900.000000 0.000000
614.236511 900.000000 0.000000
398.466827 900.000000 0.000000
1200.804199 900.000000 0.000000
488.433838 900.000000 0.000000
628.919128 900.000000 0.000000
972.756042 900.000000 0.000000
752.362549 900.000000 0.000000
661.225281 900.000000 0.000000
718.058838 900.000000 0.000000
518.696899 900.000000 0.000000
726.426453 900.000000 0.000000
742.187134 900.000000 0.000000
339.027039 900.000000 0.000000
612.624390 900.000000 0.000000
379.845703 900.000000 0.000000
603.697632 900.000000 0.000000
635.831909 900.000000 0.000000
666.090027 900.000000 0.000000
1204.401367 900.000000 0.000000
805.535767 900.000000 0.000000
349.340118 900.000000 0.000000
588.495361 900.000000 0.000000
704.401978 900.000000 0.000000
786.389954 900.000000 0.000000
444.832397 900.000000 0.000000
529.604675 900.000000 0.000000
322.104492 900.000000 0.000000
633.608582 900.000000 0.000000
629.960205 900.000000 0.000000
560.442017 900.000000 0.000000
328.223633 900.000000 0.000000
310.222137 900.000000 0.000000
392.632263 900.000000 0.000000
322.433533 900.000000 0.000000
521.117615 900.000000 0.000000
666.917542 900.000000 0.000000
442.759338 900.000000 0.000000
799.995300 900.000000 0.000000
415.736053 900.000000 0.000000
729.540710 900.000000 0.000000
330.034698 900.000000 0.000000
447.345673 900.000000 0.000000
433.137329 900.000000 0.000000
543.303040 900.000000 0.000000
449.062897 900.000000 0.000000
737.848206 900.000000 0.000000
364.818054 900.000000 0.000000
993.248413 900.000000 0.000000
428.609467 900.000000 0.000000
647.793701 900.000000 0.000000
896.935791 900.000000 0.000000
770.410645 900.000000 0.000000
372.243042 900.000000 0.000000
995.761719 900.000000 0.000000
558.215393 900.000000 0.000000
455.259583 900.000000 0.000000
1587.483032 900.000000 0.000000
891.857727 900.000000 0.000000
532.434814 900.000000 0.000000
605.305176 900.000000 0.000000
1117.911865 900.000000 0.000000
667.153442 900.000000 0.000000
617.479370 900.000000 0.000000
491.068573 900.000000 0.000000
1049.152710 900.000000 0.000000
476.275482 900.000000 0.000000
657.791809 900.000000 0.000000
455.049957 900.000000 0.000000
656.609741 900.000000 0.000000
493.833252 900.000000 0.000000
507.248444 900.000000 0.000000
420.473267 900.000000 0.000000
365.801025 900.000000 0.000000
432.087158 900.000000 0.000000
942.020325 900.000000 0.000000
395.743164 900.000000 0.000000
794.076477 900.000000 0.000000
1057.460327 900.000000 0.000000
860.045776 900.000000 0.000000
740.315247 900.000000 0.000000
845.672729 900.000000 0.000000
456.216370 900.000000 0.000000
296.585358 900.000000 0.000000
412.277832 900.000000 0.000000
346.532410 900.000000 0.000000
1751.660278 900.000000 0.000000
582.167358 900.000000 0.000000
961.466248 900.000000 0.000000
1032.747681 900.000000 0.000000
589.223206 900.000000 0.000000
732.816284 900.000000 0.000000
473.303711 900.000000 0.000000
440.583496 900.000000 0.000000
757.715088 900.000000 0.000000
670.246765 900.000000 0.000000
358.872467 900.000000 0.000000
576.748230 900.000000 0.000000
567.482056 900.000000 0.000000
1395.740479 900.000000 0.000000
460.619019 900.000000 0.000000
617.936340 900.000000 0.000000
1131.078979 900.000000 0.000000
476.922272 900.000000 0.000000
602.214905 900.000000 0.000000
356.890564 900.000000 0.000000
806.846497 900.000000 0.000000
905.251038 900.000000 0.000000
536.935669 900.000000 0.000000
814.321350 900.000000 0.000000
633.349487 900.000000 0.000000
512.472656 900.000000 0.000000
655.408813 900.000000 0.000000
405.989777 900.000000 0.000000
481.562988 900.000000 0.000000
1120.616333 900.000000 0.000000
440.744049 900.000000 0.000000
504.256714 900.000000 0.000000
376.943817 900.000000 0.000000
437.308136 900.000000 0.000000
385.354645 900.000000 0.000000
358.395599 900.000000 0.000000
648.815002 900.000000 0.000000
824.700928 900.000000 0.000000
599.995605 900.000000 0.000000
494.448486 900.000000 0.000000
551.222046 900.000000 0.000000
489.288055 900.000000 0.000000
561.801147 900.000000 0.000000
879.304688 900.000000 0.000000
430.588776 900.000000 0.000000
960.982239 900.000000 0.000000
613.698792 900.000000 0.000000
1183.647095 900.000000 0.000000
268.492645 900.000000 0.000000
652.910583 900.000000 0.000000
393.483185 900.000000 0.000000
875.076599 900.000000 0.000000
761.368835 900.000000 0.000000
587.278870 900.000000 0.000000
451.951172 900.000000 0.000000
1046.252930 900.000000 0.000000
1159.778198 900.000000 0.000000
847.929443 900.000000 0.000000
514.534119 900.000000 0.000000
553.403809 900.000000 0.000000
973.636597 900.000000 0.000000
350.204865 900.000000 0.000000
517.727966 900.000000 0.000000
379.515594 900.000000 0.000000
374.512054 900.000000 0.000000
365.093903 900.000000 0.000000
462.652863 900.000000 0.000000
319.725586 900.000000 0.000000
594.451660 900.000000 0.000000
733.604797 900.000000 0.000000
1023.849060 900.000000 0.000000
746.337585 900.000000 0.000000
433.175934 900.000000 0.000000
1542.192139 900.000000 0.000000
414.622803 900.000000 0.000000
501.342712 900.000000 0.000000
968.722595 900.000000 0.000000
943.675476 900.000000 0.000000
460.427673 900.000000 0.000000
459.286682 900.000000 0.000000
371.399017 900.000000 0.000000
425.111237 900.000000 0.000000
806.839111 900.000000 0.000000
641.560730 900.000000 0.000000
307.273682 900.000000 0.000000
619.957520 900.000000 0.000000
749.409790 900.000000 0.000000
594.564697 900.000000 0.000000
803.310730 900.000000 0.000000
501.349182 900.000000 0.000000
408.597229 900.000000 0.000000
427.815216 900.000000 0.000000
624.793640 900.000000 0.000000
494.787628 900.000000 0.000000
803.166443 900.000000 0.000000
551.854309 900.000000 0.000000
399.467926 900.000000 0.000000
368.480713 900.000000 0.000000
336.678925 900.000000 0.000000
448.633789 900.000000 0.000000
873.029358 900.000000 0.000000
485.877136 900.000000 0.000000
698.287964 900.000000 0.000000
663.279907 900.000000 0.000000
327.554535 900.000000 0.000000
338.277985 900.000000 0.000000
842.884888 900.000000 0.000000
482.223206 900.000000 0.000000
840.506958 900.000000 0.000000
573.380310 900.000000 0.000000
721.662598 900.000000 0.000000
948.055054 900.000000 0.000000
752.974670 900.000000 0.000000
791.510254 900.000000 0.000000
1032.221680 900.000000 0.000000
512.916687 900.000000 0.000000
1088.568970 900.000000 0.000000
525.165527 900.000000 0.000000
544.589294 900.000000 0.000000
587.752197 900.000000 0.000000
824.914001 900.000000 0.000000
510.376312 900.000000 0.000000
481.109833 900.000000 0.000000
384.745758 900.000000 0.000000
1018.669617 900.000000 0.000000
444.714142 900.000000 0.000000
576.515808 900.000000 0.000000
914.365356 900.000000 0.000000
814.031982 900.000000 0.000000
384.221436 900.000000 0.000000
611.644409 900.000000 0.000000
1639.694824 900.000000 0.000000
374.651733 900.000000 0.000000
498.245667 900.000000 0.000000
557.857361 900.000000 0.000000
550.884094 900.000000 0.000000
1569.347656 900.000000 0.000000
533.210449 900.000000 0.000000
416.485626 900.000000 0.000000
1507.591675 900.000000 0.000000
656.392029 900.000000 0.000000
436.035828 900.000000 0.000000
505.124817 900.000000 0.000000
559.646118 900.000000 0.000000
462.362579 900.000000 0.000000
682.436401 900.000000 0.000000
327.874573 900.000000 0.000000
595.901428 900.000000 0.000000
605.043701 900.000000 0.000000
354.022980 900.000000 0.000000
543.201965 900.000000 0.000000
620.603455 900.000000 0.000000
397.835175 900.000000 0.000000
390.171844 900.000000 0.000000
2782.532227 900.000000 0.000000
547.614685 900.000000 0.000000
1442.884277 900.000000 0.000000
1078.298462 900.000000 0.000000
550.682617 900.000000 0.000000
486.938904 900.000000 0.000000
1331.871094 900.000000 0.000000
541.274475 900.000000 0.000000
324.449097 900.000000 0.000000
372.609650 900.000000 0.000000
526.681702 900.000000 0.000000
302.601135 900.000000 0.000000
487.985962 900.000000 0.000000
484.662659 900.000000 0.000000
581.299011 900.000000 0.000000
422.220001 900.000000 0.000000
651.895630 900.000000 0.000000
425.574890 900.000000 0.000000
587.820923 900.000000 0.000000
949.047607 900.000000 0.000000
484.995239 900.000000 0.000000
486.027130 900.000000 0.000000
593.523804 900.000000 0.000000
343.012848 900.000000 0.000000
450.052551 900.000000 0.000000
643.974731 900.000000 0.000000
1589.881226 900.000000 0.000000
555.019287 900.000000 0.000000
789.703857 900.000000 0.000000
803.413269 900.000000 0.000000
499.958435 900.000000 0.000000
456.721313 900.000000 0.000000
342.781982 900.000000 0.000000
502.797211 900.000000 0.000000
321.597260 900.000000 0.000000
553.976685 900.000000 0.000000
444.245483 900.000000 0.000000
600.758240 900.000000 0.000000
553.541809 900.000000 0.000000
377.389740 900.000000 0.000000
360.703644 900.000000 0.000000
546.291565 900.000000 0.000000
900.194946 900.000000 0.000000
639.422485 900.000000 0.000000
841.437256 900.000000 0.000000
491.020996 900.000000 0.000000
429.240204 900.000000 0.000000
918.713928 900.000000 0.000000
508.051056 900.000000 0.000000
416.450439 900.000000 0.000000
658.538818 900.000000 0.000000
659.420349 900.000000 0.000000
416.537079 900.000000 0.000000
421.662537 900.000000 0.000000
1071.594238 900.000000 0.000000
748.550781 900.000000 0.000000
484.010620 900.000000 0.000000
970.138611 900.000000 0.000000
775.231750 900.000000 0.000000
485.296661 900.000000 0.000000
654.745728 900.000000 0.000000
640.107117 900.000000 0.000000
501.473816 900.000000 0.000000
472.995941 900.000000 0.000000
378.411469 900.000000 0.000000
410.688904 900.000000 0.000000
470.196014 900.000000 0.000000
503.195068 900.000000 0.000000
526.992615 900.000000 0.000000
1365.760254 900.000000 0.000000
754.397827 900.000000 0.000000
801.479858 900.000000 0.000000
436.596558 900.000000 0.000000
541.350403 900.000000 0.000000
562.879395 900.000000 0.000000
577.079346 900.000000 0.000000
380.514282 900.000000 0.000000
1882.297607 900.000000 0.000000
407.572601 900.000000 0.000000
515.894165 900.000000 0.000000
706.462646 900.000000 0.000000
846.593079 900.000000 0.000000
826.636719 900.000000 0.000000
324.347809 900.000000 0.000000
478.718384 900.000000 0.000000
896.922974 900.000000 0.000000
645.635864 900.000000 0.000000
638.443604 900.000000 0.000000
770.771667 900.000000 0.000000
471.796143 900.000000 0.000000
779.578369 900.000000 0.000000
386.411041 900.000000 0.000000
761.754333 900.000000 0.000000
580.364502 900.000000 0.000000
810.495300 900.000000 0.000000
633.400208 900.000000 0.000000
475.407318 900.000000 0.000000
396.057343 900.000000 0.000000
470.948639 900.000000 0.000000
1081.819824 900.000000 0.000000
734.985779 900.000000 0.000000
1188.786865 900.000000 0.000000
623.364807 900.000000 0.000000
636.868591 900.000000 0.000000
536.958862 900.000000 0.000000
676.744873 900.000000 0.000000
467.093262 900.000000 0.000000
528.784241 900.000000 0.000000
620.915955 900.000000 0.000000
753.083313 900.000000 0.000000
378.143524 900.000000 0.000000
724.217834 900.000000 0.000000
470.667023 900.000000 0.000000
479.314423 900.000000 0.000000
640.914062 900.000000 0.000000
461.097260 900.000000 0.000000
791.308655 900.000000 0.000000
548.853394 900.000000 0.000000
465.095947 900.000000 0.000000
922.937317 900.000000 0.000000
622.106323 900.000000 0.000000
639.937134 900.000000 0.000000
496.304352 900.000000 0.000000
679.123291 900.000000 0.000000
630.618469 900.000000 0.000000
759.298950 900.000000 0.000000
815.003784 900.000000 0.000000
495.368591 900.000000 0.000000
513.774963 900.000000 0.000000
932.916260 900.000000 0.000000
949.749146 900.000000 0.000000
408.842682 900.000000 0.000000
563.725098 900.000000 0.000000
561.662781 900.000000 0.000000
581.291321 900.000000 0.000000
722.463928 900.000000 0.000000
999.003174 900.000000 0.000000
571.394165 900.000000 0.000000
393.796143 900.000000 0.000000
533.137878 900.000000 0.000000
737.646301 900.000000 0.000000
402.154938 900.000000 0.000000
411.341522 900.000000 0.000000
724.879333 900.000000 0.000000
451.845490 900.000000 0.000000
455.216278 900.000000 0.000000
481.003601 900.000000 0.000000
1181.316162 900.000000 0.000000
647.260498 900.000000 0.000000
596.590454 900.000000 0.000000
922.996033 900.000000 0.000000
590.913879 900.000000 0.000000
623.677612 900.000000 0.000000
558.476257 900.000000 0.000000
464.015900 900.000000 0.000000
461.450836 900.000000 0.000000
722.072754 900.000000 0.000000
676.195435 900.000000 0.000000
984.220764 900.000000 0.000000
753.620117 900.000000 0.000000
582.207153 900.000000 0.000000
1051.634521 900.000000 0.000000
368.276428 900.000000 0.000000
442.867432 900.000000 0.000000
339.982941 900.000000 0.000000
1293.611206 900.000000 0.000000
696.636780 900.000000 0.000000
450.115234 900.000000 0.000000
501.183899 900.000000 0.000000
407.562042 900.000000 0.000000
589.839050 900.000000 0.000000
892.638062 900.000000 0.000000
718.792236 900.000000 0.000000
422.918884 900.000000 0.000000
637.356140 900.000000 0.000000
376.136383 900.000000 0.000000
400.886902 900.000000 0.000000
541.241516 900.000000 0.000000
385.456696 900.000000 0.000000
397.300476 900.000000 0.000000
747.553955 900.000000 0.000000
437.611115 900.000000 0.000000
708.750610 900.000000 0.000000
1378.549072 900.000000 0.000000
419.994110 900.000000 0.000000
700.562805 900.000000 0.000000
892.607788 900.000000 0.000000
1363.589844 900.000000 0.000000
408.735504 900.000000 0.000000
662.855469 900.000000 0.000000
578.913818 900.000000 0.000000
431.695099 900.000000 0.000000
717.045898 900.000000 0.000000
1417.765747 900.000000 0.000000
628.090454 900.000000 0.000000
619.456543 900.000000 0.000000
556.378540 900.000000 0.000000
994.155701 900.000000 0.000000
390.962555 900.000000 0.000000
664.418823 900.000000 0.000000
446.178772 900.000000 0.000000
819.059082 900.000000 0.000000
595.570557 900.000000 0.000000
497.449585 900.000000 0.000000
492.897949 900.000000 0.000000
608.180481 900.000000 0.000000
549.602112 900.000000 0.000000
532.432251 900.000000 0.000000
553.219360 900.000000 0.000000
885.419739 900.000000 0.000000
618.906738 900.000000 0.000000
474.571930 900.000000 0.000000
575.741150 900.000000 0.000000
821.796631 900.000000 0.000000
505.585144 900.000000 0.000000
537.205444 900.000000 0.000000
428.698547 900.000000 0.000000
689.218262 900.000000 0.000000
603.671204 900.000000 0.000000
565.935669 900.000000 0.000000
425.475830 900.000000 0.000000
645.452881 900.000000 0.000000
417.748291 900.000000 0.000000
522.933838 900.000000 0.000000
492.053223 900.000000 0.000000
444.724304 900.000000 0.000000
842.665405 900.000000 0.000000
660.952393 900.000000 0.000000
948.729309 900.000000 0.000000
352.810577 900.000000 0.000000
341.430023 900.000000 0.000000
695.862732 900.000000 0.000000
423.928741 900.000000 0.000000
510.977783 900.000000 0.000000
512.519043 900.000000 0.000000
1560.175293 900.000000 0.000000
499.901886 900.000000 0.000000
507.372498 900.000000 0.000000
332.958801 900.000000 0.000000
516.322571 900.000000 0.000000
589.295776 900.000000 0.000000
520.791687 900.000000 0.000000
658.231201 900.000000 0.000000
830.496765 900.000000 0.000000
555.886169 900.000000 0.000000
603.856995 900.000000 0.000000
480.744354 900.000000 0.000000
930.242493 900.000000 0.000000
387.928711 900.000000 0.000000
782.421753 900.000000 0.000000
721.609070 900.000000 0.000000
965.843994 900.000000 0.000000
330.462769 900.000000 0.000000
531.924927 900.000000 0.000000
829.664307 900.000000 0.000000
602.032776 900.000000 0.000000
837.908447 900.000000 0.000000
1140.479248 900.000000 0.000000
531.233459 900.000000 0.000000
506.037109 900.000000 0.000000
487.124817 900.000000 0.000000
594.864868 900.000000 0.000000
308.560120 900.000000 0.000000
1147.296875 900.000000 0.000000
535.225952 900.000000 0.000000
340.560364 900.000000 0.000000
665.867126 900.000000 0.000000
883.343262 900.000000 0.000000
513.208313 900.000000 0.000000
713.131104 900.000000 0.000000
671.263184 900.000000 0.000000
924.936157 900.000000 0.000000
442.001953 900.000000 0.000000
455.401886 900.000000 0.000000
877.497070 900.000000 0.000000
875.452026 900.000000 0.000000
716.194031 900.000000 0.000000
450.709045 900.000000 0.000000
611.432434 900.000000 0.000000
656.334961 900.000000 0.000000
515.886169 900.000000 0.000000
519.982605 900.000000 0.000000
626.801208 900.000000 0.000000
854.380676 900.000000 0.000000
987.451233 900.000000 0.000000
661.018982 900.000000 0.000000
800.408508 900.000000 0.000000
392.975677 900.000000 0.000000
1079.958130 900.000000 0.000000
330.437653 900.000000 0.000000
482.349670 900.000000 0.000000
382.929260 900.000000 0.000000
856.516235 900.000000 0.000000
641.672302 900.000000 0.000000
407.470734 900.000000 0.000000
1101.109741 900.000000 0.000000
659.322327 900.000000 0.000000
737.817322 900.000000 0.000000
517.860718 900.000000 0.000000
395.980286 900.000000 0.000000
605.355530 900.000000 0.000000
306.344147 900.000000 0.000000
431.037567 900.000000 0.000000
497.468689 900.000000 0.000000
588.690430 900.000000 0.000000
475.190918 900.000000 0.000000
450.272064 900.000000 0.000000
494.680237 900.000000 0.000000
297.235901 900.000000 0.000000
444.872192 900.000000 0.000000
1065.963501 900.000000 0.000000
441.877106 900.000000 0.000000
643.479126 900.000000 0.000000
312.313629 900.000000 0.000000
602.509216 900.000000 0.000000
754.128296 900.000000 0.000000
358.824432 900.000000 0.000000
1811.996460 900.000000 0.000000
455.405334 900.000000 0.000000
435.438995 900.000000 0.000000
751.716125 900.000000 0.000000
913.718628 900.000000 0.000000
1622.368774 900.000000 0.000000
552.586304 900.000000 0.000000
616.255005 900.000000 0.000000
702.344116 900.000000 0.000000
648.834290 900.000000 0.000000
1314.486206 900.000000 0.000000
364.697632 900.000000 0.000000
556.809326 900.000000 0.000000
606.699646 900.000000 0.000000
466.994049 900.000000 0.000000
650.512573 900.000000 0.000000
459.738861 900.000000 0.000000
403.094818 900.000000 0.000000
482.527405 900.000000 0.000000
584.979248 900.000000 0.000000
644.836853 900.000000 0.000000
404.479492 900.000000 0.000000
415.851929 900.000000 0.000000
633.562988 900.000000 0.000000
468.033508 900.000000 0.000000
708.199890 900.000000 0.000000
424.515656 900.000000 0.000000
402.429535 900.000000 0.000000
356.104431 900.000000 0.000000
393.769043 900.000000 0.000000
744.116577 900.000000 0.000000
578.005127 900.000000 0.000000
795.479980 900.000000 0.000000
411.255219 900.000000 0.000000
344.174286 900.000000 0.000000
620.241211 900.000000 0.000000
467.292694 900.000000 0.000000
1503.682373 900.000000 0.000000
348.329895 900.000000 0.000000
535.925903 900.000000 0.000000
438.882080 900.000000 0.000000
497.915649 900.000000 0.000000
556.956787 900.000000 0.000000
469.235321 900.000000 0.000000
374.658234 900.000000 0.000000
448.113953 900.000000 0.000000
432.709320 900.000000 0.000000
532.709595 900.000000 0.000000
490.847656 900.000000 0.000000
434.679657 900.000000 0.000000
440.873718 900.000000 0.000000
946.570862 900.000000 0.000000
340.343109 900.000000 0.000000
1438.553223 900.000000 0.000000
742.860779 900.000000 0.000000
840.787964 900.000000 0.000000
542.098633 900.000000 0.000000
841.167419 900.000000 0.000000
531.454346 900.000000 0.000000
470.956543 900.000000 0.000000
777.992493 900.000000 0.000000
449.827484 900.000000 0.000000
510.117401 900.000000 0.000000
521.849548 900.000000 0.000000
536.591492 900.000000 0.000000
502.883087 900.000000 0.000000
482.846710 900.000000 0.000000
464.385559 900.000000 0.000000
867.503845 900.000000 0.000000
656.905640 900.000000 0.000000
501.876312 900.000000 0.000000
330.856628 900.000000 0.000000
580.139893 900.000000 0.000000
799.390320 900.000000 0.000000
461.892731 900.000000 0.000000
540.352173 900.000000 0.000000
471.569885 900.000000 0.000000
579.021118 900.000000 0.000000
634.307373 900.000000 0.000000
741.018188 900.000000 0.000000
958.573730 900.000000 0.000000
382.464081 900.000000 0.000000
651.380981 900.000000 0.000000
530.047302 900.000000 0.000000
666.780273 900.000000 0.000000
541.822815 900.000000 0.000000
398.977386 900.000000 0.000000
725.554504 900.000000 0.000000
786.029053 900.000000 0.000000
1128.427612 900.000000 0.000000
695.024414 900.000000 0.000000
583.448486 900.000000 0.000000
397.419830 900.000000 0.000000
840.394897 900.000000 0.000000
461.973358 900.000000 0.000000
504.017365 900.000000 0.000000
575.691589 900.000000 0.000000
926.667786 900.000000 0.000000
816.938599 900.000000 0.000000
642.869263 900.000000 0.000000
1117.284058 900.000000 0.000000
790.026611 900.000000 0.000000
859.535583 900.000000 0.000000
962.429932 900.000000 0.000000
463.786011 900.000000 0.000000
614.326294 900.000000 0.000000
762.540466 900.000000 0.000000
834.514648 900.000000 0.000000
616.829041 900.000000 0.000000
682.700317 900.000000 0.000000
522.841919 900.000000 0.000000
892.759827 900.000000 0.000000
799.713684 900.000000 0.000000
1467.151978 900.000000 0.000000
1323.275879 900.000000 0.000000
343.812469 900.000000 0.000000
467.591980 900.000000 0.000000
312.668030 900.000000 0.000000
407.003082 900.000000 0.000000
429.783966 900.000000 0.000000
532.465027 900.000000 0.000000
550.999512 900.000000 0.000000
359.759369 900.000000 0.000000
1220.596313 900.000000 0.000000
421.758453 900.000000 0.000000
353.332428 900.000000 0.000000
688.339966 900.000000 0.000000
391.003784 900.000000 0.000000
396.748962 900.000000 0.000000
699.571533 900.000000 0.000000
428.732544 900.000000 0.000000
2131.600586 900.000000 0.000000
1013.645935 900.000000 0.000000
519.484802 900.000000 0.000000
412.100311 900.000000 0.000000
1008.102417 900.000000 0.000000
553.562317 900.000000 0.000000
465.014709 900.000000 0.000000
838.345764 900.000000 0.000000
374.155823 900.000000 0.000000
742.913208 900.000000 0.000000
765.409790 900.000000 0.000000
450.887573 900.000000 0.000000
712.398254 900.000000 0.000000
690.966064 900.000000 0.000000
663.259705 900.000000 0.000000
516.067749 900.000000 0.000000
658.144226 900.000000 0.000000
479.640533 900.000000 0.000000
400.636047 900.000000 0.000000
484.553894 900.000000 0.000000
748.883057 900.000000 0.000000
731.899902 900.000000 0.000000
504.844147 900.000000 0.000000
1019.907410 900.000000 0.000000
426.402771 900.000000 0.000000
465.866577 900.000000 0.000000
342.339996 900.000000 0.000000
795.243225 900.000000 0.000000
400.690430 900.000000 0.000000
361.007904 900.000000 0.000000
583.296997 900.000000 0.000000
561.194031 900.000000 0.000000
621.122009 900.000000 0.000000
422.864197 900.000000 0.000000
684.065491 900.000000 0.000000
521.278198 900.000000 0.000000
558.409546 900.000000 0.000000
511.859650 900.000000 0.000000
337.636658 900.000000 0.000000
576.189392 900.000000 0.000000
1335.630005 900.000000 0.000000
469.696533 900.000000 0.000000
522.024170 900.000000 0.000000
678.477905 900.000000 0.000000
501.216064 900.000000 0.000000
482.218536 900.000000 0.000000
404.823669 900.000000 0.000000
440.712860 900.000000 0.000000
532.674194 900.000000 0.000000
2318.441162 900.000000 0.000000
614.900146 900.000000 0.000000
415.562286 900.000000 0.000000
502.876892 900.000000 0.000000
526.121216 900.000000 0.000000
444.194702 900.000000 0.000000
620.221680 900.000000 0.000000
359.220673 900.000000 0.000000
431.515747 900.000000 0.000000
490.315155 900.000000 0.000000
580.211060 900.000000 0.000000
619.286377 900.000000 0.000000
538.736938 900.000000 0.000000
420.898010 900.000000 0.000000
398.589569 900.000000 0.000000
451.372498 900.000000 0.000000
715.348206 900.000000 0.000000
631.678711 900.000000 0.000000
494.239746 900.000000 0.000000
563.573242 900.000000 0.000000
1137.493652 900.000000 0.000000
362.376282 900.000000 0.000000
625.687073 900.000000 0.000000
682.490784 900.000000 0.000000
344.685669 900.000000 0.000000
665.927795 900.000000 0.000000
480.002991 900.000000 0.000000
586.461060 900.000000 0.000000
491.640472 900.000000 0.000000
374.755188 900.000000 0.000000
518.641663 900.000000 0.000000
1364.391602 900.000000 0.000000
305.862488 900.000000 0.000000
696.465637 900.000000 0.000000
393.362335 900.000000 0.000000
1179.814575 900.000000 0.000000
754.143677 900.000000 0.000000
463.797333 900.000000 0.000000
666.706848 900.000000 0.000000
945.429871 900.000000 0.000000
426.154724 900.000000 0.000000
1184.053101 900.000000 0.000000
444.532928 900.000000 0.000000
450.887909 900.000000 0.000000
1364.972412 900.000000 0.000000
611.958130 900.000000 0.000000
462.753326 900.000000 0.000000
306.951996 900.000000 0.000000
691.546814 900.000000 0.000000
558.556030 900.000000 0.000000
389.732544 900.000000 0.000000
388.921631 900.000000 0.000000
443.620941 900.000000 0.000000
535.583557 900.000000 0.000000
536.982422 900.000000 0.000000
472.379913 900.000000 0.000000
473.063416 900.000000 0.000000
1151.146729 900.000000 0.000000
824.455933 900.000000 0.000000
669.218018 900.000000 0.000000
425.898865 900.000000 0.000000
573.894287 900.000000 0.000000
556.428345 900.000000 0.000000
443.071472 900.000000 0.000000
621.369446 900.000000 0.000000
925.570068 900.000000 0.000000
765.567749 900.000000 0.000000
410.272858 900.000000 0.000000
421.579803 900.000000 0.000000
617.544067 900.000000 0.000000
544.190674 900.000000 0.000000
569.198730 900.000000 0.000000
470.248749 900.000000 0.000000
432.546448 900.000000 0.000000
518.832520 900.000000 0.000000
808.969482 900.000000 0.000000
312.707886 900.000000 0.000000
345.066833 900.000000 0.000000
501.985138 900.000000 0.000000
498.309143 900.000000 0.000000
638.832458 900.000000 0.000000
602.455688 900.000000 0.000000
413.717957 900.000000 0.000000
1273.526611 900.000000 0.000000
376.260681 900.000000 0.000000
491.876678 900.000000 0.000000
524.454834 900.000000 0.000000
355.590576 900.000000 0.000000
715.854431 900.000000 0.000000
686.589233 900.000000 0.000000
545.529785 900.000000 0.000000
437.864655 900.000000 0.000000
618.686218 900.000000 0.000000
914.375061 900.000000 0.000000
461.384918 900.000000 0.000000
570.384155 900.000000 0.000000
558.329102 900.000000 0.000000
398.602875 900.000000 0.000000
746.414185 900.000000 0.000000
626.096680 900.000000 0.000000
470.455261 900.000000 0.000000
408.809753 900.000000 0.000000
522.725769 900.000000 0.000000
490.356384 900.000000 0.000000
1243.846924 900.000000 0.000000
455.569122 900.000000 0.000000
1730.565430 900.000000 0.000000
556.660400 900.000000 0.000000
567.142761 900.000000 0.000000
547.179199 900.000000 0.000000
336.440277 900.000000 0.000000
368.852661 900.000000 0.000000
781.387634 900.000000 0.000000
632.628906 900.000000 0.000000
959.204407 900.000000 0.000000
472.154877 900.000000 0.000000
784.967957 900.000000 0.000000
669.834412 900.000000 0.000000
1130.988159 900.000000 0.000000
424.862030 900.000000 0.000000
606.408020 900.000000 0.000000
378.536926 900.000000 0.000000
599.574951 900.000000 0.000000
592.352112 900.000000 0.000000
509.617493 900.000000 0.000000
572.569519 900.000000 0.000000
463.885437 900.000000 0.000000
456.520111 900.000000 0.000000
578.068970 900.000000 0.000000
1384.070801 900.000000 0.000000
527.697998 900.000000 0.000000
714.178528 900.000000 0.000000
326.450043 900.000000 0.000000
513.660706 900.000000 0.000000
974.678040 900.000000 0.000000
512.555664 900.000000 0.000000
393.617188 900.000000 0.000000
802.356018 900.000000 0.000000
414.059448 900.000000 0.000000
440.743591 900.000000 0.000000
730.033508 900.000000 0.000000
503.341553 900.000000 0.000000
375.592285 900.000000 0.000000
447.049866 900.000000 0.000000
514.021118 900.000000 0.000000
655.876892 900.000000 0.000000
899.311462 900.000000 0.000000
288.288025 900.000000 0.000000
1104.638916 900.000000 0.000000
682.167542 900.000000 0.000000
389.307861 900.000000 0.000000
512.203674 900.000000 0.000000
1251.732910 900.000000 0.000000
1156.826904 900.000000 0.000000
339.189331 900.000000 0.000000
561.202942 900.000000 0.000000
765.759277 900.000000 0.000000
478.645477 900.000000 0.000000
520.502136 900.000000 0.000000
500.079956 900.000000 0.000000
358.791168 900.000000 0.000000
882.099182 900.000000 0.000000
498.405396 900.000000 0.000000
483.562714 900.000000 0.000000
412.237091 900.000000 0.000000
438.946686 900.000000 0.000000
456.145844 900.000000 0.000000
543.102295 900.000000 0.000000
426.279602 900.000000 0.000000
702.724243 900.000000 0.000000
452.503113 900.000000 0.000000
719.715942 900.000000 0.000000
557.553284 900.000000 0.000000
872.820618 900.000000 0.000000
570.192200 900.000000 0.000000
667.427612 900.000000 0.000000
406.538422 900.000000 0.000000
404.323792 900.000000 0.000000
648.068359 900.000000 0.000000
568.720947 900.000000 0.000000
684.548706 900.000000 0.000000
442.892365 900.000000 0.000000
1045.306519 900.000000 0.000000
741.975098 900.000000 0.000000
421.231171 900.000000 0.000000
979.280579 900.000000 0.000000
1140.073608 900.000000 0.000000
446.928558 900.000000 0.000000
832.888245 900.000000 0.000000
839.372070 900.000000 0.000000
844.506104 900.000000 0.000000
462.741180 900.000000 0.000000
459.375824 900.000000 0.000000
560.675903 900.000000 0.000000
501.224152 900.000000 0.000000
518.903870 900.000000 0.000000
538.587830 900.000000 0.000000
523.051514 900.000000 0.000000
353.759552 900.000000 0.000000
385.070953 900.000000 0.000000
899.678528 900.000000 0.000000
1085.541626 900.000000 0.000000
1291.213745 900.000000 0.000000
350.004639 900.000000 0.000000
666.837952 900.000000 0.000000
513.909729 900.000000 0.000000
617.434753 900.000000 0.000000
463.051483 900.000000 0.000000
585.221008 900.000000 0.000000
463.514587 900.000000 0.000000
447.374054 900.000000 0.000000
276.237854 900.000000 0.000000
333.755463 900.000000 0.000000
486.485168 900.000000 0.000000
506.047485 900.000000 0.000000
389.464966 900.000000 0.000000
543.452515 900.000000 0.000000
611.520874 900.000000 0.000000
404.133972 900.000000 0.000000
767.890564 900.000000 0.000000
484.019348 900.000000 0.000000
703.579956 900.000000 0.000000
678.124878 900.000000 0.000000
446.013550 900.000000 0.000000
455.206207 900.000000 0.000000
472.284454 900.000000 0.000000
962.844360 900.000000 0.000000
1069.763794 900.000000 0.000000
567.446045 900.000000 0.000000
1009.193848 900.000000 0.000000
349.118500 900.000000 0.000000
522.625488 900.000000 0.000000
521.348022 900.000000 0.000000
489.097748 900.000000 0.000000
470.148438 900.000000 0.000000
792.171509 900.000000 0.000000
1312.393555 900.000000 0.000000
371.464630 900.000000 0.000000
1752.150024 900.000000 0.000000
287.281555 900.000000 0.000000
331.364471 900.000000 0.000000
347.124084 900.000000 0.000000
433.607483 900.000000 0.000000
629.803162 900.000000 0.000000
418.694916 900.000000 0.000000
403.052185 900.000000 0.000000
474.112610 900.000000 0.000000
433.289856 900.000000 0.000000
304.423615 900.000000 0.000000
970.195618 900.000000 0.000000
492.225098 900.000000 0.000000
909.237976 900.000000 0.000000
817.713745 900.000000 0.000000
569.703491 900.000000 0.000000
403.252563 900.000000 0.000000
1165.838013 900.000000 0.000000
578.253235 900.000000 0.000000
510.894592 900.000000 0.000000
463.457825 900.000000 0.000000
558.717957 900.000000 0.000000
876.437927 900.000000 0.000000
1354.699341 900.000000 0.000000
1245.229614 900.000000 0.000000
454.539642 900.000000 0.000000
539.874512 900.000000 0.000000
743.274597 900.000000 0.000000
374.443665 900.000000 0.000000
657.104980 900.000000 0.000000
326.653534 900.000000 0.000000
346.710907 900.000000 0.000000
503.119751 900.000000 0.000000
478.906738 900.000000 0.000000
368.337585 900.000000 0.000000
568.702332 900.000000 0.000000
550.521423 900.000000 0.000000
359.736389 900.000000 0.000000
377.048004 900.000000 0.000000
695.668701 900.000000 0.000000
611.372742 900.000000 0.000000
539.136841 900.000000 0.000000
640.016663 900.000000 0.000000
536.636658 900.000000 0.000000
541.145325 900.000000 0.000000
423.529236 900.000000 0.000000
964.053711 900.000000 0.000000
375.334106 900.000000 0.000000
375.850098 900.000000 0.000000
630.529724 900.000000 0.000000
931.890808 900.000000 0.000000
421.072388 900.000000 0.000000
469.983582 900.000000 0.000000
577.447815 900.000000 0.000000
343.449585 900.000000 0.000000
