1579.360352 1500.000000 1.000000
1880.330078 1500.000000 1.000000
1886.734985 1500.000000 1.000000
1717.457153 1500.000000 1.000000
2173.056641 1500.000000 1.000000
1666.149414 1500.000000 1.000000
1437.387329 1500.000000 1.000000
1367.898315 1500.000000 1.000000
2601.980713 1500.000000 1.000000
1289.193115 1500.000000 1.000000
1399.345215 1500.000000 1.000000
1449.623413 1500.000000 1.000000
1287.880493 1500.000000 1.000000
2054.424072 1500.000000 1.000000
2338.570068 1500.000000 1.000000
1910.419556 1500.000000 1.000000
1227.665039 1500.000000 1.000000
1406.983276 1500.000000 1.000000
2771.880615 1500.000000 1.000000
1350.290161 1500.000000 1.000000
979.533691 1500.000000 1.000000
1310.949341 1500.000000 1.000000
1505.965942 1500.000000 1.000000
1328.249268 1500.000000 1.000000
1396.777466 1500.000000 1.000000
2014.603516 1500.000000 1.000000
1598.702148 1500.000000 1.000000
1863.268311 1500.000000 1.000000
2091.181152 1500.000000 1.000000
2242.931152 1500.000000 1.000000
1286.859741 1500.000000 1.000000
1738.828735 1500.000000 1.000000
1623.521729 1500.000000 1.000000
1920.762085 1500.000000 1.000000
1577.456787 1500.000000 1.000000
2267.207031 1500.000000 1.000000
1888.284546 1500.000000 1.000000
1434.818237 1500.000000 1.000000
1819.659546 1500.000000 1.000000
1381.838135 1500.000000 1.000000
1248.819824 1500.000000 1.000000
1525.290649 1500.000000 1.000000
1289.291504 1500.000000 1.000000
1711.071411 1500.000000 1.000000
1547.012329 1500.000000 1.000000
1528.709717 1500.000000 1.000000
1727.815186 1500.000000 1.000000
1220.092407 1500.000000 1.000000
1211.667236 1500.000000 1.000000
1786.570068 1500.000000 1.000000
1293.489502 1500.000000 1.000000
2674.133057 1500.000000 1.000000
2753.154053 1500.000000 1.000000
3085.885498 1500.000000 1.000000
1524.343872 1500.000000 1.000000
1292.001587 1500.000000 1.000000
2074.672607 1500.000000 1.000000
1612.743286 1500.000000 1.000000
1455.115601 1500.000000 1.000000
2699.251465 1500.000000 1.000000
2018.847168 1500.000000 1.000000
1177.056030 1500.000000 1.000000
1719.732178 1500.000000 1.000000
1839.427612 1500.000000 1.000000
1308.774170 1500.000000 1.000000
1343.246826 1500.000000 1.000000
1471.590210 1500.000000 1.000000
2536.223145 1500.000000 1.000000
1893.053223 1500.000000 1.000000
1984.959106 1500.000000 1.000000
1541.697632 1500.000000 1.000000
1061.569702 1500.000000 1.000000
1523.869507 1500.000000 1.000000
1221.309570 1500.000000 1.000000
1915.894043 1500.000000 1.000000
3799.011230 1500.000000 1.000000
1231.817261 1500.000000 1.000000
2191.289551 1500.000000 1.000000
1889.438843 1500.000000 1.000000
1356.881104 1500.000000 1.000000
2780.783691 1500.000000 1.000000
1305.931641 1500.000000 1.000000
1970.960938 1500.000000 1.000000
1270.203735 1500.000000 1.000000
1794.489258 1500.000000 1.000000
1766.647705 1500.000000 1.000000
1544.022217 1500.000000 1.000000
1482.502686 1500.000000 1.000000
1723.171997 1500.000000 1.000000
2528.812012 1500.000000 1.000000
1273.223511 1500.000000 1.000000
3196.308838 1500.000000 1.000000
1720.667725 1500.000000 1.000000
4926.747559 1500.000000 1.000000
1296.948486 1500.000000 1.000000
2617.618896 1500.000000 1.000000
1512.987793 1500.000000 1.000000
1571.569458 1500.000000 1.000000
1924.882568 1500.000000 1.000000
1606.277100 1500.000000 1.000000
1317.603516 1500.000000 1.000000
1421.802246 1500.000000 1.000000
1376.866455 1500.000000 1.000000
1391.192627 1500.000000 1.000000
1326.745117 1500.000000 1.000000
1816.239990 1500.000000 1.000000
2085.114990 1500.000000 1.000000
1414.290283 1500.000000 1.000000
1233.100220 1500.000000 1.000000
1393.903076 1500.000000 1.000000
1317.503784 1500.000000 1.000000
1152.555420 1500.000000 1.000000
1339.459839 1500.000000 1.000000
1619.236206 1500.000000 1.000000
1166.813843 1500.000000 1.000000
4704.655762 1500.000000 1.000000
1576.160156 1500.000000 1.000000
1844.826660 1500.000000 1.000000
854.925232 1500.000000 1.000000
2215.119873 1500.000000 1.000000
1976.887329 1500.000000 1.000000
2045.668457 1500.000000 1.000000
1493.244507 1500.000000 1.000000
3072.720215 1500.000000 1.000000
1474.777344 1500.000000 1.000000
1255.658936 1500.000000 1.000000
2111.225098 1500.000000 1.000000
1826.370972 1500.000000 1.000000
1384.631592 1500.000000 1.000000
1512.354492 1500.000000 1.000000
1928.150269 1500.000000 1.000000
1853.146362 1500.000000 1.000000
1068.032837 1500.000000 1.000000
1543.027832 1500.000000 1.000000
2097.153809 1500.000000 1.000000
2100.445801 1500.000000 1.000000
2420.492188 1500.000000 1.000000
2422.923096 1500.000000 1.000000
1564.739746 1500.000000 1.000000
1384.140625 1500.000000 1.000000
1530.802124 1500.000000 1.000000
1340.238281 1500.000000 1.000000
1664.032349 1500.000000 1.000000
1436.720825 1500.000000 1.000000
4307.962891 1500.000000 1.000000
1603.465576 1500.000000 1.000000
1673.048828 1500.000000 1.000000
1599.930664 1500.000000 1.000000
1569.729004 1500.000000 1.000000
1506.407471 1500.000000 1.000000
1314.282715 1500.000000 1.000000
3229.859375 1500.000000 1.000000
2115.864990 1500.000000 1.000000
2427.114502 1500.000000 1.000000
1783.452148 1500.000000 1.000000
2013.176270 1500.000000 1.000000
2271.608643 1500.000000 1.000000
942.971558 1500.000000 1.000000
1806.536743 1500.000000 1.000000
1476.882202 1500.000000 1.000000
1088.930054 1500.000000 1.000000
1635.640503 1500.000000 1.000000
1550.298706 1500.000000 1.000000
1932.205566 1500.000000 1.000000
1772.182861 1500.000000 1.000000
1611.444336 1500.000000 1.000000
1338.899902 1500.000000 1.000000
1639.355347 1500.000000 1.000000
1878.733887 1500.000000 1.000000
1532.932861 1500.000000 1.000000
2512.796631 1500.000000 1.000000
1834.244019 1500.000000 1.000000
1542.348267 1500.000000 1.000000
2253.259033 1500.000000 1.000000
2561.960449 1500.000000 1.000000
1337.188110 1500.000000 1.000000
2444.947021 1500.000000 1.000000
1437.302368 1500.000000 1.000000
2007.901611 1500.000000 1.000000
983.704895 1500.000000 1.000000
1252.026978 1500.000000 1.000000
1351.329956 1500.000000 1.000000
2502.276855 1500.000000 1.000000
2022.039185 1500.000000 1.000000
4147.185059 1500.000000 1.000000
1510.343628 1500.000000 1.000000
1726.899292 1500.000000 1.000000
1871.724854 1500.000000 1.000000
2791.643066 1500.000000 1.000000
2270.235840 1500.000000 1.000000
2584.674072 1500.000000 1.000000
1493.299316 1500.000000 1.000000
1214.723022 1500.000000 1.000000
2541.263672 1500.000000 1.000000
1451.567627 1500.000000 1.000000
1637.611572 1500.000000 1.000000
1247.812378 1500.000000 1.000000
1438.301025 1500.000000 1.000000
1153.234863 1500.000000 1.000000
1349.774536 1500.000000 1.000000
2680.342041 1500.000000 1.000000
1653.399536 1500.000000 1.000000
2651.598877 1500.000000 1.000000
1623.030640 1500.000000 1.000000
1529.487915 1500.000000 1.000000
1703.652588 1500.000000 1.000000
1448.904785 1500.000000 1.000000
1381.458984 1500.000000 1.000000
1323.960571 1500.000000 1.000000
1267.372681 1500.000000 1.000000
1287.753052 1500.000000 1.000000
2295.094727 1500.000000 1.000000
1135.206909 1500.000000 1.000000
1031.823120 1500.000000 1.000000
1739.803101 1500.000000 1.000000
1601.640625 1500.000000 1.000000
1447.958374 1500.000000 1.000000
1402.189453 1500.000000 1.000000
2451.174316 1500.000000 1.000000
1785.658325 1500.000000 1.000000
1979.447144 1500.000000 1.000000
1341.991577 1500.000000 1.000000
2434.627930 1500.000000 1.000000
1409.231445 1500.000000 1.000000
2801.459717 1500.000000 1.000000
2010.129272 1500.000000 1.000000
1521.936035 1500.000000 1.000000
1693.896484 1500.000000 1.000000
1589.857422 1500.000000 1.000000
1211.903564 1500.000000 1.000000
1340.071533 1500.000000 1.000000
1529.279907 1500.000000 1.000000
1670.742432 1500.000000 1.000000
1361.640747 1500.000000 1.000000
1275.907593 1500.000000 1.000000
1345.275146 1500.000000 1.000000
1937.596191 1500.000000 1.000000
1443.755005 1500.000000 1.000000
2426.946289 1500.000000 1.000000
2286.088623 1500.000000 1.000000
1476.911255 1500.000000 1.000000
1898.393188 1500.000000 1.000000
1991.796509 1500.000000 1.000000
2193.302979 1500.000000 1.000000
1919.972412 1500.000000 1.000000
1268.371216 1500.000000 1.000000
2639.569092 1500.000000 1.000000
1876.525391 1500.000000 1.000000
1929.908691 1500.000000 1.000000
1797.196289 1500.000000 1.000000
1330.937622 1500.000000 1.000000
1469.871948 1500.000000 1.000000
2340.512451 1500.000000 1.000000
1359.094849 1500.000000 1.000000
2067.428955 1500.000000 1.000000
2166.667969 1500.000000 1.000000
1053.104248 1500.000000 1.000000
1763.721558 1500.000000 1.000000
2059.256104 1500.000000 1.000000
1842.921875 1500.000000 1.000000
2297.165039 1500.000000 1.000000
1591.980713 1500.000000 1.000000
1210.578491 1500.000000 1.000000
1935.847534 1500.000000 1.000000
1434.122803 1500.000000 1.000000
2886.138428 1500.000000 1.000000
1440.961060 1500.000000 1.000000
2308.893555 1500.000000 1.000000
2169.411377 1500.000000 1.000000
2398.117676 1500.000000 1.000000
1410.562500 1500.000000 1.000000
2547.625244 1500.000000 1.000000
1901.539429 1500.000000 1.000000
1295.897949 1500.000000 1.000000
1447.269653 1500.000000 1.000000
2926.583008 1500.000000 1.000000
1451.301147 1500.000000 1.000000
1297.286987 1500.000000 1.000000
2122.687500 1500.000000 1.000000
1957.754150 1500.000000 1.000000
1841.617554 1500.000000 1.000000
1055.534424 1500.000000 1.000000
2028.796875 1500.000000 1.000000
1572.578125 1500.000000 1.000000
1434.392456 1500.000000 1.000000
1612.276489 1500.000000 1.000000
1169.273560 1500.000000 1.000000
2903.656250 1500.000000 1.000000
1457.439331 1500.000000 1.000000
1626.903320 1500.000000 1.000000
2118.707520 1500.000000 1.000000
1585.516113 1500.000000 1.000000
1988.628052 1500.000000 1.000000
1465.674194 1500.000000 1.000000
1321.568481 1500.000000 1.000000
1514.351929 1500.000000 1.000000
1777.976074 1500.000000 1.000000
1965.927002 1500.000000 1.000000
2947.995850 1500.000000 1.000000
1634.270996 1500.000000 1.000000
1735.463501 1500.000000 1.000000
1732.305786 1500.000000 1.000000
1462.062500 1500.000000 1.000000
1622.583740 1500.000000 1.000000
1636.485107 1500.000000 1.000000
2101.913818 1500.000000 1.000000
1579.467163 1500.000000 1.000000
1242.402588 1500.000000 1.000000
1628.170898 1500.000000 1.000000
1594.955933 1500.000000 1.000000
1858.281616 1500.000000 1.000000
1578.167236 1500.000000 1.000000
2358.315186 1500.000000 1.000000
1448.806763 1500.000000 1.000000
1578.591919 1500.000000 1.000000
1347.116577 1500.000000 1.000000
2851.709473 1500.000000 1.000000
1489.991333 1500.000000 1.000000
2907.826904 1500.000000 1.000000
1618.701050 1500.000000 1.000000
1849.133789 1500.000000 1.000000
1508.496704 1500.000000 1.000000
2869.252197 1500.000000 1.000000
2403.938232 1500.000000 1.000000
2147.048340 1500.000000 1.000000
3160.527100 1500.000000 1.000000
1654.802124 1500.000000 1.000000
1837.468750 1500.000000 1.000000
1468.884644 1500.000000 1.000000
1974.592163 1500.000000 1.000000
1784.124756 1500.000000 1.000000
1847.732422 1500.000000 1.000000
1342.945923 1500.000000 1.000000
1666.317993 1500.000000 1.000000
1627.892456 1500.000000 1.000000
1334.413452 1500.000000 1.000000
1059.717529 1500.000000 1.000000
1773.037109 1500.000000 1.000000
1172.820312 1500.000000 1.000000
1533.215210 1500.000000 1.000000
3096.315186 1500.000000 1.000000
1373.078735 1500.000000 1.000000
1428.911621 1500.000000 1.000000
2166.304688 1500.000000 1.000000
1547.220459 1500.000000 1.000000
1728.957031 1500.000000 1.000000
1255.840942 1500.000000 1.000000
1327.530884 1500.000000 1.000000
1617.845825 1500.000000 1.000000
1390.980713 1500.000000 1.000000
1356.343750 1500.000000 1.000000
1815.009888 1500.000000 1.000000
1713.111450 1500.000000 1.000000
1334.331299 1500.000000 1.000000
1498.194214 1500.000000 1.000000
2773.419678 1500.000000 1.000000
1364.948486 1500.000000 1.000000
1243.079468 1500.000000 1.000000
1665.579102 1500.000000 1.000000
1635.987305 1500.000000 1.000000
1299.416016 1500.000000 1.000000
1451.658203 1500.000000 1.000000
2152.477539 1500.000000 1.000000
1704.942017 1500.000000 1.000000
2138.701904 1500.000000 1.000000
2303.609375 1500.000000 1.000000
1797.832031 1500.000000 1.000000
1904.566162 1500.000000 1.000000
1767.074829 1500.000000 1.000000
429.726135 1500.000000 1.000000
1095.119995 1500.000000 1.000000
1600.294434 1500.000000 1.000000
2321.973633 1500.000000 1.000000
1512.463623 1500.000000 1.000000
1415.842896 1500.000000 1.000000
1265.350342 1500.000000 1.000000
1828.323120 1500.000000 1.000000
2409.142334 1500.000000 1.000000
2316.229492 1500.000000 1.000000
1417.460571 1500.000000 1.000000
1093.224243 1500.000000 1.000000
1453.898315 1500.000000 1.000000
1465.125732 1500.000000 1.000000
2929.143799 1500.000000 1.000000
1425.808228 1500.000000 1.000000
2289.043457 1500.000000 1.000000
1190.644287 1500.000000 1.000000
3112.976074 1500.000000 1.000000
1136.980103 1500.000000 1.000000
1565.725220 1500.000000 1.000000
1352.765259 1500.000000 1.000000
1437.563965 1500.000000 1.000000
1505.443115 1500.000000 1.000000
1278.929321 1500.000000 1.000000
1696.236938 1500.000000 1.000000
1382.761597 1500.000000 1.000000
1706.940186 1500.000000 1.000000
1630.083130 1500.000000 1.000000
2105.926514 1500.000000 1.000000
1527.938599 1500.000000 1.000000
1563.207275 1500.000000 1.000000
2708.660156 1500.000000 1.000000
2241.921875 1500.000000 1.000000
1418.944092 1500.000000 1.000000
2285.316650 1500.000000 1.000000
1844.041016 1500.000000 1.000000
1674.316895 1500.000000 1.000000
1744.606079 1500.000000 1.000000
1219.578491 1500.000000 1.000000
1532.085205 1500.000000 1.000000
2329.943604 1500.000000 1.000000
1523.395386 1500.000000 1.000000
1705.541138 1500.000000 1.000000
2114.293945 1500.000000 1.000000
1589.474487 1500.000000 1.000000
1339.998657 1500.000000 1.000000
1260.216675 1500.000000 1.000000
1583.818848 1500.000000 1.000000
1515.839600 1500.000000 1.000000
1365.649902 1500.000000 1.000000
1248.118896 1500.000000 1.000000
2007.049805 1500.000000 1.000000
1110.514526 1500.000000 1.000000
1141.788330 1500.000000 1.000000
1950.232300 1500.000000 1.000000
1291.241577 1500.000000 1.000000
1533.454102 1500.000000 1.000000
2075.351562 1500.000000 1.000000
1747.327515 1500.000000 1.000000
1916.104370 1500.000000 1.000000
1675.922852 1500.000000 1.000000
1733.965454 1500.000000 1.000000
2367.522461 1500.000000 1.000000
2005.689453 1500.000000 1.000000
982.129456 1500.000000 1.000000
1423.354980 1500.000000 1.000000
2325.339600 1500.000000 1.000000
1563.375244 1500.000000 1.000000
1561.481934 1500.000000 1.000000
1280.435425 1500.000000 1.000000
1077.332886 1500.000000 1.000000
1717.045410 1500.000000 1.000000
1534.791992 1500.000000 1.000000
1140.918701 1500.000000 1.000000
2243.994141 1500.000000 1.000000
1067.782715 1500.000000 1.000000
1712.190552 1500.000000 1.000000
1553.657349 1500.000000 1.000000
1336.396484 1500.000000 1.000000
1623.573486 1500.000000 1.000000
1403.314087 1500.000000 1.000000
1362.841187 1500.000000 1.000000
1758.412964 1500.000000 1.000000
2087.939697 1500.000000 1.000000
1948.941406 1500.000000 1.000000
1475.092651 1500.000000 1.000000
1656.559082 1500.000000 1.000000
2097.591553 1500.000000 1.000000
1281.067871 1500.000000 1.000000
1119.539062 1500.000000 1.000000
1249.301636 1500.000000 1.000000
1633.865356 1500.000000 1.000000
1416.367310 1500.000000 1.000000
2098.126465 1500.000000 1.000000
1468.993530 1500.000000 1.000000
1347.805908 1500.000000 1.000000
1209.117065 1500.000000 1.000000
1381.239990 1500.000000 1.000000
1464.802246 1500.000000 1.000000
1139.189819 1500.000000 1.000000
1375.151245 1500.000000 1.000000
1902.153320 1500.000000 1.000000
1668.064819 1500.000000 1.000000
1636.696045 1500.000000 1.000000
2051.100098 1500.000000 1.000000
1273.990356 1500.000000 1.000000
1382.373291 1500.000000 1.000000
3114.867432 1500.000000 1.000000
1676.347778 1500.000000 1.000000
1523.304443 1500.000000 1.000000
2398.650635 1500.000000 1.000000
2447.539062 1500.000000 1.000000
1833.859009 1500.000000 1.000000
1368.899292 1500.000000 1.000000
1355.822388 1500.000000 1.000000
1713.813721 1500.000000 1.000000
1318.450195 1500.000000 1.000000
1591.114990 1500.000000 1.000000
1448.709839 1500.000000 1.000000
1434.823364 1500.000000 1.000000
2807.807373 1500.000000 1.000000
1563.892578 1500.000000 1.000000
1199.977783 1500.000000 1.000000
1646.688965 1500.000000 1.000000
1516.704468 1500.000000 1.000000
1622.236816 1500.000000 1.000000
859.954346 1500.000000 1.000000
1637.274170 1500.000000 1.000000
1558.591064 1500.000000 1.000000
1388.706665 1500.000000 1.000000
1150.494629 1500.000000 1.000000
1878.196289 1500.000000 1.000000
1667.727173 1500.000000 1.000000
1704.944824 1500.000000 1.000000
1273.834839 1500.000000 1.000000
2893.224854 1500.000000 1.000000
1596.263672 1500.000000 1.000000
1446.493286 1500.000000 1.000000
2069.155518 1500.000000 1.000000
1369.369385 1500.000000 1.000000
1175.213623 1500.000000 1.000000
1293.576050 1500.000000 1.000000
1375.656982 1500.000000 1.000000
1268.546387 1500.000000 1.000000
1950.660767 1500.000000 1.000000
1472.360596 1500.000000 1.000000
1557.148438 1500.000000 1.000000
2739.284912 1500.000000 1.000000
1065.906494 1500.000000 1.000000
2072.810791 1500.000000 1.000000
2381.824219 1500.000000 1.000000
1135.563354 1500.000000 1.000000
2739.835938 1500.000000 1.000000
1525.259399 1500.000000 1.000000
1401.076904 1500.000000 1.000000
2818.256104 1500.000000 1.000000
1283.501099 1500.000000 1.000000
2250.626221 1500.000000 1.000000
1740.998779 1500.000000 1.000000
1535.562744 1500.000000 1.000000
1623.420776 1500.000000 1.000000
1578.945557 1500.000000 1.000000
1507.428345 1500.000000 1.000000
1372.379761 1500.000000 1.000000
1728.111572 1500.000000 1.000000
1936.401733 1500.000000 1.000000
1366.598022 1500.000000 1.000000
1925.288696 1500.000000 1.000000
1248.405396 1500.000000 1.000000
1747.777466 1500.000000 1.000000
1554.040527 1500.000000 1.000000
2125.843994 1500.000000 1.000000
1431.929932 1500.000000 1.000000
1481.113403 1500.000000 1.000000
1377.825562 1500.000000 1.000000
1672.343262 1500.000000 1.000000
2462.603027 1500.000000 1.000000
1635.954590 1500.000000 1.000000
1530.126953 1500.000000 1.000000
1794.566040 1500.000000 1.000000
1473.865479 1500.000000 1.000000
957.220337 1500.000000 1.000000
1364.709473 1500.000000 1.000000
1433.387573 1500.000000 1.000000
1567.760864 1500.000000 1.000000
2087.414062 1500.000000 1.000000
1291.818726 1500.000000 1.000000
1393.923706 1500.000000 1.000000
1343.837402 1500.000000 1.000000
1423.822876 1500.000000 1.000000
1932.081177 1500.000000 1.000000
1420.424316 1500.000000 1.000000
2148.460693 1500.000000 1.000000
1526.132935 1500.000000 1.000000
1543.651611 1500.000000 1.000000
1343.424683 1500.000000 1.000000
1745.005249 1500.000000 1.000000
2007.350952 1500.000000 1.000000
1991.227295 1500.000000 1.000000
1361.558716 1500.000000 1.000000
1875.962402 1500.000000 1.000000
1457.289551 1500.000000 1.000000
2000.885010 1500.000000 1.000000
1837.787231 1500.000000 1.000000
2413.684814 1500.000000 1.000000
1707.287109 1500.000000 1.000000
1301.846558 1500.000000 1.000000
1603.777588 1500.000000 1.000000
1320.333740 1500.000000 1.000000
1167.425293 1500.000000 1.000000
1819.892212 1500.000000 1.000000
2860.873291 1500.000000 1.000000
1781.332153 1500.000000 1.000000
1676.027710 1500.000000 1.000000
1441.187378 1500.000000 1.000000
1489.089600 1500.000000 1.000000
1753.510620 1500.000000 1.000000
1278.828735 1500.000000 1.000000
1281.773071 1500.000000 1.000000
2269.760498 1500.000000 1.000000
1489.529907 1500.000000 1.000000
1705.938232 1500.000000 1.000000
1816.126831 1500.000000 1.000000
1873.755005 1500.000000 1.000000
2017.636108 1500.000000 1.000000
3341.733643 1500.000000 1.000000
1256.187378 1500.000000 1.000000
1335.933838 1500.000000 1.000000
1538.021362 1500.000000 1.000000
1551.465332 1500.000000 1.000000
1412.799561 1500.000000 1.000000
1303.303467 1500.000000 1.000000
1476.339600 1500.000000 1.000000
1377.628662 1500.000000 1.000000
1683.346069 1500.000000 1.000000
1478.905396 1500.000000 1.000000
1678.915405 1500.000000 1.000000
1424.637573 1500.000000 1.000000
1125.029663 1500.000000 1.000000
1675.922852 1500.000000 1.000000
1966.339478 1500.000000 1.000000
1303.815552 1500.000000 1.000000
1804.442505 1500.000000 1.000000
1323.654053 1500.000000 1.000000
1689.816406 1500.000000 1.000000
1345.379517 1500.000000 1.000000
2026.386719 1500.000000 1.000000
1551.080078 1500.000000 1.000000
1893.784058 1500.000000 1.000000
1834.670166 1500.000000 1.000000
1190.225952 1500.000000 1.000000
1777.182129 1500.000000 1.000000
1715.906860 1500.000000 1.000000
1694.312012 1500.000000 1.000000
1362.495239 1500.000000 1.000000
1609.096924 1500.000000 1.000000
1438.655151 1500.000000 1.000000
1950.399170 1500.000000 1.000000
1179.432617 1500.000000 1.000000
1503.211182 1500.000000 1.000000
1965.676147 1500.000000 1.000000
1376.465088 1500.000000 1.000000
1717.510132 1500.000000 1.000000
1454.420654 1500.000000 1.000000
1889.142700 1500.000000 1.000000
1411.708496 1500.000000 1.000000
1525.736450 1500.000000 1.000000
1476.801147 1500.000000 1.000000
1426.049072 1500.000000 1.000000
1484.024292 1500.000000 1.000000
1586.324829 1500.000000 1.000000
1569.669800 1500.000000 1.000000
2106.359131 1500.000000 1.000000
1103.608765 1500.000000 1.000000
1172.092773 1500.000000 1.000000
1506.074585 1500.000000 1.000000
1973.483887 1500.000000 1.000000
1402.792969 1500.000000 1.000000
1417.684326 1500.000000 1.000000
1321.855103 1500.000000 1.000000
1445.740356 1500.000000 1.000000
1286.355225 1500.000000 1.000000
2659.363525 1500.000000 1.000000
2030.608887 1500.000000 1.000000
1511.030273 1500.000000 1.000000
1779.634399 1500.000000 1.000000
1357.361084 1500.000000 1.000000
1653.515381 1500.000000 1.000000
2216.552979 1500.000000 1.000000
2190.313232 1500.000000 1.000000
2811.716797 1500.000000 1.000000
1788.766602 1500.000000 1.000000
2500.388916 1500.000000 1.000000
1979.469849 1500.000000 1.000000
2141.096924 1500.000000 1.000000
1512.261475 1500.000000 1.000000
1485.387329 1500.000000 1.000000
1181.337158 1500.000000 1.000000
1729.529907 1500.000000 1.000000
1511.916992 1500.000000 1.000000
1960.048950 1500.000000 1.000000
1869.119995 1500.000000 1.000000
948.092773 1500.000000 1.000000
2019.188110 1500.000000 1.000000
1512.044922 1500.000000 1.000000
1620.978394 1500.000000 1.000000
1433.130249 1500.000000 1.000000
926.656433 1500.000000 1.000000
1358.100586 1500.000000 1.000000
1441.015381 1500.000000 1.000000
2823.829834 1500.000000 1.000000
1773.020752 1500.000000 1.000000
2551.831299 1500.000000 1.000000
1683.230103 1500.000000 1.000000
1632.584595 1500.000000 1.000000
2305.086426 1500.000000 1.000000
1160.455322 1500.000000 1.000000
1721.364014 1500.000000 1.000000
1550.488525 1500.000000 1.000000
1903.134766 1500.000000 1.000000
1380.090576 1500.000000 1.000000
1317.015625 1500.000000 1.000000
1199.909790 1500.000000 1.000000
3416.269775 1500.000000 1.000000
1619.152344 1500.000000 1.000000
1450.432861 1500.000000 1.000000
1361.416260 1500.000000 1.000000
1230.437134 1500.000000 1.000000
1600.266479 1500.000000 1.000000
1275.477539 1500.000000 1.000000
2280.628174 1500.000000 1.000000
1431.932495 1500.000000 1.000000
1329.624878 1500.000000 1.000000
1552.848999 1500.000000 1.000000
1184.398193 1500.000000 1.000000
2172.706787 1500.000000 1.000000
1419.903564 1500.000000 1.000000
1092.843140 1500.000000 1.000000
1116.234741 1500.000000 1.000000
1606.431519 1500.000000 1.000000
1473.275024 1500.000000 1.000000
1755.738770 1500.000000 1.000000
1323.366699 1500.000000 1.000000
2023.974487 1500.000000 1.000000
2361.286621 1500.000000 1.000000
2233.256592 1500.000000 1.000000
1408.767578 1500.000000 1.000000
1937.051758 1500.000000 1.000000
1606.444092 1500.000000 1.000000
1128.111206 1500.000000 1.000000
1441.619629 1500.000000 1.000000
1731.982422 1500.000000 1.000000
1540.151855 1500.000000 1.000000
1678.685303 1500.000000 1.000000
1428.109009 1500.000000 1.000000
1046.771362 1500.000000 1.000000
1659.974121 1500.000000 1.000000
1359.059937 1500.000000 1.000000
1370.538696 1500.000000 1.000000
1161.651855 1500.000000 1.000000
1513.230957 1500.000000 1.000000
2078.099609 1500.000000 1.000000
1609.206543 1500.000000 1.000000
1349.132324 1500.000000 1.000000
1530.767334 1500.000000 1.000000
1475.182739 1500.000000 1.000000
1098.007446 1500.000000 1.000000
1348.322510 1500.000000 1.000000
2517.719971 1500.000000 1.000000
4365.327148 1500.000000 1.000000
2155.163086 1500.000000 1.000000
1627.336792 1500.000000 1.000000
2338.489014 1500.000000 1.000000
1350.749756 1500.000000 1.000000
2175.516602 1500.000000 1.000000
1524.592163 1500.000000 1.000000
1952.311279 1500.000000 1.000000
1189.621948 1500.000000 1.000000
1393.007568 1500.000000 1.000000
1566.919922 1500.000000 1.000000
1500.646240 1500.000000 1.000000
1852.063354 1500.000000 1.000000
1288.466187 1500.000000 1.000000
1324.231934 1500.000000 1.000000
1940.082397 1500.000000 1.000000
2227.053711 1500.000000 1.000000
1870.488403 1500.000000 1.000000
1333.305054 1500.000000 1.000000
1442.434692 1500.000000 1.000000
1491.676270 1500.000000 1.000000
1572.226074 1500.000000 1.000000
951.930969 1500.000000 1.000000
1278.859741 1500.000000 1.000000
2562.202393 1500.000000 1.000000
1606.553101 1500.000000 1.000000
1576.479736 1500.000000 1.000000
1348.608398 1500.000000 1.000000
2452.218506 1500.000000 1.000000
2243.345459 1500.000000 1.000000
1353.456909 1500.000000 1.000000
1618.409180 1500.000000 1.000000
1595.790039 1500.000000 1.000000
2255.522949 1500.000000 1.000000
2370.859619 1500.000000 1.000000
1237.240479 1500.000000 1.000000
1666.698853 1500.000000 1.000000
2143.036133 1500.000000 1.000000
1308.663086 1500.000000 1.000000
3927.181396 1500.000000 1.000000
2674.847168 1500.000000 1.000000
1409.246826 1500.000000 1.000000
1502.477417 1500.000000 1.000000
1346.057739 1500.000000 1.000000
1732.079346 1500.000000 1.000000
1319.495361 1500.000000 1.000000
1533.937256 1500.000000 1.000000
1333.161743 1500.000000 1.000000
1487.562012 1500.000000 1.000000
2772.141602 1500.000000 1.000000
1894.412354 1500.000000 1.000000
1582.845947 1500.000000 1.000000
1503.522461 1500.000000 1.000000
2058.805420 1500.000000 1.000000
942.677185 1500.000000 1.000000
1685.981689 1500.000000 1.000000
972.438049 1500.000000 1.000000
1918.811401 1500.000000 1.000000
1609.537109 1500.000000 1.000000
1259.724121 1500.000000 1.000000
1440.810669 1500.000000 1.000000
2020.633789 1500.000000 1.000000
1106.500732 1500.000000 1.000000
1585.342773 1500.000000 1.000000
1516.836182 1500.000000 1.000000
1171.416748 1500.000000 1.000000
1449.434082 1500.000000 1.000000
1506.595459 1500.000000 1.000000
1484.198242 1500.000000 1.000000
1206.570435 1500.000000 1.000000
1502.126953 1500.000000 1.000000
1493.062744 1500.000000 1.000000
1433.104858 1500.000000 1.000000
1212.110596 1500.000000 1.000000
1833.956055 1500.000000 1.000000
1784.559204 1500.000000 1.000000
1270.161621 1500.000000 1.000000
1835.494995 1500.000000 1.000000
1739.415405 1500.000000 1.000000
1359.813354 1500.000000 1.000000
1751.846313 1500.000000 1.000000
1813.733276 1500.000000 1.000000
2680.466797 1500.000000 1.000000
1389.593872 1500.000000 1.000000
1462.522339 1500.000000 1.000000
1398.187378 1500.000000 1.000000
1982.581299 1500.000000 1.000000
1848.429565 1500.000000 1.000000
1429.005005 1500.000000 1.000000
1687.646851 1500.000000 1.000000
1345.569336 1500.000000 1.000000
1601.502197 1500.000000 1.000000
3886.127686 1500.000000 1.000000
1536.327637 1500.000000 1.000000
1113.658813 1500.000000 1.000000
1727.242065 1500.000000 1.000000
1937.254517 1500.000000 1.000000
2542.132568 1500.000000 1.000000
2370.016846 1500.000000 1.000000
1499.808472 1500.000000 1.000000
1067.961548 1500.000000 1.000000
1361.545898 1500.000000 1.000000
1357.014038 1500.000000 1.000000
1433.207153 1500.000000 1.000000
1451.514893 1500.000000 1.000000
1543.529419 1500.000000 1.000000
1376.619385 1500.000000 1.000000
1388.880859 1500.000000 1.000000
1594.876953 1500.000000 1.000000
2040.215332 1500.000000 1.000000
2910.110596 1500.000000 1.000000
1970.996094 1500.000000 1.000000
1973.538696 1500.000000 1.000000
1521.102417 1500.000000 1.000000
1023.727356 1500.000000 1.000000
1396.965942 1500.000000 1.000000
1615.635010 1500.000000 1.000000
1321.022583 1500.000000 1.000000
1388.844238 1500.000000 1.000000
1336.473877 1500.000000 1.000000
1446.585205 1500.000000 1.000000
1438.840942 1500.000000 1.000000
2010.670288 1500.000000 1.000000
1265.973999 1500.000000 1.000000
1633.316528 1500.000000 1.000000
1473.208740 1500.000000 1.000000
1855.856079 1500.000000 1.000000
1391.770142 1500.000000 1.000000
1550.443726 1500.000000 1.000000
1525.307983 1500.000000 1.000000
2756.033203 1500.000000 1.000000
1232.181763 1500.000000 1.000000
1926.896606 1500.000000 1.000000
1478.110718 1500.000000 1.000000
1360.102905 1500.000000 1.000000
1844.931030 1500.000000 1.000000
1420.433350 1500.000000 1.000000
1826.792236 1500.000000 1.000000
1343.894287 1500.000000 1.000000
1479.355103 1500.000000 1.000000
1405.708008 1500.000000 1.000000
1519.987305 1500.000000 1.000000
2401.330811 1500.000000 1.000000
1332.408203 1500.000000 1.000000
1357.271362 1500.000000 1.000000
1459.688477 1500.000000 1.000000
1537.370483 1500.000000 1.000000
1553.569458 1500.000000 1.000000
1587.887451 1500.000000 1.000000
2322.992676 1500.000000 1.000000
2725.323975 1500.000000 1.000000
1851.966187 1500.000000 1.000000
2624.732910 1500.000000 1.000000
2388.606201 1500.000000 1.000000
1511.772827 1500.000000 1.000000
1511.746948 1500.000000 1.000000
1525.287231 1500.000000 1.000000
1393.016846 1500.000000 1.000000
2072.725342 1500.000000 1.000000
1359.755127 1500.000000 1.000000
1497.711792 1500.000000 1.000000
1584.972778 1500.000000 1.000000
1827.449585 1500.000000 1.000000
3152.915283 1500.000000 1.000000
1842.812622 1500.000000 1.000000
1561.048584 1500.000000 1.000000
963.890686 1500.000000 1.000000
1470.894531 1500.000000 1.000000
2109.770020 1500.000000 1.000000
2138.391602 1500.000000 1.000000
1488.229248 1500.000000 1.000000
2514.221436 1500.000000 1.000000
1625.134277 1500.000000 1.000000
1352.595825 1500.000000 1.000000
2428.684326 1500.000000 1.000000
1593.575806 1500.000000 1.000000
2559.756348 1500.000000 1.000000
1676.758423 1500.000000 1.000000
1555.219116 1500.000000 1.000000
1266.525513 1500.000000 1.000000
1398.181030 1500.000000 1.000000
1968.235352 1500.000000 1.000000
1409.110962 1500.000000 1.000000
1461.573608 1500.000000 1.000000
1091.688965 1500.000000 1.000000
2182.186768 1500.000000 1.000000
1693.138062 1500.000000 1.000000
1563.165039 1500.000000 1.000000
1528.502197 1500.000000 1.000000
1941.018066 1500.000000 1.000000
1398.195312 1500.000000 1.000000
1234.764038 1500.000000 1.000000
1042.954834 1500.000000 1.000000
2170.108643 1500.000000 1.000000
1396.519775 1500.000000 1.000000
1326.428467 1500.000000 1.000000
1235.185669 1500.000000 1.000000
2910.001953 1500.000000 1.000000
1911.199585 1500.000000 1.000000
2817.782227 1500.000000 1.000000
1534.064331 1500.000000 1.000000
1788.098022 1500.000000 1.000000
1321.882202 1500.000000 1.000000
1201.506348 1500.000000 1.000000
829.814514 1500.000000 1.000000
2129.196289 1500.000000 1.000000
1271.925537 1500.000000 1.000000
2021.667114 1500.000000 1.000000
1127.886353 1500.000000 1.000000
1456.729004 1500.000000 1.000000
1520.791382 1500.000000 1.000000
1396.937256 1500.000000 1.000000
2313.435303 1500.000000 1.000000
1291.727783 1500.000000 1.000000
1799.311523 1500.000000 1.000000
1924.105835 1500.000000 1.000000
1652.105347 1500.000000 1.000000
1754.025146 1500.000000 1.000000
1421.877441 1500.000000 1.000000
1487.933105 1500.000000 1.000000
1614.999146 1500.000000 1.000000
1596.625366 1500.000000 1.000000
1295.852661 1500.000000 1.000000
1783.855591 1500.000000 1.000000
2732.240479 1500.000000 1.000000
1421.146118 1500.000000 1.000000
1500.479004 1500.000000 1.000000
1765.123413 1500.000000 1.000000
1449.653198 1500.000000 1.000000
2038.106323 1500.000000 1.000000
1198.135254 1500.000000 1.000000
1429.937744 1500.000000 1.000000
1180.635864 1500.000000 1.000000
1303.916626 1500.000000 1.000000
1546.233032 1500.000000 1.000000
1557.552368 1500.000000 1.000000
1930.238525 1500.000000 1.000000
1639.849365 1500.000000 1.000000
1742.028687 1500.000000 1.000000
1111.269897 1500.000000 1.000000
1512.152222 1500.000000 1.000000
1263.184692 1500.000000 1.000000
1801.852417 1500.000000 1.000000
1114.260620 1500.000000 1.000000
1564.012451 1500.000000 1.000000
1120.764526 1500.000000 1.000000
1794.611084 1500.000000 1.000000
1508.554199 1500.000000 1.000000
2068.801758 1500.000000 1.000000
1310.715698 1500.000000 1.000000
1424.944824 1500.000000 1.000000
1531.124878 1500.000000 1.000000
2004.764404 1500.000000 1.000000
1483.036621 1500.000000 1.000000
1780.820923 1500.000000 1.000000
570.378967 1500.000000 1.000000
1350.507690 1500.000000 1.000000
1311.513794 1500.000000 1.000000
1340.578491 1500.000000 1.000000
4653.329590 1500.000000 1.000000
1925.148804 1500.000000 1.000000
1541.061768 1500.000000 1.000000
2509.360352 1500.000000 1.000000
1631.799438 1500.000000 1.000000
1416.542236 1500.000000 1.000000
1577.768921 1500.000000 1.000000
1343.132080 1500.000000 1.000000
1185.300537 1500.000000 1.000000
1457.967896 1500.000000 1.000000
1455.518555 1500.000000 1.000000
1632.211304 1500.000000 1.000000
1254.826660 1500.000000 1.000000
1668.672852 1500.000000 1.000000
1472.575317 1500.000000 1.000000
1376.955566 1500.000000 1.000000
1388.566895 1500.000000 1.000000
1764.331421 1500.000000 1.000000
2127.004395 1500.000000 1.000000
1613.057739 1500.000000 1.000000
1156.984619 1500.000000 1.000000
1439.555054 1500.000000 1.000000
1530.714355 1500.000000 1.000000
1275.268188 1500.000000 1.000000
2220.253662 1500.000000 1.000000
2091.004150 1500.000000 1.000000
718.737427 1500.000000 1.000000
1673.274780 1500.000000 1.000000
1536.268555 1500.000000 1.000000
1219.076904 1500.000000 1.000000
1313.988037 1500.000000 1.000000
2099.986816 1500.000000 1.000000
4408.844238 1500.000000 1.000000
1738.065918 1500.000000 1.000000
1394.272217 1500.000000 1.000000
1209.621216 1500.000000 1.000000
1878.038818 1500.000000 1.000000
1589.663940 1500.000000 1.000000
1248.646606 1500.000000 1.000000
1703.104736 1500.000000 1.000000
1593.012939 1500.000000 1.000000
1277.193604 1500.000000 1.000000
1403.528076 1500.000000 1.000000
1352.796875 1500.000000 1.000000
1472.386841 1500.000000 1.000000
1417.150879 1500.000000 1.000000
1789.014771 1500.000000 1.000000
1415.117798 1500.000000 1.000000
1827.009766 1500.000000 1.000000
1572.733154 1500.000000 1.000000
1158.641602 1500.000000 1.000000
1455.442871 1500.000000 1.000000
1371.318726 1500.000000 1.000000
1611.263794 1500.000000 1.000000
1954.105957 1500.000000 1.000000
1145.693115 1500.000000 1.000000
1666.047974 1500.000000 1.000000
1028.761597 1500.000000 1.000000
1632.666748 1500.000000 1.000000
1141.557129 1500.000000 1.000000
1136.643433 1500.000000 1.000000
1228.753906 1500.000000 1.000000
2035.119385 1500.000000 1.000000
1524.404053 1500.000000 1.000000
1977.252075 1500.000000 1.000000
1448.060791 1500.000000 1.000000
1693.429321 1500.000000 1.000000
1261.539185 1500.000000 1.000000
1563.161865 1500.000000 1.000000
2412.154785 1500.000000 1.000000
884.321777 1500.000000 1.000000
1517.180176 1500.000000 1.000000
1444.351074 1500.000000 1.000000
1459.973145 1500.000000 1.000000
1697.094116 1500.000000 1.000000
1463.539551 1500.000000 1.000000
1726.825317 1500.000000 1.000000
2479.481689 1500.000000 1.000000
1360.865967 1500.000000 1.000000
2500.693848 1500.000000 1.000000
1576.391968 1500.000000 1.000000
1243.216309 1500.000000 1.000000
1414.826294 1500.000000 1.000000
1823.949463 1500.000000 1.000000
2484.174561 1500.000000 1.000000
1676.986816 1500.000000 1.000000
1669.928345 1500.000000 1.000000
1118.025146 1500.000000 1.000000
1563.031982 1500.000000 1.000000
1472.466431 1500.000000 1.000000
1697.799316 1500.000000 1.000000
1724.418457 1500.000000 1.000000
1448.532959 1500.000000 1.000000
1967.286865 1500.000000 1.000000
1554.940186 1500.000000 1.000000
1236.467896 1500.000000 1.000000
1650.142090 1500.000000 1.000000
1559.833984 1500.000000 1.000000
1297.852905 1500.000000 1.000000
1518.724487 1500.000000 1.000000
1252.967285 1500.000000 1.000000
1427.392212 1500.000000 1.000000
1548.760620 1500.000000 1.000000
1800.443848 1500.000000 1.000000
1186.322388 1500.000000 1.000000
1745.766113 1500.000000 1.000000
1936.169312 1500.000000 1.000000
1553.879517 1500.000000 1.000000
1876.275635 1500.000000 1.000000
2385.201172 1500.000000 1.000000
2272.237549 1500.000000 1.000000
1348.950684 1500.000000 1.000000
1449.852539 1500.000000 1.000000
883.491577 1500.000000 1.000000
1159.175537 1500.000000 1.000000
1243.529419 1500.000000 1.000000
3329.920898 1500.000000 1.000000
1750.377563 1500.000000 1.000000
2274.457764 1500.000000 1.000000
1374.311157 1500.000000 1.000000
1519.614502 1500.000000 1.000000
1180.690674 1500.000000 1.000000
1528.108154 1500.000000 1.000000
1490.059204 1500.000000 1.000000
2280.088867 1500.000000 1.000000
1555.040405 1500.000000 1.000000
1427.942261 1500.000000 1.000000
1011.637024 1500.000000 1.000000
1464.742920 1500.000000 1.000000
1108.081177 1500.000000 1.000000
1392.180298 1500.000000 1.000000
1515.783203 1500.000000 1.000000
1600.428711 1500.000000 1.000000
1982.479370 1500.000000 1.000000
1332.505249 1500.000000 1.000000
1484.359009 1500.000000 1.000000
1197.638794 1500.000000 1.000000
2162.444092 1500.000000 1.000000
1730.246338 1500.000000 1.000000
1201.102295 1500.000000 1.000000
1788.603760 1500.000000 1.000000
2509.083984 1500.000000 1.000000
1531.904785 1500.000000 1.000000
1924.547607 1500.000000 1.000000
1079.676392 1500.000000 1.000000
1599.391479 1500.000000 1.000000
1124.576782 1500.000000 1.000000
1088.312134 1500.000000 1.000000
1298.147339 1500.000000 1.000000
3345.266602 1500.000000 1.000000
1212.038452 1500.000000 1.000000
1044.427490 1500.000000 1.000000
2425.770752 1500.000000 1.000000
1468.661499 1500.000000 1.000000
1594.316895 1500.000000 1.000000
1776.610107 1500.000000 1.000000
1357.113892 1500.000000 1.000000
1224.385498 1500.000000 1.000000
1385.351196 1500.000000 1.000000
1598.083618 1500.000000 1.000000
1632.936768 1500.000000 1.000000
1537.020142 1500.000000 1.000000
1315.544800 1500.000000 1.000000
1548.910278 1500.000000 1.000000
1533.513062 1500.000000 1.000000
1739.119141 1500.000000 1.000000
2297.533691 1500.000000 1.000000
1381.086548 1500.000000 1.000000
1899.933105 1500.000000 1.000000
1442.294800 1500.000000 1.000000
1120.393433 1500.000000 1.000000
1029.775391 1500.000000 1.000000
1482.075684 1500.000000 1.000000
2151.793213 1500.000000 1.000000
2685.901367 1500.000000 1.000000
1676.561401 1500.000000 1.000000
1034.244629 1500.000000 1.000000
1369.379761 1500.000000 1.000000
2186.819336 1500.000000 1.000000
1095.290527 1500.000000 1.000000
2316.382324 1500.000000 1.000000
1525.227661 1500.000000 1.000000
1856.424683 1500.000000 1.000000
1906.400391 1500.000000 1.000000
1390.813965 1500.000000 1.000000
1451.577026 1500.000000 1.000000
2377.510742 1500.000000 1.000000
1353.635376 1500.000000 1.000000
1469.277710 1500.000000 1.000000
1687.229614 1500.000000 1.000000
1646.467773 1500.000000 1.000000
1870.753540 1500.000000 1.000000
1947.186035 1500.000000 1.000000
2547.432129 1500.000000 1.000000
1450.157227 1500.000000 1.000000
1332.003906 1500.000000 1.000000
1520.364380 1500.000000 1.000000
1215.991577 1500.000000 1.000000
796.946289 1500.000000 1.000000
878.863037 1500.000000 0.000000
505.913208 1500.000000 0.000000
908.590820 1500.000000 0.000000
747.795715 1500.000000 0.000000
513.053284 1500.000000 0.000000
472.560730 1500.000000 0.000000
475.221985 1500.000000 0.000000
500.125732 1500.000000 0.000000
514.377197 1500.000000 0.000000
454.481232 1500.000000 0.000000
405.019684 1500.000000 0.000000
591.054626 1500.000000 0.000000
541.469055 1500.000000 0.000000
542.223083 1500.000000 0.000000
1928.838989 1500.000000 0.000000
363.099213 1500.000000 0.000000
438.900391 1500.000000 0.000000
385.869751 1500.000000 0.000000
683.988647 1500.000000 0.000000
814.509705 1500.000000 0.000000
615.089722 1500.000000 0.000000
603.359497 1500.000000 0.000000
462.078491 1500.000000 0.000000
790.353210 1500.000000 0.000000
663.507996 1500.000000 0.000000
698.944763 1500.000000 0.000000
437.842590 1500.000000 0.000000
564.282471 1500.000000 0.000000
505.175018 1500.000000 0.000000
608.000732 1500.000000 0.000000
596.283447 1500.000000 0.000000
500.701569 1500.000000 0.000000
474.701202 1500.000000 0.000000
413.774323 1500.000000 0.000000
755.122681 1500.000000 0.000000
954.819885 1500.000000 0.000000
542.736267 1500.000000 0.000000
1263.316284 1500.000000 0.000000
389.741394 1500.000000 0.000000
860.778198 1500.000000 0.000000
657.208862 1500.000000 0.000000
489.394165 1500.000000 0.000000
704.987854 1500.000000 0.000000
890.787476 1500.000000 0.000000
713.495789 1500.000000 0.000000
500.878296 1500.000000 0.000000
621.693237 1500.000000 0.000000
776.161987 1500.000000 0.000000
424.015533 1500.000000 0.000000
930.128235 1500.000000 0.000000
1022.615295 1500.000000 0.000000
562.698608 1500.000000 0.000000
757.371399 1500.000000 0.000000
817.364136 1500.000000 0.000000
614.962524 1500.000000 0.000000
1395.661987 1500.000000 0.000000
421.073914 1500.000000 0.000000
453.542023 1500.000000 0.000000
488.161255 1500.000000 0.000000
546.504944 1500.000000 0.000000
565.230774 1500.000000 0.000000
527.178650 1500.000000 0.000000
1125.640015 1500.000000 0.000000
438.671173 1500.000000 0.000000
596.151001 1500.000000 0.000000
959.681885 1500.000000 0.000000
568.244385 1500.000000 0.000000
1678.949219 1500.000000 0.000000
1006.690613 1500.000000 0.000000
447.552460 1500.000000 0.000000
581.671143 1500.000000 0.000000
694.354370 1500.000000 0.000000
898.762634 1500.000000 0.000000
466.827209 1500.000000 0.000000
358.330536 1500.000000 0.000000
978.835876 1500.000000 0.000000
441.729309 1500.000000 0.000000
535.661926 1500.000000 0.000000
611.689209 1500.000000 0.000000
463.567780 1500.000000 0.000000
415.433929 1500.000000 0.000000
865.317871 1500.000000 0.000000
630.472778 1500.000000 0.000000
1653.249268 1500.000000 0.000000
676.998413 1500.000000 0.000000
472.812714 1500.000000 0.000000
395.888702 1500.000000 0.000000
331.880035 1500.000000 0.000000
618.313660 1500.000000 0.000000
508.005646 1500.000000 0.000000
729.833801 1500.000000 0.000000
419.926514 1500.000000 0.000000
726.602600 1500.000000 0.000000
1590.509521 1500.000000 0.000000
583.279724 1500.000000 0.000000
314.632690 1500.000000 0.000000
388.349884 1500.000000 0.000000
516.722107 1500.000000 0.000000
1068.440552 1500.000000 0.000000
1781.867188 1500.000000 0.000000
407.777771 1500.000000 0.000000
388.644379 1500.000000 0.000000
541.056824 1500.000000 0.000000
890.132629 1500.000000 0.000000
377.672455 1500.000000 0.000000
376.773590 1500.000000 0.000000
504.478180 1500.000000 0.000000
449.240997 1500.000000 0.000000
734.313660 1500.000000 0.000000
510.573212 1500.000000 0.000000
831.639282 1500.000000 0.000000
1138.884766 1500.000000 0.000000
332.403412 1500.000000 0.000000
381.480988 1500.000000 0.000000
420.164551 1500.000000 0.000000
581.380920 1500.000000 0.000000
1157.752441 1500.000000 0.000000
718.239014 1500.000000 0.000000
611.656372 1500.000000 0.000000
676.337402 1500.000000 0.000000
391.146667 1500.000000 0.000000
441.813263 1500.000000 0.000000
803.397095 1500.000000 0.000000
361.957520 1500.000000 0.000000
332.172974 1500.000000 0.000000
864.940552 1500.000000 0.000000
649.999756 1500.000000 0.000000
351.300720 1500.000000 0.000000
531.524597 1500.000000 0.000000
556.401306 1500.000000 0.000000
254.324326 1500.000000 0.000000
407.199188 1500.000000 0.000000
1196.983521 1500.000000 0.000000
474.896881 1500.000000 0.000000
903.250183 1500.000000 0.000000
377.283997 1500.000000 0.000000
874.624329 1500.000000 0.000000
419.149109 1500.000000 0.000000
502.714813 1500.000000 0.000000
402.477295 1500.000000 0.000000
880.082092 1500.000000 0.000000
369.402649 1500.000000 0.000000
421.169220 1500.000000 0.000000
402.633606 1500.000000 0.000000
642.678955 1500.000000 0.000000
461.985321 1500.000000 0.000000
489.439178 1500.000000 0.000000
534.140808 1500.000000 0.000000
482.088043 1500.000000 0.000000
420.717682 1500.000000 0.000000
759.988464 1500.000000 0.000000
406.195282 1500.000000 0.000000
969.765442 1500.000000 0.000000
643.057434 1500.000000 0.000000
670.986084 1500.000000 0.000000
531.023865 1500.000000 0.000000
429.512604 1500.000000 0.000000
532.701416 1500.000000 0.000000
685.490295 1500.000000 0.000000
506.878784 1500.000000 0.000000
527.592163 1500.000000 0.000000
648.932312 1500.000000 0.000000
762.131409 1500.000000 0.000000
555.354980 1500.000000 0.000000
535.852051 1500.000000 0.000000
519.866943 1500.000000 0.000000
380.623535 1500.000000 0.000000
455.082855 1500.000000 0.000000
562.496094 1500.000000 0.000000
569.280640 1500.000000 0.000000
776.577454 1500.000000 0.000000
492.216736 1500.000000 0.000000
651.999634 1500.000000 0.000000
487.708862 1500.000000 0.000000
430.512024 1500.000000 0.000000
929.919800 1500.000000 0.000000
622.692566 1500.000000 0.000000
512.839905 1500.000000 0.000000
463.098694 1500.000000 0.000000
1486.104370 1500.000000 0.000000
342.889587 1500.000000 0.000000
353.054077 1500.000000 0.000000
701.318604 1500.000000 0.000000
1009.437988 1500.000000 0.000000
550.074463 1500.000000 0.000000
428.603394 1500.000000 0.000000
464.563660 1500.000000 0.000000
1402.486816 1500.000000 0.000000
423.844025 1500.000000 0.000000
639.616516 1500.000000 0.000000
677.008850 1500.000000 0.000000
466.616699 1500.000000 0.000000
708.954712 1500.000000 0.000000
392.559723 1500.000000 0.000000
532.077087 1500.000000 0.000000
577.710144 1500.000000 0.000000
750.552917 1500.000000 0.000000
513.326904 1500.000000 0.000000
276.868866 1500.000000 0.000000
1086.784302 1500.000000 0.000000
433.988525 1500.000000 0.000000
528.270752 1500.000000 0.000000
492.539642 1500.000000 0.000000
488.129059 1500.000000 0.000000
356.716400 1500.000000 0.000000
909.368103 1500.000000 0.000000
692.527161 1500.000000 0.000000
381.673553 1500.000000 0.000000
549.319458 1500.000000 0.000000
1292.738281 1500.000000 0.000000
1115.524536 1500.000000 0.000000
656.285278 1500.000000 0.000000
1091.133667 1500.000000 0.000000
453.766571 1500.000000 0.000000
827.209473 1500.000000 0.000000
355.107330 1500.000000 0.000000
532.257874 1500.000000 0.000000
656.233582 1500.000000 0.000000
759.548523 1500.000000 0.000000
556.220581 1500.000000 0.000000
459.253723 1500.000000 0.000000
449.599731 1500.000000 0.000000
771.449036 1500.000000 0.000000
630.137573 1500.000000 0.000000
394.398102 1500.000000 0.000000
404.340851 1500.000000 0.000000
497.748230 1500.000000 0.000000
763.499451 1500.000000 0.000000
476.782104 1500.000000 0.000000
431.743622 1500.000000 0.000000
481.947449 1500.000000 0.000000
746.311340 1500.000000 0.000000
523.630371 1500.000000 0.000000
348.140045 1500.000000 0.000000
546.009338 1500.000000 0.000000
743.286438 1500.000000 0.000000
366.278442 1500.000000 0.000000
598.445251 1500.000000 0.000000
1134.550293 1500.000000 0.000000
645.128967 1500.000000 0.000000
520.165771 1500.000000 0.000000
1213.590332 1500.000000 0.000000
422.742218 1500.000000 0.000000
474.268707 1500.000000 0.000000
571.810913 1500.000000 0.000000
783.589661 1500.000000 0.000000
431.749146 1500.000000 0.000000
675.054565 1500.000000 0.000000
392.544067 1500.000000 0.000000
968.146606 1500.000000 0.000000
385.728912 1500.000000 0.000000
471.735718 1500.000000 0.000000
1303.992310 1500.000000 0.000000
607.084473 1500.000000 0.000000
637.545227 1500.000000 0.000000
465.514069 1500.000000 0.000000
368.590576 1500.000000 0.000000
614.236511 1500.000000 0.000000
398.466827 1500.000000 0.000000
1200.804199 1500.000000 0.000000
488.433838 1500.000000 0.000000
628.919128 1500.000000 0.000000
972.756042 1500.000000 0.000000
752.362549 1500.000000 0.000000
661.225281 1500.000000 0.000000
718.058838 1500.000000 0.000000
518.696899 1500.000000 0.000000
726.426453 1500.000000 0.000000
742.187134 1500.000000 0.000000
339.027039 1500.000000 0.000000
612.624390 1500.000000 0.000000
379.845703 1500.000000 0.000000
603.697632 1500.000000 0.000000
635.831909 1500.000000 0.000000
666.090027 1500.000000 0.000000
1204.401367 1500.000000 0.000000
805.535767 1500.000000 0.000000
349.340118 1500.000000 0.000000
588.495361 1500.000000 0.000000
704.401978 1500.000000 0.000000
786.389954 1500.000000 0.000000
444.832397 1500.000000 0.000000
529.604675 1500.000000 0.000000
322.104492 1500.000000 0.000000
633.608582 1500.000000 0.000000
629.960205 1500.000000 0.000000
560.442017 1500.000000 0.000000
328.223633 1500.000000 0.000000
310.222137 1500.000000 0.000000
392.632263 1500.000000 0.000000
322.433533 1500.000000 0.000000
521.117615 1500.000000 0.000000
666.917542 1500.000000 0.000000
442.759338 1500.000000 0.000000
799.995300 1500.000000 0.000000
415.736053 1500.000000 0.000000
729.540710 1500.000000 0.000000
330.034698 1500.000000 0.000000
447.345673 1500.000000 0.000000
433.137329 1500.000000 0.000000
543.303040 1500.000000 0.000000
449.062897 1500.000000 0.000000
737.848206 1500.000000 0.000000
364.818054 1500.000000 0.000000
993.248413 1500.000000 0.000000
428.609467 1500.000000 0.000000
647.793701 1500.000000 0.000000
896.935791 1500.000000 0.000000
770.410645 1500.000000 0.000000
372.243042 1500.000000 0.000000
995.761719 1500.000000 0.000000
558.215393 1500.000000 0.000000
455.259583 1500.000000 0.000000
1587.483032 1500.000000 0.000000
891.857727 1500.000000 0.000000
532.434814 1500.000000 0.000000
605.305176 1500.000000 0.000000
1117.911865 1500.000000 0.000000
667.153442 1500.000000 0.000000
617.479370 1500.000000 0.000000
491.068573 1500.000000 0.000000
1049.152710 1500.000000 0.000000
476.275482 1500.000000 0.000000
657.791809 1500.000000 0.000000
455.049957 1500.000000 0.000000
656.609741 1500.000000 0.000000
493.833252 1500.000000 0.000000
507.248444 1500.000000 0.000000
420.473267 1500.000000 0.000000
365.801025 1500.000000 0.000000
432.087158 1500.000000 0.000000
942.020325 1500.000000 0.000000
395.743164 1500.000000 0.000000
794.076477 1500.000000 0.000000
1057.460327 1500.000000 0.000000
860.045776 1500.000000 0.000000
740.315247 1500.000000 0.000000
845.672729 1500.000000 0.000000
456.216370 1500.000000 0.000000
296.585358 1500.000000 0.000000
412.277832 1500.000000 0.000000
346.532410 1500.000000 0.000000
1751.660278 1500.000000 0.000000
582.167358 1500.000000 0.000000
961.466248 1500.000000 0.000000
1032.747681 1500.000000 0.000000
589.223206 1500.000000 0.000000
732.816284 1500.000000 0.000000
473.303711 1500.000000 0.000000
440.583496 1500.000000 0.000000
757.715088 1500.000000 0.000000
670.246765 1500.000000 0.000000
358.872467 1500.000000 0.000000
576.748230 1500.000000 0.000000
567.482056 1500.000000 0.000000
1395.740479 1500.000000 0.000000
460.619019 1500.000000 0.000000
617.936340 1500.000000 0.000000
1131.078979 1500.000000 0.000000
476.922272 1500.000000 0.000000
602.214905 1500.000000 0.000000
356.890564 1500.000000 0.000000
806.846497 1500.000000 0.000000
905.251038 1500.000000 0.000000
536.935669 1500.000000 0.000000
814.321350 1500.000000 0.000000
633.349487 1500.000000 0.000000
512.472656 1500.000000 0.000000
655.408813 1500.000000 0.000000
405.989777 1500.000000 0.000000
481.562988 1500.000000 0.000000
1120.616333 1500.000000 0.000000
440.744049 1500.000000 0.000000
504.256714 1500.000000 0.000000
376.943817 1500.000000 0.000000
437.308136 1500.000000 0.000000
385.354645 1500.000000 0.000000
358.395599 1500.000000 0.000000
648.815002 1500.000000 0.000000
824.700928 1500.000000 0.000000
599.995605 1500.000000 0.000000
494.448486 1500.000000 0.000000
551.222046 1500.000000 0.000000
489.288055 1500.000000 0.000000
561.801147 1500.000000 0.000000
879.304688 1500.000000 0.000000
430.588776 1500.000000 0.000000
960.982239 1500.000000 0.000000
613.698792 1500.000000 0.000000
1183.647095 1500.000000 0.000000
268.492645 1500.000000 0.000000
652.910583 1500.000000 0.000000
393.483185 1500.000000 0.000000
875.076599 1500.000000 0.000000
761.368835 1500.000000 0.000000
587.278870 1500.000000 0.000000
451.951172 1500.000000 0.000000
1046.252930 1500.000000 0.000000
1159.778198 1500.000000 0.000000
847.929443 1500.000000 0.000000
514.534119 1500.000000 0.000000
553.403809 1500.000000 0.000000
973.636597 1500.000000 0.000000
350.204865 1500.000000 0.000000
517.727966 1500.000000 0.000000
379.515594 1500.000000 0.000000
374.512054 1500.000000 0.000000
365.093903 1500.000000 0.000000
462.652863 1500.000000 0.000000
319.725586 1500.000000 0.000000
594.451660 1500.000000 0.000000
733.604797 1500.000000 0.000000
1023.849060 1500.000000 0.000000
746.337585 1500.000000 0.000000
433.175934 1500.000000 0.000000
1542.192139 1500.000000 0.000000
414.622803 1500.000000 0.000000
501.342712 1500.000000 0.000000
968.722595 1500.000000 0.000000
943.675476 1500.000000 0.000000
460.427673 1500.000000 0.000000
459.286682 1500.000000 0.000000
371.399017 1500.000000 0.000000
425.111237 1500.000000 0.000000
806.839111 1500.000000 0.000000
641.560730 1500.000000 0.000000
307.273682 1500.000000 0.000000
619.957520 1500.000000 0.000000
749.409790 1500.000000 0.000000
594.564697 1500.000000 0.000000
803.310730 1500.000000 0.000000
501.349182 1500.000000 0.000000
408.597229 1500.000000 0.000000
427.815216 1500.000000 0.000000
624.793640 1500.000000 0.000000
494.787628 1500.000000 0.000000
803.166443 1500.000000 0.000000
551.854309 1500.000000 0.000000
399.467926 1500.000000 0.000000
368.480713 1500.000000 0.000000
336.678925 1500.000000 0.000000
448.633789 1500.000000 0.000000
873.029358 1500.000000 0.000000
485.877136 1500.000000 0.000000
698.287964 1500.000000 0.000000
663.279907 1500.000000 0.000000
327.554535 1500.000000 0.000000
338.277985 1500.000000 0.000000
842.884888 1500.000000 0.000000
482.223206 1500.000000 0.000000
840.506958 1500.000000 0.000000
573.380310 1500.000000 0.000000
721.662598 1500.000000 0.000000
948.055054 1500.000000 0.000000
752.974670 1500.000000 0.000000
791.510254 1500.000000 0.000000
1032.221680 1500.000000 0.000000
512.916687 1500.000000 0.000000
1088.568970 1500.000000 0.000000
525.165527 1500.000000 0.000000
544.589294 1500.000000 0.000000
587.752197 1500.000000 0.000000
824.914001 1500.000000 0.000000
510.376312 1500.000000 0.000000
481.109833 1500.000000 0.000000
384.745758 1500.000000 0.000000
1018.669617 1500.000000 0.000000
444.714142 1500.000000 0.000000
576.515808 1500.000000 0.000000
914.365356 1500.000000 0.000000
814.031982 1500.000000 0.000000
384.221436 1500.000000 0.000000
611.644409 1500.000000 0.000000
1639.694824 1500.000000 0.000000
374.651733 1500.000000 0.000000
498.245667 1500.000000 0.000000
557.857361 1500.000000 0.000000
550.884094 1500.000000 0.000000
1569.347656 1500.000000 0.000000
533.210449 1500.000000 0.000000
416.485626 1500.000000 0.000000
1507.591675 1500.000000 0.000000
656.392029 1500.000000 0.000000
436.035828 1500.000000 0.000000
505.124817 1500.000000 0.000000
559.646118 1500.000000 0.000000
462.362579 1500.000000 0.000000
682.436401 1500.000000 0.000000
327.874573 1500.000000 0.000000
595.901428 1500.000000 0.000000
605.043701 1500.000000 0.000000
354.022980 1500.000000 0.000000
543.201965 1500.000000 0.000000
620.603455 1500.000000 0.000000
397.835175 1500.000000 0.000000
390.171844 1500.000000 0.000000
2782.532227 1500.000000 0.000000
547.614685 1500.000000 0.000000
1442.884277 1500.000000 0.000000
1078.298462 1500.000000 0.000000
550.682617 1500.000000 0.000000
486.938904 1500.000000 0.000000
1331.871094 1500.000000 0.000000
541.274475 1500.000000 0.000000
324.449097 1500.000000 0.000000
372.609650 1500.000000 0.000000
526.681702 1500.000000 0.000000
302.601135 1500.000000 0.000000
487.985962 1500.000000 0.000000
484.662659 1500.000000 0.000000
581.299011 1500.000000 0.000000
422.220001 1500.000000 0.000000
651.895630 1500.000000 0.000000
425.574890 1500.000000 0.000000
587.820923 1500.000000 0.000000
949.047607 1500.000000 0.000000
484.995239 1500.000000 0.000000
486.027130 1500.000000 0.000000
593.523804 1500.000000 0.000000
343.012848 1500.000000 0.000000
450.052551 1500.000000 0.000000
643.974731 1500.000000 0.000000
1589.881226 1500.000000 0.000000
555.019287 1500.000000 0.000000
789.703857 1500.000000 0.000000
803.413269 1500.000000 0.000000
499.958435 1500.000000 0.000000
456.721313 1500.000000 0.000000
342.781982 1500.000000 0.000000
502.797211 1500.000000 0.000000
321.597260 1500.000000 0.000000
553.976685 1500.000000 0.000000
444.245483 1500.000000 0.000000
600.758240 1500.000000 0.000000
553.541809 1500.000000 0.000000
377.389740 1500.000000 0.000000
360.703644 1500.000000 0.000000
546.291565 1500.000000 0.000000
900.194946 1500.000000 0.000000
639.422485 1500.000000 0.000000
841.437256 1500.000000 0.000000
491.020996 1500.000000 0.000000
429.240204 1500.000000 0.000000
918.713928 1500.000000 0.000000
508.051056 1500.000000 0.000000
416.450439 1500.000000 0.000000
658.538818 1500.000000 0.000000
659.420349 1500.000000 0.000000
416.537079 1500.000000 0.000000
421.662537 1500.000000 0.000000
1071.594238 1500.000000 0.000000
748.550781 1500.000000 0.000000
484.010620 1500.000000 0.000000
970.138611 1500.000000 0.000000
775.231750 1500.000000 0.000000
485.296661 1500.000000 0.000000
654.745728 1500.000000 0.000000
640.107117 1500.000000 0.000000
501.473816 1500.000000 0.000000
472.995941 1500.000000 0.000000
378.411469 1500.000000 0.000000
410.688904 1500.000000 0.000000
470.196014 1500.000000 0.000000
503.195068 1500.000000 0.000000
526.992615 1500.000000 0.000000
1365.760254 1500.000000 0.000000
754.397827 1500.000000 0.000000
801.479858 1500.000000 0.000000
436.596558 1500.000000 0.000000
541.350403 1500.000000 0.000000
562.879395 1500.000000 0.000000
577.079346 1500.000000 0.000000
380.514282 1500.000000 0.000000
1882.297607 1500.000000 0.000000
407.572601 1500.000000 0.000000
515.894165 1500.000000 0.000000
706.462646 1500.000000 0.000000
846.593079 1500.000000 0.000000
826.636719 1500.000000 0.000000
324.347809 1500.000000 0.000000
478.718384 1500.000000 0.000000
896.922974 1500.000000 0.000000
645.635864 1500.000000 0.000000
638.443604 1500.000000 0.000000
770.771667 1500.000000 0.000000
471.796143 1500.000000 0.000000
779.578369 1500.000000 0.000000
386.411041 1500.000000 0.000000
761.754333 1500.000000 0.000000
580.364502 1500.000000 0.000000
810.495300 1500.000000 0.000000
633.400208 1500.000000 0.000000
475.407318 1500.000000 0.000000
396.057343 1500.000000 0.000000
470.948639 1500.000000 0.000000
1081.819824 1500.000000 0.000000
734.985779 1500.000000 0.000000
1188.786865 1500.000000 0.000000
623.364807 1500.000000 0.000000
636.868591 1500.000000 0.000000
536.958862 1500.000000 0.000000
676.744873 1500.000000 0.000000
467.093262 1500.000000 0.000000
528.784241 1500.000000 0.000000
620.915955 1500.000000 0.000000
753.083313 1500.000000 0.000000
378.143524 1500.000000 0.000000
724.217834 1500.000000 0.000000
470.667023 1500.000000 0.000000
479.314423 1500.000000 0.000000
640.914062 1500.000000 0.000000
461.097260 1500.000000 0.000000
791.308655 1500.000000 0.000000
548.853394 1500.000000 0.000000
465.095947 1500.000000 0.000000
922.937317 1500.000000 0.000000
622.106323 1500.000000 0.000000
639.937134 1500.000000 0.000000
496.304352 1500.000000 0.000000
679.123291 1500.000000 0.000000
630.618469 1500.000000 0.000000
759.298950 1500.000000 0.000000
815.003784 1500.000000 0.000000
495.368591 1500.000000 0.000000
513.774963 1500.000000 0.000000
932.916260 1500.000000 0.000000
949.749146 1500.000000 0.000000
408.842682 1500.000000 0.000000
563.725098 1500.000000 0.000000
561.662781 1500.000000 0.000000
581.291321 1500.000000 0.000000
722.463928 1500.000000 0.000000
999.003174 1500.000000 0.000000
571.394165 1500.000000 0.000000
393.796143 1500.000000 0.000000
533.137878 1500.000000 0.000000
737.646301 1500.000000 0.000000
402.154938 1500.000000 0.000000
411.341522 1500.000000 0.000000
724.879333 1500.000000 0.000000
451.845490 1500.000000 0.000000
455.216278 1500.000000 0.000000
481.003601 1500.000000 0.000000
1181.316162 1500.000000 0.000000
647.260498 1500.000000 0.000000
596.590454 1500.000000 0.000000
922.996033 1500.000000 0.000000
590.913879 1500.000000 0.000000
623.677612 1500.000000 0.000000
558.476257 1500.000000 0.000000
464.015900 1500.000000 0.000000
461.450836 1500.000000 0.000000
722.072754 1500.000000 0.000000
676.195435 1500.000000 0.000000
984.220764 1500.000000 0.000000
753.620117 1500.000000 0.000000
582.207153 1500.000000 0.000000
1051.634521 1500.000000 0.000000
368.276428 1500.000000 0.000000
442.867432 1500.000000 0.000000
339.982941 1500.000000 0.000000
1293.611206 1500.000000 0.000000
696.636780 1500.000000 0.000000
450.115234 1500.000000 0.000000
501.183899 1500.000000 0.000000
407.562042 1500.000000 0.000000
589.839050 1500.000000 0.000000
892.638062 1500.000000 0.000000
718.792236 1500.000000 0.000000
422.918884 1500.000000 0.000000
637.356140 1500.000000 0.000000
376.136383 1500.000000 0.000000
400.886902 1500.000000 0.000000
541.241516 1500.000000 0.000000
385.456696 1500.000000 0.000000
397.300476 1500.000000 0.000000
747.553955 1500.000000 0.000000
437.611115 1500.000000 0.000000
708.750610 1500.000000 0.000000
1378.549072 1500.000000 0.000000
419.994110 1500.000000 0.000000
700.562805 1500.000000 0.000000
892.607788 1500.000000 0.000000
1363.589844 1500.000000 0.000000
408.735504 1500.000000 0.000000
662.855469 1500.000000 0.000000
578.913818 1500.000000 0.000000
431.695099 1500.000000 0.000000
717.045898 1500.000000 0.000000
1417.765747 1500.000000 0.000000
628.090454 1500.000000 0.000000
619.456543 1500.000000 0.000000
556.378540 1500.000000 0.000000
994.155701 1500.000000 0.000000
390.962555 1500.000000 0.000000
664.418823 1500.000000 0.000000
446.178772 1500.000000 0.000000
819.059082 1500.000000 0.000000
595.570557 1500.000000 0.000000
497.449585 1500.000000 0.000000
492.897949 1500.000000 0.000000
608.180481 1500.000000 0.000000
549.602112 1500.000000 0.000000
532.432251 1500.000000 0.000000
553.219360 1500.000000 0.000000
885.419739 1500.000000 0.000000
618.906738 1500.000000 0.000000
474.571930 1500.000000 0.000000
575.741150 1500.000000 0.000000
821.796631 1500.000000 0.000000
505.585144 1500.000000 0.000000
537.205444 1500.000000 0.000000
428.698547 1500.000000 0.000000
689.218262 1500.000000 0.000000
603.671204 1500.000000 0.000000
565.935669 1500.000000 0.000000
425.475830 1500.000000 0.000000
645.452881 1500.000000 0.000000
417.748291 1500.000000 0.000000
522.933838 1500.000000 0.000000
492.053223 1500.000000 0.000000
444.724304 1500.000000 0.000000
842.665405 1500.000000 0.000000
660.952393 1500.000000 0.000000
948.729309 1500.000000 0.000000
352.810577 1500.000000 0.000000
341.430023 1500.000000 0.000000
695.862732 1500.000000 0.000000
423.928741 1500.000000 0.000000
510.977783 1500.000000 0.000000
512.519043 1500.000000 0.000000
1560.175293 1500.000000 0.000000
499.901886 1500.000000 0.000000
507.372498 1500.000000 0.000000
332.958801 1500.000000 0.000000
516.322571 1500.000000 0.000000
589.295776 1500.000000 0.000000
520.791687 1500.000000 0.000000
658.231201 1500.000000 0.000000
830.496765 1500.000000 0.000000
555.886169 1500.000000 0.000000
603.856995 1500.000000 0.000000
480.744354 1500.000000 0.000000
930.242493 1500.000000 0.000000
387.928711 1500.000000 0.000000
782.421753 1500.000000 0.000000
721.609070 1500.000000 0.000000
965.843994 1500.000000 0.000000
330.462769 1500.000000 0.000000
531.924927 1500.000000 0.000000
829.664307 1500.000000 0.000000
602.032776 1500.000000 0.000000
837.908447 1500.000000 0.000000
1140.479248 1500.000000 0.000000
531.233459 1500.000000 0.000000
506.037109 1500.000000 0.000000
487.124817 1500.000000 0.000000
594.864868 1500.000000 0.000000
308.560120 1500.000000 0.000000
1147.296875 1500.000000 0.000000
535.225952 1500.000000 0.000000
340.560364 1500.000000 0.000000
665.867126 1500.000000 0.000000
883.343262 1500.000000 0.000000
513.208313 1500.000000 0.000000
713.131104 1500.000000 0.000000
671.263184 1500.000000 0.000000
924.936157 1500.000000 0.000000
442.001953 1500.000000 0.000000
455.401886 1500.000000 0.000000
877.497070 1500.000000 0.000000
875.452026 1500.000000 0.000000
716.194031 1500.000000 0.000000
450.709045 1500.000000 0.000000
611.432434 1500.000000 0.000000
656.334961 1500.000000 0.000000
515.886169 1500.000000 0.000000
519.982605 1500.000000 0.000000
626.801208 1500.000000 0.000000
854.380676 1500.000000 0.000000
987.451233 1500.000000 0.000000
661.018982 1500.000000 0.000000
800.408508 1500.000000 0.000000
392.975677 1500.000000 0.000000
1079.958130 1500.000000 0.000000
330.437653 1500.000000 0.000000
482.349670 1500.000000 0.000000
382.929260 1500.000000 0.000000
856.516235 1500.000000 0.000000
641.672302 1500.000000 0.000000
407.470734 1500.000000 0.000000
1101.109741 1500.000000 0.000000
659.322327 1500.000000 0.000000
737.817322 1500.000000 0.000000
517.860718 1500.000000 0.000000
395.980286 1500.000000 0.000000
605.355530 1500.000000 0.000000
306.344147 1500.000000 0.000000
431.037567 1500.000000 0.000000
497.468689 1500.000000 0.000000
588.690430 1500.000000 0.000000
475.190918 1500.000000 0.000000
450.272064 1500.000000 0.000000
494.680237 1500.000000 0.000000
297.235901 1500.000000 0.000000
444.872192 1500.000000 0.000000
1065.963501 1500.000000 0.000000
441.877106 1500.000000 0.000000
643.479126 1500.000000 0.000000
312.313629 1500.000000 0.000000
602.509216 1500.000000 0.000000
754.128296 1500.000000 0.000000
358.824432 1500.000000 0.000000
1811.996460 1500.000000 0.000000
455.405334 1500.000000 0.000000
435.438995 1500.000000 0.000000
751.716125 1500.000000 0.000000
913.718628 1500.000000 0.000000
1622.368774 1500.000000 0.000000
552.586304 1500.000000 0.000000
616.255005 1500.000000 0.000000
702.344116 1500.000000 0.000000
648.834290 1500.000000 0.000000
1314.486206 1500.000000 0.000000
364.697632 1500.000000 0.000000
556.809326 1500.000000 0.000000
606.699646 1500.000000 0.000000
466.994049 1500.000000 0.000000
650.512573 1500.000000 0.000000
459.738861 1500.000000 0.000000
403.094818 1500.000000 0.000000
482.527405 1500.000000 0.000000
584.979248 1500.000000 0.000000
644.836853 1500.000000 0.000000
404.479492 1500.000000 0.000000
415.851929 1500.000000 0.000000
633.562988 1500.000000 0.000000
468.033508 1500.000000 0.000000
708.199890 1500.000000 0.000000
424.515656 1500.000000 0.000000
402.429535 1500.000000 0.000000
356.104431 1500.000000 0.000000
393.769043 1500.000000 0.000000
744.116577 1500.000000 0.000000
578.005127 1500.000000 0.000000
795.479980 1500.000000 0.000000
411.255219 1500.000000 0.000000
344.174286 1500.000000 0.000000
620.241211 1500.000000 0.000000
467.292694 1500.000000 0.000000
1503.682373 1500.000000 0.000000
348.329895 1500.000000 0.000000
535.925903 1500.000000 0.000000
438.882080 1500.000000 0.000000
497.915649 1500.000000 0.000000
556.956787 1500.000000 0.000000
469.235321 1500.000000 0.000000
374.658234 1500.000000 0.000000
448.113953 1500.000000 0.000000
432.709320 1500.000000 0.000000
532.709595 1500.000000 0.000000
490.847656 1500.000000 0.000000
434.679657 1500.000000 0.000000
440.873718 1500.000000 0.000000
946.570862 1500.000000 0.000000
340.343109 1500.000000 0.000000
1438.553223 1500.000000 0.000000
742.860779 1500.000000 0.000000
840.787964 1500.000000 0.000000
542.098633 1500.000000 0.000000
841.167419 1500.000000 0.000000
531.454346 1500.000000 0.000000
470.956543 1500.000000 0.000000
777.992493 1500.000000 0.000000
449.827484 1500.000000 0.000000
510.117401 1500.000000 0.000000
521.849548 1500.000000 0.000000
536.591492 1500.000000 0.000000
502.883087 1500.000000 0.000000
482.846710 1500.000000 0.000000
464.385559 1500.000000 0.000000
867.503845 1500.000000 0.000000
656.905640 1500.000000 0.000000
501.876312 1500.000000 0.000000
330.856628 1500.000000 0.000000
580.139893 1500.000000 0.000000
799.390320 1500.000000 0.000000
461.892731 1500.000000 0.000000
540.352173 1500.000000 0.000000
471.569885 1500.000000 0.000000
579.021118 1500.000000 0.000000
634.307373 1500.000000 0.000000
741.018188 1500.000000 0.000000
958.573730 1500.000000 0.000000
382.464081 1500.000000 0.000000
651.380981 1500.000000 0.000000
530.047302 1500.000000 0.000000
666.780273 1500.000000 0.000000
541.822815 1500.000000 0.000000
398.977386 1500.000000 0.000000
725.554504 1500.000000 0.000000
786.029053 1500.000000 0.000000
1128.427612 1500.000000 0.000000
695.024414 1500.000000 0.000000
583.448486 1500.000000 0.000000
397.419830 1500.000000 0.000000
840.394897 1500.000000 0.000000
461.973358 1500.000000 0.000000
504.017365 1500.000000 0.000000
575.691589 1500.000000 0.000000
926.667786 1500.000000 0.000000
816.938599 1500.000000 0.000000
642.869263 1500.000000 0.000000
1117.284058 1500.000000 0.000000
790.026611 1500.000000 0.000000
859.535583 1500.000000 0.000000
962.429932 1500.000000 0.000000
463.786011 1500.000000 0.000000
614.326294 1500.000000 0.000000
762.540466 1500.000000 0.000000
834.514648 1500.000000 0.000000
616.829041 1500.000000 0.000000
682.700317 1500.000000 0.000000
522.841919 1500.000000 0.000000
892.759827 1500.000000 0.000000
799.713684 1500.000000 0.000000
1467.151978 1500.000000 0.000000
1323.275879 1500.000000 0.000000
343.812469 1500.000000 0.000000
467.591980 1500.000000 0.000000
312.668030 1500.000000 0.000000
407.003082 1500.000000 0.000000
429.783966 1500.000000 0.000000
532.465027 1500.000000 0.000000
550.999512 1500.000000 0.000000
359.759369 1500.000000 0.000000
1220.596313 1500.000000 0.000000
421.758453 1500.000000 0.000000
353.332428 1500.000000 0.000000
688.339966 1500.000000 0.000000
391.003784 1500.000000 0.000000
396.748962 1500.000000 0.000000
699.571533 1500.000000 0.000000
428.732544 1500.000000 0.000000
2131.600586 1500.000000 0.000000
1013.645935 1500.000000 0.000000
519.484802 1500.000000 0.000000
412.100311 1500.000000 0.000000
1008.102417 1500.000000 0.000000
553.562317 1500.000000 0.000000
465.014709 1500.000000 0.000000
838.345764 1500.000000 0.000000
374.155823 1500.000000 0.000000
742.913208 1500.000000 0.000000
765.409790 1500.000000 0.000000
450.887573 1500.000000 0.000000
712.398254 1500.000000 0.000000
690.966064 1500.000000 0.000000
663.259705 1500.000000 0.000000
516.067749 1500.000000 0.000000
658.144226 1500.000000 0.000000
479.640533 1500.000000 0.000000
400.636047 1500.000000 0.000000
484.553894 1500.000000 0.000000
748.883057 1500.000000 0.000000
731.899902 1500.000000 0.000000
504.844147 1500.000000 0.000000
1019.907410 1500.000000 0.000000
426.402771 1500.000000 0.000000
465.866577 1500.000000 0.000000
342.339996 1500.000000 0.000000
795.243225 1500.000000 0.000000
400.690430 1500.000000 0.000000
361.007904 1500.000000 0.000000
583.296997 1500.000000 0.000000
561.194031 1500.000000 0.000000
621.122009 1500.000000 0.000000
422.864197 1500.000000 0.000000
684.065491 1500.000000 0.000000
521.278198 1500.000000 0.000000
558.409546 1500.000000 0.000000
511.859650 1500.000000 0.000000
337.636658 1500.000000 0.000000
576.189392 1500.000000 0.000000
1335.630005 1500.000000 0.000000
469.696533 1500.000000 0.000000
522.024170 1500.000000 0.000000
678.477905 1500.000000 0.000000
501.216064 1500.000000 0.000000
482.218536 1500.000000 0.000000
404.823669 1500.000000 0.000000
440.712860 1500.000000 0.000000
532.674194 1500.000000 0.000000
2318.441162 1500.000000 0.000000
614.900146 1500.000000 0.000000
415.562286 1500.000000 0.000000
502.876892 1500.000000 0.000000
526.121216 1500.000000 0.000000
444.194702 1500.000000 0.000000
620.221680 1500.000000 0.000000
359.220673 1500.000000 0.000000
431.515747 1500.000000 0.000000
490.315155 1500.000000 0.000000
580.211060 1500.000000 0.000000
619.286377 1500.000000 0.000000
538.736938 1500.000000 0.000000
420.898010 1500.000000 0.000000
398.589569 1500.000000 0.000000
451.372498 1500.000000 0.000000
715.348206 1500.000000 0.000000
631.678711 1500.000000 0.000000
494.239746 1500.000000 0.000000
563.573242 1500.000000 0.000000
1137.493652 1500.000000 0.000000
362.376282 1500.000000 0.000000
625.687073 1500.000000 0.000000
682.490784 1500.000000 0.000000
344.685669 1500.000000 0.000000
665.927795 1500.000000 0.000000
480.002991 1500.000000 0.000000
586.461060 1500.000000 0.000000
491.640472 1500.000000 0.000000
374.755188 1500.000000 0.000000
518.641663 1500.000000 0.000000
1364.391602 1500.000000 0.000000
305.862488 1500.000000 0.000000
696.465637 1500.000000 0.000000
393.362335 1500.000000 0.000000
1179.814575 1500.000000 0.000000
754.143677 1500.000000 0.000000
463.797333 1500.000000 0.000000
666.706848 1500.000000 0.000000
945.429871 1500.000000 0.000000
426.154724 1500.000000 0.000000
1184.053101 1500.000000 0.000000
444.532928 1500.000000 0.000000
450.887909 1500.000000 0.000000
1364.972412 1500.000000 0.000000
611.958130 1500.000000 0.000000
462.753326 1500.000000 0.000000
306.951996 1500.000000 0.000000
691.546814 1500.000000 0.000000
558.556030 1500.000000 0.000000
389.732544 1500.000000 0.000000
388.921631 1500.000000 0.000000
443.620941 1500.000000 0.000000
535.583557 1500.000000 0.000000
536.982422 1500.000000 0.000000
472.379913 1500.000000 0.000000
473.063416 1500.000000 0.000000
1151.146729 1500.000000 0.000000
824.455933 1500.000000 0.000000
669.218018 1500.000000 0.000000
425.898865 1500.000000 0.000000
573.894287 1500.000000 0.000000
556.428345 1500.000000 0.000000
443.071472 1500.000000 0.000000
621.369446 1500.000000 0.000000
925.570068 1500.000000 0.000000
765.567749 1500.000000 0.000000
410.272858 1500.000000 0.000000
421.579803 1500.000000 0.000000
617.544067 1500.000000 0.000000
544.190674 1500.000000 0.000000
569.198730 1500.000000 0.000000
470.248749 1500.000000 0.000000
432.546448 1500.000000 0.000000
518.832520 1500.000000 0.000000
808.969482 1500.000000 0.000000
312.707886 1500.000000 0.000000
345.066833 1500.000000 0.000000
501.985138 1500.000000 0.000000
498.309143 1500.000000 0.000000
638.832458 1500.000000 0.000000
602.455688 1500.000000 0.000000
413.717957 1500.000000 0.000000
1273.526611 1500.000000 0.000000
376.260681 1500.000000 0.000000
491.876678 1500.000000 0.000000
524.454834 1500.000000 0.000000
355.590576 1500.000000 0.000000
715.854431 1500.000000 0.000000
686.589233 1500.000000 0.000000
545.529785 1500.000000 0.000000
437.864655 1500.000000 0.000000
618.686218 1500.000000 0.000000
914.375061 1500.000000 0.000000
461.384918 1500.000000 0.000000
570.384155 1500.000000 0.000000
558.329102 1500.000000 0.000000
398.602875 1500.000000 0.000000
746.414185 1500.000000 0.000000
626.096680 1500.000000 0.000000
470.455261 1500.000000 0.000000
408.809753 1500.000000 0.000000
522.725769 1500.000000 0.000000
490.356384 1500.000000 0.000000
1243.846924 1500.000000 0.000000
455.569122 1500.000000 0.000000
1730.565430 1500.000000 0.000000
556.660400 1500.000000 0.000000
567.142761 1500.000000 0.000000
547.179199 1500.000000 0.000000
336.440277 1500.000000 0.000000
368.852661 1500.000000 0.000000
781.387634 1500.000000 0.000000
632.628906 1500.000000 0.000000
959.204407 1500.000000 0.000000
472.154877 1500.000000 0.000000
784.967957 1500.000000 0.000000
669.834412 1500.000000 0.000000
1130.988159 1500.000000 0.000000
424.862030 1500.000000 0.000000
606.408020 1500.000000 0.000000
378.536926 1500.000000 0.000000
599.574951 1500.000000 0.000000
592.352112 1500.000000 0.000000
509.617493 1500.000000 0.000000
572.569519 1500.000000 0.000000
463.885437 1500.000000 0.000000
456.520111 1500.000000 0.000000
578.068970 1500.000000 0.000000
1384.070801 1500.000000 0.000000
527.697998 1500.000000 0.000000
714.178528 1500.000000 0.000000
326.450043 1500.000000 0.000000
513.660706 1500.000000 0.000000
974.678040 1500.000000 0.000000
512.555664 1500.000000 0.000000
393.617188 1500.000000 0.000000
802.356018 1500.000000 0.000000
414.059448 1500.000000 0.000000
440.743591 1500.000000 0.000000
730.033508 1500.000000 0.000000
503.341553 1500.000000 0.000000
375.592285 1500.000000 0.000000
447.049866 1500.000000 0.000000
514.021118 1500.000000 0.000000
655.876892 1500.000000 0.000000
899.311462 1500.000000 0.000000
288.288025 1500.000000 0.000000
1104.638916 1500.000000 0.000000
682.167542 1500.000000 0.000000
389.307861 1500.000000 0.000000
512.203674 1500.000000 0.000000
1251.732910 1500.000000 0.000000
1156.826904 1500.000000 0.000000
339.189331 1500.000000 0.000000
561.202942 1500.000000 0.000000
765.759277 1500.000000 0.000000
478.645477 1500.000000 0.000000
520.502136 1500.000000 0.000000
500.079956 1500.000000 0.000000
358.791168 1500.000000 0.000000
882.099182 1500.000000 0.000000
498.405396 1500.000000 0.000000
483.562714 1500.000000 0.000000
412.237091 1500.000000 0.000000
438.946686 1500.000000 0.000000
456.145844 1500.000000 0.000000
543.102295 1500.000000 0.000000
426.279602 1500.000000 0.000000
702.724243 1500.000000 0.000000
452.503113 1500.000000 0.000000
719.715942 1500.000000 0.000000
557.553284 1500.000000 0.000000
872.820618 1500.000000 0.000000
570.192200 1500.000000 0.000000
667.427612 1500.000000 0.000000
406.538422 1500.000000 0.000000
404.323792 1500.000000 0.000000
648.068359 1500.000000 0.000000
568.720947 1500.000000 0.000000
684.548706 1500.000000 0.000000
442.892365 1500.000000 0.000000
1045.306519 1500.000000 0.000000
741.975098 1500.000000 0.000000
421.231171 1500.000000 0.000000
979.280579 1500.000000 0.000000
1140.073608 1500.000000 0.000000
446.928558 1500.000000 0.000000
832.888245 1500.000000 0.000000
839.372070 1500.000000 0.000000
844.506104 1500.000000 0.000000
462.741180 1500.000000 0.000000
459.375824 1500.000000 0.000000
560.675903 1500.000000 0.000000
501.224152 1500.000000 0.000000
518.903870 1500.000000 0.000000
538.587830 1500.000000 0.000000
523.051514 1500.000000 0.000000
353.759552 1500.000000 0.000000
385.070953 1500.000000 0.000000
899.678528 1500.000000 0.000000
1085.541626 1500.000000 0.000000
1291.213745 1500.000000 0.000000
350.004639 1500.000000 0.000000
666.837952 1500.000000 0.000000
513.909729 1500.000000 0.000000
617.434753 1500.000000 0.000000
463.051483 1500.000000 0.000000
585.221008 1500.000000 0.000000
463.514587 1500.000000 0.000000
447.374054 1500.000000 0.000000
276.237854 1500.000000 0.000000
333.755463 1500.000000 0.000000
486.485168 1500.000000 0.000000
506.047485 1500.000000 0.000000
389.464966 1500.000000 0.000000
543.452515 1500.000000 0.000000
611.520874 1500.000000 0.000000
404.133972 1500.000000 0.000000
767.890564 1500.000000 0.000000
484.019348 1500.000000 0.000000
703.579956 1500.000000 0.000000
678.124878 1500.000000 0.000000
446.013550 1500.000000 0.000000
455.206207 1500.000000 0.000000
472.284454 1500.000000 0.000000
962.844360 1500.000000 0.000000
1069.763794 1500.000000 0.000000
567.446045 1500.000000 0.000000
1009.193848 1500.000000 0.000000
349.118500 1500.000000 0.000000
522.625488 1500.000000 0.000000
521.348022 1500.000000 0.000000
489.097748 1500.000000 0.000000
470.148438 1500.000000 0.000000
792.171509 1500.000000 0.000000
1312.393555 1500.000000 0.000000
371.464630 1500.000000 0.000000
1752.150024 1500.000000 0.000000
287.281555 1500.000000 0.000000
331.364471 1500.000000 0.000000
347.124084 1500.000000 0.000000
433.607483 1500.000000 0.000000
629.803162 1500.000000 0.000000
418.694916 1500.000000 0.000000
403.052185 1500.000000 0.000000
474.112610 1500.000000 0.000000
433.289856 1500.000000 0.000000
304.423615 1500.000000 0.000000
970.195618 1500.000000 0.000000
492.225098 1500.000000 0.000000
909.237976 1500.000000 0.000000
817.713745 1500.000000 0.000000
569.703491 1500.000000 0.000000
403.252563 1500.000000 0.000000
1165.838013 1500.000000 0.000000
578.253235 1500.000000 0.000000
510.894592 1500.000000 0.000000
463.457825 1500.000000 0.000000
558.717957 1500.000000 0.000000
876.437927 1500.000000 0.000000
1354.699341 1500.000000 0.000000
1245.229614 1500.000000 0.000000
454.539642 1500.000000 0.000000
539.874512 1500.000000 0.000000
743.274597 1500.000000 0.000000
374.443665 1500.000000 0.000000
657.104980 1500.000000 0.000000
326.653534 1500.000000 0.000000
346.710907 1500.000000 0.000000
503.119751 1500.000000 0.000000
478.906738 1500.000000 0.000000
368.337585 1500.000000 0.000000
568.702332 1500.000000 0.000000
550.521423 1500.000000 0.000000
359.736389 1500.000000 0.000000
377.048004 1500.000000 0.000000
695.668701 1500.000000 0.000000
611.372742 1500.000000 0.000000
539.136841 1500.000000 0.000000
640.016663 1500.000000 0.000000
536.636658 1500.000000 0.000000
541.145325 1500.000000 0.000000
423.529236 1500.000000 0.000000
964.053711 1500.000000 0.000000
375.334106 1500.000000 0.000000
375.850098 1500.000000 0.000000
630.529724 1500.000000 0.000000
931.890808 1500.000000 0.000000
421.072388 1500.000000 0.000000
469.983582 1500.000000 0.000000
577.447815 1500.000000 0.000000
343.449585 1500.000000 0.000000
