977.399292 500.000000 1.000000
502.651001 500.000000 1.000000
811.936523 500.000000 1.000000
739.744019 500.000000 1.000000
683.114929 500.000000 1.000000
447.360413 500.000000 1.000000
508.486755 500.000000 1.000000
453.665924 500.000000 1.000000
732.547363 500.000000 1.000000
364.250519 500.000000 1.000000
621.995422 500.000000 1.000000
656.215637 500.000000 1.000000
987.458496 500.000000 1.000000
531.122925 500.000000 1.000000
910.620972 500.000000 1.000000
570.595703 500.000000 1.000000
467.076019 500.000000 1.000000
559.611755 500.000000 1.000000
963.120544 500.000000 1.000000
439.910034 500.000000 1.000000
539.514587 500.000000 1.000000
447.872864 500.000000 1.000000
555.064209 500.000000 1.000000
1448.659058 500.000000 1.000000
601.418396 500.000000 1.000000
443.750824 500.000000 1.000000
627.345154 500.000000 1.000000
1094.728271 500.000000 1.000000
747.161438 500.000000 1.000000
1035.110352 500.000000 1.000000
560.074646 500.000000 1.000000
1588.559692 500.000000 1.000000
419.212891 500.000000 1.000000
471.940399 500.000000 1.000000
492.388306 500.000000 1.000000
718.842102 500.000000 1.000000
776.056335 500.000000 1.000000
396.722321 500.000000 1.000000
430.217102 500.000000 1.000000
471.791595 500.000000 1.000000
587.537781 500.000000 1.000000
406.605011 500.000000 1.000000
676.129211 500.000000 1.000000
505.819611 500.000000 1.000000
948.528320 500.000000 1.000000
428.706512 500.000000 1.000000
510.743134 500.000000 1.000000
807.645264 500.000000 1.000000
718.403564 500.000000 1.000000
488.771820 500.000000 1.000000
515.185303 500.000000 1.000000
392.323059 500.000000 1.000000
536.816345 500.000000 1.000000
1513.667114 500.000000 1.000000
525.134216 500.000000 1.000000
504.717224 500.000000 1.000000
463.134705 500.000000 1.000000
496.550537 500.000000 1.000000
502.313812 500.000000 1.000000
526.545044 500.000000 1.000000
626.092590 500.000000 1.000000
494.265350 500.000000 1.000000
440.181396 500.000000 1.000000
556.376404 500.000000 1.000000
570.043762 500.000000 1.000000
645.194702 500.000000 1.000000
774.229065 500.000000 1.000000
1456.148071 500.000000 1.000000
430.096375 500.000000 1.000000
924.606445 500.000000 1.000000
1070.783569 500.000000 1.000000
523.101929 500.000000 1.000000
431.676819 500.000000 1.000000
543.394043 500.000000 1.000000
802.838684 500.000000 1.000000
436.552002 500.000000 1.000000
395.484406 500.000000 1.000000
537.442871 500.000000 1.000000
422.766754 500.000000 1.000000
1198.581177 500.000000 1.000000
1406.078247 500.000000 1.000000
3584.921631 500.000000 1.000000
601.540771 500.000000 1.000000
1264.437866 500.000000 1.000000
429.771851 500.000000 1.000000
464.511414 500.000000 1.000000
584.107056 500.000000 1.000000
557.798706 500.000000 1.000000
483.123627 500.000000 1.000000
439.095093 500.000000 1.000000
837.578979 500.000000 1.000000
611.085510 500.000000 1.000000
1200.789917 500.000000 1.000000
1301.365479 500.000000 1.000000
487.073151 500.000000 1.000000
906.605408 500.000000 1.000000
2147.164062 500.000000 1.000000
799.477112 500.000000 1.000000
497.334686 500.000000 1.000000
751.202637 500.000000 1.000000
769.960693 500.000000 1.000000
1004.445496 500.000000 1.000000
594.080566 500.000000 1.000000
422.325897 500.000000 1.000000
469.736237 500.000000 1.000000
397.566559 500.000000 1.000000
515.157288 500.000000 1.000000
490.221588 500.000000 1.000000
445.785522 500.000000 1.000000
587.347656 500.000000 1.000000
1009.973633 500.000000 1.000000
840.939453 500.000000 1.000000
448.293060 500.000000 1.000000
659.351868 500.000000 1.000000
976.048706 500.000000 1.000000
440.476990 500.000000 1.000000
490.648895 500.000000 1.000000
2321.303711 500.000000 1.000000
464.642334 500.000000 1.000000
625.453308 500.000000 1.000000
1128.460327 500.000000 1.000000
895.114502 500.000000 1.000000
524.717834 500.000000 1.000000
648.925781 500.000000 1.000000
532.043823 500.000000 1.000000
654.625000 500.000000 1.000000
633.906738 500.000000 1.000000
486.221832 500.000000 1.000000
496.250824 500.000000 1.000000
852.946777 500.000000 1.000000
1113.248657 500.000000 1.000000
1084.348999 500.000000 1.000000
579.363953 500.000000 1.000000
681.807068 500.000000 1.000000
519.827576 500.000000 1.000000
557.894531 500.000000 1.000000
457.407471 500.000000 1.000000
367.211304 500.000000 1.000000
498.100647 500.000000 1.000000
437.255981 500.000000 1.000000
643.791748 500.000000 1.000000
520.404968 500.000000 1.000000
664.106506 500.000000 1.000000
924.612854 500.000000 1.000000
473.948181 500.000000 1.000000
749.525757 500.000000 1.000000
1290.840088 500.000000 1.000000
518.426514 500.000000 1.000000
1021.124939 500.000000 1.000000
548.121643 500.000000 1.000000
440.761017 500.000000 1.000000
492.553101 500.000000 1.000000
1448.810547 500.000000 1.000000
420.053253 500.000000 1.000000
772.696777 500.000000 1.000000
480.300537 500.000000 1.000000
900.335022 500.000000 1.000000
1502.109985 500.000000 1.000000
595.508057 500.000000 1.000000
559.455383 500.000000 1.000000
463.815216 500.000000 1.000000
878.623718 500.000000 1.000000
528.938293 500.000000 1.000000
438.924225 500.000000 1.000000
590.578613 500.000000 1.000000
642.214844 500.000000 1.000000
558.181396 500.000000 1.000000
554.009277 500.000000 1.000000
904.895935 500.000000 1.000000
505.463715 500.000000 1.000000
682.939941 500.000000 1.000000
704.811890 500.000000 1.000000
809.771973 500.000000 1.000000
500.011566 500.000000 1.000000
864.663818 500.000000 1.000000
765.607178 500.000000 1.000000
933.186218 500.000000 1.000000
1289.328613 500.000000 1.000000
625.798279 500.000000 1.000000
460.695282 500.000000 1.000000
571.668030 500.000000 1.000000
636.977966 500.000000 1.000000
458.311981 500.000000 1.000000
683.656494 500.000000 1.000000
567.418213 500.000000 1.000000
512.168518 500.000000 1.000000
900.685974 500.000000 1.000000
538.010742 500.000000 1.000000
639.811890 500.000000 1.000000
624.127563 500.000000 1.000000
743.803101 500.000000 1.000000
1796.810791 500.000000 1.000000
2674.004883 500.000000 1.000000
624.557190 500.000000 1.000000
1014.165283 500.000000 1.000000
522.804199 500.000000 1.000000
762.215759 500.000000 1.000000
982.243530 500.000000 1.000000
517.277222 500.000000 1.000000
431.729950 500.000000 1.000000
595.498657 500.000000 1.000000
711.012939 500.000000 1.000000
530.232544 500.000000 1.000000
458.197876 500.000000 1.000000
671.382019 500.000000 1.000000
2637.012207 500.000000 1.000000
567.823181 500.000000 1.000000
703.583435 500.000000 1.000000
615.888855 500.000000 1.000000
517.026855 500.000000 1.000000
906.349915 500.000000 1.000000
618.882019 500.000000 1.000000
1179.030884 500.000000 1.000000
540.103333 500.000000 1.000000
404.567749 500.000000 1.000000
638.126343 500.000000 1.000000
470.637024 500.000000 1.000000
465.207214 500.000000 1.000000
494.486542 500.000000 1.000000
465.013824 500.000000 1.000000
492.614563 500.000000 1.000000
514.373413 500.000000 1.000000
1684.536743 500.000000 1.000000
467.354584 500.000000 1.000000
569.035461 500.000000 1.000000
492.047729 500.000000 1.000000
970.769592 500.000000 1.000000
475.267395 500.000000 1.000000
704.119446 500.000000 1.000000
847.101990 500.000000 1.000000
452.987335 500.000000 1.000000
519.977356 500.000000 1.000000
500.835114 500.000000 1.000000
897.897095 500.000000 1.000000
484.660126 500.000000 1.000000
447.685577 500.000000 1.000000
580.318970 500.000000 1.000000
538.869873 500.000000 1.000000
474.078522 500.000000 1.000000
691.013245 500.000000 1.000000
642.760864 500.000000 1.000000
898.067078 500.000000 1.000000
579.968079 500.000000 1.000000
496.396698 500.000000 1.000000
712.134949 500.000000 1.000000
552.394409 500.000000 1.000000
626.700989 500.000000 1.000000
461.690704 500.000000 1.000000
1185.433594 500.000000 1.000000
542.197815 500.000000 1.000000
869.626526 500.000000 1.000000
477.754028 500.000000 1.000000
1022.894653 500.000000 1.000000
464.352203 500.000000 1.000000
729.599731 500.000000 1.000000
492.841675 500.000000 1.000000
499.737610 500.000000 1.000000
537.668274 500.000000 1.000000
450.071350 500.000000 1.000000
736.425903 500.000000 1.000000
594.408508 500.000000 1.000000
657.413208 500.000000 1.000000
636.812134 500.000000 1.000000
519.713806 500.000000 1.000000
894.566406 500.000000 1.000000
461.934662 500.000000 1.000000
882.423279 500.000000 1.000000
556.571960 500.000000 1.000000
559.501831 500.000000 1.000000
419.063446 500.000000 1.000000
2005.008911 500.000000 1.000000
741.754639 500.000000 1.000000
593.136902 500.000000 1.000000
1052.251709 500.000000 1.000000
491.844025 500.000000 1.000000
642.015930 500.000000 1.000000
562.854126 500.000000 1.000000
453.386322 500.000000 1.000000
475.685638 500.000000 1.000000
609.643555 500.000000 1.000000
572.618164 500.000000 1.000000
816.348022 500.000000 1.000000
566.628601 500.000000 1.000000
1318.581177 500.000000 1.000000
556.030640 500.000000 1.000000
711.786133 500.000000 1.000000
1097.577271 500.000000 1.000000
413.719635 500.000000 1.000000
626.688416 500.000000 1.000000
742.697021 500.000000 1.000000
656.100159 500.000000 1.000000
724.168640 500.000000 1.000000
750.588745 500.000000 1.000000
558.096436 500.000000 1.000000
587.873840 500.000000 1.000000
503.212250 500.000000 1.000000
714.450623 500.000000 1.000000
391.826080 500.000000 1.000000
990.707886 500.000000 1.000000
791.022583 500.000000 1.000000
542.812805 500.000000 1.000000
504.260620 500.000000 1.000000
899.403564 500.000000 1.000000
501.123596 500.000000 1.000000
489.312897 500.000000 1.000000
725.588501 500.000000 1.000000
1580.319214 500.000000 1.000000
1357.829468 500.000000 1.000000
656.615784 500.000000 1.000000
1188.415894 500.000000 1.000000
1303.767822 500.000000 1.000000
661.584839 500.000000 1.000000
890.246704 500.000000 1.000000
446.415863 500.000000 1.000000
608.545959 500.000000 1.000000
488.572662 500.000000 1.000000
746.438660 500.000000 1.000000
631.671997 500.000000 1.000000
1774.128174 500.000000 1.000000
653.960815 500.000000 1.000000
450.687897 500.000000 1.000000
486.463135 500.000000 1.000000
454.614746 500.000000 1.000000
648.506775 500.000000 1.000000
535.075989 500.000000 1.000000
805.805603 500.000000 1.000000
907.034729 500.000000 1.000000
666.964050 500.000000 1.000000
642.242737 500.000000 1.000000
534.991333 500.000000 1.000000
467.977295 500.000000 1.000000
429.132019 500.000000 1.000000
668.000732 500.000000 1.000000
428.649902 500.000000 1.000000
426.784698 500.000000 1.000000
788.897522 500.000000 1.000000
491.320160 500.000000 1.000000
532.384277 500.000000 1.000000
539.039978 500.000000 1.000000
1032.613037 500.000000 1.000000
460.233612 500.000000 1.000000
1467.203979 500.000000 1.000000
682.112000 500.000000 1.000000
516.701416 500.000000 1.000000
625.049194 500.000000 1.000000
451.334198 500.000000 1.000000
527.617615 500.000000 1.000000
965.996338 500.000000 1.000000
629.136841 500.000000 1.000000
599.497192 500.000000 1.000000
778.330811 500.000000 1.000000
623.359741 500.000000 1.000000
519.301514 500.000000 1.000000
584.165039 500.000000 1.000000
524.364502 500.000000 1.000000
457.618042 500.000000 1.000000
573.703857 500.000000 1.000000
449.056885 500.000000 1.000000
575.696533 500.000000 1.000000
497.575470 500.000000 1.000000
523.157959 500.000000 1.000000
568.037964 500.000000 1.000000
874.074158 500.000000 1.000000
756.735291 500.000000 1.000000
1133.646484 500.000000 1.000000
504.835968 500.000000 1.000000
436.953186 500.000000 1.000000
468.456970 500.000000 1.000000
465.137878 500.000000 1.000000
810.531006 500.000000 1.000000
923.932434 500.000000 1.000000
477.447052 500.000000 1.000000
374.863098 500.000000 1.000000
477.449432 500.000000 1.000000
1110.228638 500.000000 1.000000
1289.626343 500.000000 1.000000
397.400208 500.000000 1.000000
761.888916 500.000000 1.000000
483.457184 500.000000 1.000000
1408.018311 500.000000 1.000000
480.413696 500.000000 1.000000
504.836548 500.000000 1.000000
1469.141602 500.000000 1.000000
833.304138 500.000000 1.000000
469.206726 500.000000 1.000000
521.675903 500.000000 1.000000
657.302368 500.000000 1.000000
524.988220 500.000000 1.000000
621.499207 500.000000 1.000000
479.958710 500.000000 1.000000
520.838623 500.000000 1.000000
382.655701 500.000000 1.000000
586.549683 500.000000 1.000000
657.376282 500.000000 1.000000
622.394714 500.000000 1.000000
632.656494 500.000000 1.000000
574.224243 500.000000 1.000000
634.622192 500.000000 1.000000
658.197449 500.000000 1.000000
471.611023 500.000000 1.000000
1047.512695 500.000000 1.000000
429.970825 500.000000 1.000000
514.206909 500.000000 1.000000
584.389648 500.000000 1.000000
1091.538452 500.000000 1.000000
640.194946 500.000000 1.000000
443.128510 500.000000 1.000000
468.003357 500.000000 1.000000
771.974243 500.000000 1.000000
639.950134 500.000000 1.000000
467.772705 500.000000 1.000000
475.344910 500.000000 1.000000
838.384766 500.000000 1.000000
796.326843 500.000000 1.000000
525.071289 500.000000 1.000000
561.466797 500.000000 1.000000
1690.914062 500.000000 1.000000
549.791443 500.000000 1.000000
934.770264 500.000000 1.000000
584.234192 500.000000 1.000000
1322.400879 500.000000 1.000000
1049.915649 500.000000 1.000000
478.281647 500.000000 1.000000
795.626282 500.000000 1.000000
602.501526 500.000000 1.000000
472.849548 500.000000 1.000000
445.678162 500.000000 1.000000
2630.498047 500.000000 1.000000
426.252350 500.000000 1.000000
585.779968 500.000000 1.000000
1091.202148 500.000000 1.000000
690.115601 500.000000 1.000000
465.251831 500.000000 1.000000
796.110229 500.000000 1.000000
328.959137 500.000000 1.000000
480.243408 500.000000 1.000000
420.254456 500.000000 1.000000
766.016663 500.000000 1.000000
417.391754 500.000000 1.000000
725.001770 500.000000 1.000000
519.477051 500.000000 1.000000
1026.239746 500.000000 1.000000
485.847412 500.000000 1.000000
689.626465 500.000000 1.000000
803.637207 500.000000 1.000000
643.217651 500.000000 1.000000
528.117310 500.000000 1.000000
457.431091 500.000000 1.000000
988.358521 500.000000 1.000000
496.039490 500.000000 1.000000
473.155975 500.000000 1.000000
449.281158 500.000000 1.000000
560.907166 500.000000 1.000000
1019.191467 500.000000 1.000000
515.308472 500.000000 1.000000
446.713348 500.000000 1.000000
654.998474 500.000000 1.000000
505.707764 500.000000 1.000000
438.100464 500.000000 1.000000
758.300842 500.000000 1.000000
544.743591 500.000000 1.000000
458.010742 500.000000 1.000000
1282.560791 500.000000 1.000000
630.735291 500.000000 1.000000
410.244415 500.000000 1.000000
465.041412 500.000000 1.000000
453.295319 500.000000 1.000000
540.110840 500.000000 1.000000
983.241760 500.000000 1.000000
493.134766 500.000000 1.000000
409.055878 500.000000 1.000000
469.997864 500.000000 1.000000
593.520752 500.000000 1.000000
521.379822 500.000000 1.000000
554.093384 500.000000 1.000000
597.773315 500.000000 1.000000
500.519257 500.000000 1.000000
497.087006 500.000000 1.000000
422.039307 500.000000 1.000000
567.375061 500.000000 1.000000
976.072693 500.000000 1.000000
638.553955 500.000000 1.000000
1571.116333 500.000000 1.000000
446.263824 500.000000 1.000000
964.653320 500.000000 1.000000
479.527222 500.000000 1.000000
486.842865 500.000000 1.000000
570.352905 500.000000 1.000000
773.933777 500.000000 1.000000
755.520630 500.000000 1.000000
643.853455 500.000000 1.000000
432.941345 500.000000 1.000000
627.034912 500.000000 1.000000
449.917694 500.000000 1.000000
594.315857 500.000000 1.000000
552.744934 500.000000 1.000000
763.679077 500.000000 1.000000
490.919403 500.000000 1.000000
636.654968 500.000000 1.000000
496.560699 500.000000 1.000000
452.238983 500.000000 1.000000
552.678894 500.000000 1.000000
647.616577 500.000000 1.000000
1184.489502 500.000000 1.000000
577.862488 500.000000 1.000000
666.206421 500.000000 1.000000
408.125610 500.000000 1.000000
3190.283936 500.000000 1.000000
474.690491 500.000000 1.000000
494.553986 500.000000 1.000000
933.759094 500.000000 1.000000
467.099457 500.000000 1.000000
750.715698 500.000000 1.000000
656.349304 500.000000 1.000000
622.380737 500.000000 1.000000
858.159546 500.000000 1.000000
849.203247 500.000000 1.000000
475.050018 500.000000 1.000000
773.489929 500.000000 1.000000
448.508698 500.000000 1.000000
452.204590 500.000000 1.000000
467.169373 500.000000 1.000000
1118.004761 500.000000 1.000000
563.224731 500.000000 1.000000
520.755920 500.000000 1.000000
375.074982 500.000000 1.000000
1476.463501 500.000000 1.000000
1346.887451 500.000000 1.000000
667.979614 500.000000 1.000000
494.606567 500.000000 1.000000
431.781464 500.000000 1.000000
445.157654 500.000000 1.000000
756.197205 500.000000 1.000000
650.381226 500.000000 1.000000
966.985840 500.000000 1.000000
399.360382 500.000000 1.000000
1297.824463 500.000000 1.000000
558.972046 500.000000 1.000000
729.903503 500.000000 1.000000
887.905396 500.000000 1.000000
471.649719 500.000000 1.000000
606.858032 500.000000 1.000000
1091.928223 500.000000 1.000000
455.316132 500.000000 1.000000
856.453491 500.000000 1.000000
703.486328 500.000000 1.000000
597.225830 500.000000 1.000000
507.087494 500.000000 1.000000
608.563232 500.000000 1.000000
496.858917 500.000000 1.000000
659.422729 500.000000 1.000000
488.603943 500.000000 1.000000
1700.355835 500.000000 1.000000
854.557068 500.000000 1.000000
866.683411 500.000000 1.000000
716.894836 500.000000 1.000000
407.142975 500.000000 1.000000
503.685883 500.000000 1.000000
1410.405151 500.000000 1.000000
442.059113 500.000000 1.000000
897.927673 500.000000 1.000000
671.392395 500.000000 1.000000
1017.280518 500.000000 1.000000
491.931580 500.000000 1.000000
642.628174 500.000000 1.000000
597.889282 500.000000 1.000000
633.817261 500.000000 1.000000
640.511292 500.000000 1.000000
494.707336 500.000000 1.000000
922.722351 500.000000 1.000000
810.627625 500.000000 1.000000
1371.962158 500.000000 1.000000
509.684723 500.000000 1.000000
505.805359 500.000000 1.000000
1013.810425 500.000000 1.000000
433.407867 500.000000 1.000000
784.274841 500.000000 1.000000
497.105682 500.000000 1.000000
493.154510 500.000000 1.000000
685.379333 500.000000 1.000000
475.601135 500.000000 1.000000
596.301270 500.000000 1.000000
425.587036 500.000000 1.000000
545.238892 500.000000 1.000000
462.218689 500.000000 1.000000
623.759094 500.000000 1.000000
1260.402710 500.000000 1.000000
1042.620850 500.000000 1.000000
816.810364 500.000000 1.000000
606.667297 500.000000 1.000000
530.177795 500.000000 1.000000
490.321045 500.000000 1.000000
610.300537 500.000000 1.000000
496.180878 500.000000 1.000000
659.226990 500.000000 1.000000
638.292664 500.000000 1.000000
445.046326 500.000000 1.000000
468.005371 500.000000 1.000000
467.019897 500.000000 1.000000
896.536804 500.000000 1.000000
896.041809 500.000000 1.000000
572.932800 500.000000 1.000000
677.534729 500.000000 1.000000
895.062744 500.000000 1.000000
876.057068 500.000000 1.000000
571.625427 500.000000 1.000000
584.275757 500.000000 1.000000
713.254089 500.000000 1.000000
1031.067017 500.000000 1.000000
454.188354 500.000000 1.000000
463.941010 500.000000 1.000000
473.316711 500.000000 1.000000
923.574524 500.000000 1.000000
591.871277 500.000000 1.000000
602.955017 500.000000 1.000000
621.924805 500.000000 1.000000
382.142334 500.000000 1.000000
413.487915 500.000000 1.000000
501.963440 500.000000 1.000000
779.289429 500.000000 1.000000
536.533264 500.000000 1.000000
538.419678 500.000000 1.000000
487.602478 500.000000 1.000000
817.333130 500.000000 1.000000
894.483765 500.000000 1.000000
503.962097 500.000000 1.000000
905.378662 500.000000 1.000000
502.486145 500.000000 1.000000
454.145966 500.000000 1.000000
431.061371 500.000000 1.000000
476.102264 500.000000 1.000000
340.105591 500.000000 1.000000
684.239075 500.000000 1.000000
476.096924 500.000000 1.000000
551.838867 500.000000 1.000000
485.362762 500.000000 1.000000
487.296265 500.000000 1.000000
620.487549 500.000000 1.000000
509.571472 500.000000 1.000000
1344.151245 500.000000 1.000000
548.669800 500.000000 1.000000
537.525574 500.000000 1.000000
593.258850 500.000000 1.000000
478.847046 500.000000 1.000000
808.394958 500.000000 1.000000
510.958832 500.000000 1.000000
492.223907 500.000000 1.000000
523.061035 500.000000 1.000000
795.523132 500.000000 1.000000
1210.493042 500.000000 1.000000
730.104065 500.000000 1.000000
712.631348 500.000000 1.000000
451.510773 500.000000 1.000000
635.574768 500.000000 1.000000
1503.363525 500.000000 1.000000
989.834839 500.000000 1.000000
501.165710 500.000000 1.000000
579.718933 500.000000 1.000000
637.802307 500.000000 1.000000
559.042542 500.000000 1.000000
541.268372 500.000000 1.000000
452.988770 500.000000 1.000000
464.661682 500.000000 1.000000
1897.806885 500.000000 1.000000
607.109497 500.000000 1.000000
413.991852 500.000000 1.000000
567.439697 500.000000 1.000000
511.762115 500.000000 1.000000
455.323700 500.000000 1.000000
510.810730 500.000000 1.000000
579.463318 500.000000 1.000000
536.870728 500.000000 1.000000
545.186279 500.000000 1.000000
1263.283569 500.000000 1.000000
527.612732 500.000000 1.000000
435.223145 500.000000 1.000000
396.296509 500.000000 1.000000
1216.776123 500.000000 1.000000
448.412598 500.000000 1.000000
473.615936 500.000000 1.000000
706.362732 500.000000 1.000000
764.948364 500.000000 1.000000
524.699097 500.000000 1.000000
493.602600 500.000000 1.000000
398.051605 500.000000 1.000000
541.649475 500.000000 1.000000
546.863586 500.000000 1.000000
449.840179 500.000000 1.000000
1223.430420 500.000000 1.000000
520.694946 500.000000 1.000000
1311.805054 500.000000 1.000000
587.534790 500.000000 1.000000
602.936951 500.000000 1.000000
910.030884 500.000000 1.000000
753.657532 500.000000 1.000000
1136.958130 500.000000 1.000000
677.306702 500.000000 1.000000
578.088867 500.000000 1.000000
1445.655029 500.000000 1.000000
667.360168 500.000000 1.000000
769.132080 500.000000 1.000000
725.389832 500.000000 1.000000
594.518921 500.000000 1.000000
1460.121826 500.000000 1.000000
452.304321 500.000000 1.000000
871.650879 500.000000 1.000000
638.857483 500.000000 1.000000
572.188171 500.000000 1.000000
638.716064 500.000000 1.000000
509.429443 500.000000 1.000000
599.981445 500.000000 1.000000
632.166382 500.000000 1.000000
1077.767700 500.000000 1.000000
467.300354 500.000000 1.000000
332.581757 500.000000 1.000000
471.323853 500.000000 1.000000
546.294678 500.000000 1.000000
542.639404 500.000000 1.000000
485.547638 500.000000 1.000000
499.071930 500.000000 1.000000
470.474365 500.000000 1.000000
455.738464 500.000000 1.000000
492.839355 500.000000 1.000000
575.181335 500.000000 1.000000
674.656311 500.000000 1.000000
1155.626221 500.000000 1.000000
524.178833 500.000000 1.000000
1523.219360 500.000000 1.000000
457.146912 500.000000 1.000000
728.426575 500.000000 1.000000
434.261078 500.000000 1.000000
889.168213 500.000000 1.000000
415.444489 500.000000 1.000000
431.540039 500.000000 1.000000
1469.455933 500.000000 1.000000
534.217041 500.000000 1.000000
630.436890 500.000000 1.000000
435.368317 500.000000 1.000000
834.525574 500.000000 1.000000
596.218506 500.000000 1.000000
491.756378 500.000000 1.000000
1947.953857 500.000000 1.000000
468.368713 500.000000 1.000000
2013.005981 500.000000 1.000000
503.207703 500.000000 1.000000
869.034180 500.000000 1.000000
579.466797 500.000000 1.000000
993.439392 500.000000 1.000000
1032.949829 500.000000 1.000000
490.960175 500.000000 1.000000
451.321716 500.000000 1.000000
509.978912 500.000000 1.000000
573.168335 500.000000 1.000000
591.759216 500.000000 1.000000
616.189880 500.000000 1.000000
520.409851 500.000000 1.000000
1031.599976 500.000000 1.000000
707.174377 500.000000 1.000000
527.144592 500.000000 1.000000
459.950623 500.000000 1.000000
463.029541 500.000000 1.000000
520.360107 500.000000 1.000000
1180.407227 500.000000 1.000000
1132.117920 500.000000 1.000000
485.191956 500.000000 1.000000
1110.402710 500.000000 1.000000
479.526825 500.000000 1.000000
465.213043 500.000000 1.000000
528.961487 500.000000 1.000000
437.976135 500.000000 1.000000
932.996887 500.000000 1.000000
520.212708 500.000000 1.000000
565.315308 500.000000 1.000000
1056.861206 500.000000 1.000000
616.065796 500.000000 1.000000
802.163818 500.000000 1.000000
798.044373 500.000000 1.000000
450.247223 500.000000 1.000000
494.964508 500.000000 1.000000
950.426941 500.000000 1.000000
431.428284 500.000000 1.000000
707.222229 500.000000 1.000000
472.275665 500.000000 1.000000
649.908630 500.000000 1.000000
754.561401 500.000000 1.000000
504.997742 500.000000 1.000000
756.135315 500.000000 1.000000
584.186157 500.000000 1.000000
682.416687 500.000000 1.000000
701.418030 500.000000 1.000000
1273.691162 500.000000 1.000000
552.700623 500.000000 1.000000
476.788940 500.000000 1.000000
589.368286 500.000000 1.000000
598.369690 500.000000 1.000000
555.412781 500.000000 1.000000
423.494934 500.000000 1.000000
537.638489 500.000000 1.000000
459.231842 500.000000 1.000000
465.583984 500.000000 1.000000
488.888702 500.000000 1.000000
1204.131470 500.000000 1.000000
1065.239136 500.000000 1.000000
803.266174 500.000000 1.000000
504.946106 500.000000 1.000000
1141.966309 500.000000 1.000000
359.589905 500.000000 1.000000
739.980530 500.000000 1.000000
392.366241 500.000000 1.000000
617.499329 500.000000 1.000000
602.908447 500.000000 1.000000
526.201233 500.000000 1.000000
563.004700 500.000000 1.000000
487.059021 500.000000 1.000000
710.636108 500.000000 1.000000
1106.642090 500.000000 1.000000
642.881958 500.000000 1.000000
536.643799 500.000000 1.000000
514.476990 500.000000 1.000000
428.805786 500.000000 1.000000
1467.745239 500.000000 1.000000
615.853760 500.000000 1.000000
483.235352 500.000000 1.000000
1028.477417 500.000000 1.000000
678.330933 500.000000 1.000000
545.722229 500.000000 1.000000
846.169922 500.000000 1.000000
715.343872 500.000000 1.000000
502.131042 500.000000 1.000000
514.717651 500.000000 1.000000
538.350281 500.000000 1.000000
942.429626 500.000000 1.000000
932.937561 500.000000 1.000000
455.955841 500.000000 1.000000
926.312500 500.000000 1.000000
1106.784302 500.000000 1.000000
798.820557 500.000000 1.000000
353.688354 500.000000 1.000000
447.971985 500.000000 1.000000
455.459137 500.000000 1.000000
995.623413 500.000000 1.000000
476.361115 500.000000 1.000000
545.885864 500.000000 1.000000
454.082092 500.000000 1.000000
432.827972 500.000000 1.000000
508.439301 500.000000 1.000000
548.501465 500.000000 1.000000
862.893250 500.000000 1.000000
450.521606 500.000000 1.000000
1328.585571 500.000000 1.000000
478.733978 500.000000 1.000000
684.576416 500.000000 1.000000
553.129822 500.000000 1.000000
493.870392 500.000000 1.000000
1100.884766 500.000000 1.000000
800.290771 500.000000 1.000000
370.234436 500.000000 1.000000
588.966187 500.000000 1.000000
477.618042 500.000000 1.000000
1060.022095 500.000000 1.000000
484.239960 500.000000 1.000000
696.890747 500.000000 1.000000
950.964783 500.000000 1.000000
480.621277 500.000000 1.000000
441.287354 500.000000 1.000000
449.313171 500.000000 1.000000
605.525818 500.000000 1.000000
572.140076 500.000000 1.000000
1134.092529 500.000000 1.000000
414.065155 500.000000 1.000000
790.641174 500.000000 1.000000
1587.277710 500.000000 1.000000
497.575836 500.000000 1.000000
1048.541016 500.000000 1.000000
795.199707 500.000000 1.000000
746.020203 500.000000 1.000000
1121.081055 500.000000 1.000000
504.909454 500.000000 1.000000
966.280090 500.000000 1.000000
877.038818 500.000000 1.000000
1113.357300 500.000000 1.000000
598.455078 500.000000 1.000000
421.515015 500.000000 1.000000
612.003479 500.000000 1.000000
488.097107 500.000000 1.000000
950.875488 500.000000 1.000000
524.934998 500.000000 1.000000
473.013428 500.000000 1.000000
608.306030 500.000000 1.000000
770.377319 500.000000 1.000000
796.049988 500.000000 1.000000
1696.677490 500.000000 1.000000
667.645752 500.000000 1.000000
690.469543 500.000000 1.000000
638.377747 500.000000 1.000000
467.439758 500.000000 1.000000
736.599792 500.000000 1.000000
485.896973 500.000000 1.000000
458.341736 500.000000 1.000000
380.925140 500.000000 1.000000
493.992584 500.000000 1.000000
635.117737 500.000000 1.000000
2120.049072 500.000000 1.000000
701.030762 500.000000 1.000000
531.016174 500.000000 1.000000
558.559021 500.000000 1.000000
356.411163 500.000000 1.000000
1066.435547 500.000000 1.000000
534.272644 500.000000 1.000000
1943.919312 500.000000 1.000000
430.516754 500.000000 1.000000
708.174927 500.000000 1.000000
2003.547852 500.000000 1.000000
426.161285 500.000000 1.000000
1290.040771 500.000000 1.000000
680.244751 500.000000 1.000000
542.977478 500.000000 1.000000
980.578430 500.000000 1.000000
565.355896 500.000000 1.000000
546.845459 500.000000 1.000000
785.272522 500.000000 1.000000
1008.452942 500.000000 1.000000
588.641968 500.000000 1.000000
559.726562 500.000000 1.000000
480.012604 500.000000 1.000000
447.113678 500.000000 1.000000
527.674988 500.000000 1.000000
632.280029 500.000000 1.000000
536.068054 500.000000 1.000000
569.567444 500.000000 1.000000
491.463898 500.000000 1.000000
526.599670 500.000000 1.000000
484.224518 500.000000 1.000000
1380.590820 500.000000 1.000000
443.419434 500.000000 1.000000
557.557617 500.000000 1.000000
509.810791 500.000000 1.000000
495.468231 500.000000 1.000000
1323.384766 500.000000 1.000000
549.686523 500.000000 1.000000
393.708038 500.000000 1.000000
472.135956 500.000000 1.000000
1145.034668 500.000000 1.000000
476.948547 500.000000 1.000000
613.196533 500.000000 1.000000
843.657776 500.000000 1.000000
1047.082764 500.000000 1.000000
514.550232 500.000000 1.000000
678.273987 500.000000 1.000000
485.903564 500.000000 1.000000
506.425720 500.000000 1.000000
601.154297 500.000000 1.000000
487.440948 500.000000 1.000000
1289.602905 500.000000 1.000000
457.375366 500.000000 1.000000
496.286011 500.000000 1.000000
593.553894 500.000000 1.000000
705.765503 500.000000 1.000000
848.490173 500.000000 1.000000
2072.833496 500.000000 1.000000
581.693420 500.000000 1.000000
580.289368 500.000000 1.000000
454.665680 500.000000 1.000000
487.073395 500.000000 1.000000
466.685272 500.000000 1.000000
642.434631 500.000000 1.000000
494.814270 500.000000 1.000000
421.955933 500.000000 1.000000
476.786041 500.000000 1.000000
527.328064 500.000000 1.000000
1756.276367 500.000000 1.000000
441.187561 500.000000 1.000000
635.393555 500.000000 1.000000
678.527283 500.000000 1.000000
468.580811 500.000000 1.000000
482.552734 500.000000 1.000000
482.764862 500.000000 1.000000
1366.873779 500.000000 1.000000
1342.257690 500.000000 1.000000
570.214111 500.000000 1.000000
427.731995 500.000000 1.000000
1022.215637 500.000000 1.000000
992.620483 500.000000 1.000000
549.981812 500.000000 1.000000
468.676147 500.000000 1.000000
1309.120483 500.000000 1.000000
470.403992 500.000000 1.000000
800.799805 500.000000 1.000000
583.970459 500.000000 1.000000
506.126892 500.000000 1.000000
891.925476 500.000000 1.000000
898.341614 500.000000 1.000000
506.522858 500.000000 1.000000
374.874847 500.000000 1.000000
442.937714 500.000000 1.000000
781.769958 500.000000 1.000000
395.910858 500.000000 1.000000
493.165741 500.000000 1.000000
1152.341309 500.000000 1.000000
455.512177 500.000000 1.000000
456.343262 500.000000 1.000000
528.846375 500.000000 1.000000
557.084351 500.000000 1.000000
514.135681 500.000000 1.000000
1060.275879 500.000000 1.000000
514.486938 500.000000 1.000000
521.175659 500.000000 1.000000
484.048462 500.000000 1.000000
1472.621948 500.000000 1.000000
799.629272 500.000000 1.000000
479.325531 500.000000 1.000000
474.940125 500.000000 1.000000
541.907776 500.000000 1.000000
586.809143 500.000000 1.000000
451.869904 500.000000 1.000000
445.359863 500.000000 1.000000
517.775879 500.000000 1.000000
2226.429443 500.000000 1.000000
430.965515 500.000000 1.000000
937.172607 500.000000 1.000000
502.912689 500.000000 1.000000
693.916748 500.000000 1.000000
1801.000977 500.000000 1.000000
545.154785 500.000000 1.000000
457.957428 500.000000 1.000000
519.727722 500.000000 1.000000
983.552124 500.000000 1.000000
1270.453003 500.000000 1.000000
509.113007 500.000000 1.000000
488.108612 500.000000 1.000000
528.999390 500.000000 1.000000
657.185181 500.000000 1.000000
531.211548 500.000000 1.000000
891.657898 500.000000 1.000000
556.194580 500.000000 1.000000
1456.670410 500.000000 1.000000
642.163025 500.000000 1.000000
1277.657715 500.000000 1.000000
432.288055 500.000000 1.000000
710.717529 500.000000 1.000000
600.375183 500.000000 1.000000
437.862427 500.000000 1.000000
446.541473 500.000000 1.000000
596.596863 500.000000 1.000000
1177.599731 500.000000 1.000000
344.071259 500.000000 1.000000
1268.802612 500.000000 1.000000
1262.213379 500.000000 1.000000
1513.702759 500.000000 1.000000
512.365112 500.000000 1.000000
466.001373 500.000000 1.000000
823.743469 500.000000 1.000000
536.200562 500.000000 1.000000
665.137634 500.000000 1.000000
1235.922729 500.000000 1.000000
531.069763 500.000000 1.000000
489.904602 500.000000 1.000000
934.988342 500.000000 1.000000
545.625061 500.000000 1.000000
493.680908 500.000000 1.000000
689.650146 500.000000 1.000000
894.731445 500.000000 1.000000
617.050842 500.000000 1.000000
748.078796 500.000000 1.000000
902.221436 500.000000 1.000000
509.079620 500.000000 1.000000
417.248932 500.000000 1.000000
526.311462 500.000000 1.000000
967.927734 500.000000 1.000000
490.825226 500.000000 1.000000
941.899414 500.000000 1.000000
782.755981 500.000000 1.000000
470.936371 500.000000 1.000000
635.276855 500.000000 1.000000
424.820770 500.000000 1.000000
758.315735 500.000000 1.000000
622.629150 500.000000 1.000000
462.541901 500.000000 1.000000
454.986664 500.000000 1.000000
499.185669 500.000000 1.000000
654.096436 500.000000 1.000000
468.339783 500.000000 1.000000
508.232727 500.000000 1.000000
456.107697 500.000000 1.000000
607.926453 500.000000 1.000000
486.392609 500.000000 1.000000
835.329651 500.000000 1.000000
1211.621460 500.000000 1.000000
1127.404175 500.000000 1.000000
545.606201 500.000000 1.000000
657.755249 500.000000 1.000000
461.707916 500.000000 1.000000
647.069641 500.000000 1.000000
464.583984 500.000000 1.000000
491.108856 500.000000 1.000000
417.252716 500.000000 1.000000
634.866699 500.000000 1.000000
675.126709 500.000000 1.000000
445.302094 500.000000 1.000000
550.758423 500.000000 1.000000
1020.009583 500.000000 1.000000
716.624329 500.000000 1.000000
523.540466 500.000000 1.000000
761.443604 500.000000 1.000000
442.761932 500.000000 1.000000
551.894470 500.000000 1.000000
693.358337 500.000000 1.000000
985.362915 500.000000 1.000000
712.187012 500.000000 1.000000
547.030334 500.000000 1.000000
585.835571 500.000000 1.000000
449.895081 500.000000 1.000000
470.544922 500.000000 1.000000
497.366119 500.000000 1.000000
521.404358 500.000000 1.000000
431.755035 500.000000 1.000000
1097.732788 500.000000 1.000000
635.648987 500.000000 1.000000
723.722107 500.000000 1.000000
610.732666 500.000000 1.000000
473.906067 500.000000 1.000000
753.767944 500.000000 1.000000
678.906677 500.000000 1.000000
1624.852905 500.000000 1.000000
973.252930 500.000000 1.000000
1014.974915 500.000000 1.000000
382.229736 500.000000 1.000000
1651.373657 500.000000 1.000000
561.579651 500.000000 1.000000
737.313538 500.000000 1.000000
464.741547 500.000000 1.000000
595.957886 500.000000 1.000000
455.844543 500.000000 1.000000
598.191895 500.000000 1.000000
769.735413 500.000000 1.000000
882.011292 500.000000 1.000000
672.911621 500.000000 1.000000
461.817444 500.000000 1.000000
483.496979 500.000000 1.000000
738.329834 500.000000 1.000000
515.243469 500.000000 1.000000
467.303375 500.000000 1.000000
593.779663 500.000000 1.000000
510.193085 500.000000 1.000000
765.420471 500.000000 1.000000
953.479309 500.000000 1.000000
527.345398 500.000000 1.000000
614.486084 500.000000 1.000000
916.575439 500.000000 1.000000
776.698547 500.000000 1.000000
424.596222 500.000000 1.000000
635.903076 500.000000 1.000000
701.389893 500.000000 1.000000
518.521362 500.000000 1.000000
1037.554688 500.000000 1.000000
617.815369 500.000000 1.000000
634.984985 500.000000 1.000000
734.491455 500.000000 1.000000
461.144470 500.000000 1.000000
509.641174 500.000000 1.000000
491.070953 500.000000 1.000000
586.482239 500.000000 1.000000
1187.879272 500.000000 1.000000
818.932312 500.000000 1.000000
527.514832 500.000000 1.000000
708.836792 500.000000 1.000000
499.470917 500.000000 1.000000
494.383820 500.000000 1.000000
657.713745 500.000000 1.000000
591.035400 500.000000 1.000000
423.216278 500.000000 1.000000
472.669891 500.000000 1.000000
548.008484 500.000000 1.000000
496.310150 500.000000 1.000000
477.487030 500.000000 1.000000
844.561340 500.000000 1.000000
741.113647 500.000000 1.000000
528.369873 500.000000 1.000000
1285.473145 500.000000 1.000000
789.593445 500.000000 1.000000
649.702820 500.000000 1.000000
432.345398 500.000000 1.000000
507.941742 500.000000 1.000000
442.982361 500.000000 1.000000
427.560333 500.000000 1.000000
578.942993 500.000000 1.000000
488.869568 500.000000 1.000000
433.878113 500.000000 1.000000
1158.822632 500.000000 1.000000
1236.626709 500.000000 1.000000
535.804077 500.000000 1.000000
643.228821 500.000000 1.000000
511.579315 500.000000 1.000000
589.505737 500.000000 1.000000
729.927734 500.000000 1.000000
435.800537 500.000000 1.000000
595.554321 500.000000 1.000000
625.801453 500.000000 1.000000
521.718872 500.000000 1.000000
499.772705 500.000000 1.000000
484.247467 500.000000 1.000000
606.564880 500.000000 1.000000
467.272736 500.000000 1.000000
670.849304 500.000000 1.000000
375.259155 500.000000 1.000000
550.246643 500.000000 1.000000
572.165649 500.000000 1.000000
510.730621 500.000000 1.000000
429.959991 500.000000 1.000000
578.935669 500.000000 1.000000
513.057495 500.000000 1.000000
1373.018555 500.000000 1.000000
580.413879 500.000000 1.000000
557.626465 500.000000 1.000000
1039.248047 500.000000 1.000000
454.632751 500.000000 1.000000
415.215668 500.000000 1.000000
493.118896 500.000000 1.000000
928.757263 500.000000 1.000000
625.480469 500.000000 1.000000
491.912262 500.000000 1.000000
518.579224 500.000000 1.000000
927.607971 500.000000 1.000000
730.210938 500.000000 1.000000
1023.471375 500.000000 1.000000
475.055725 500.000000 1.000000
536.033081 500.000000 1.000000
547.854736 500.000000 1.000000
915.434082 500.000000 1.000000
678.049622 500.000000 1.000000
483.920319 500.000000 1.000000
468.757507 500.000000 1.000000
636.913330 500.000000 1.000000
682.186462 500.000000 1.000000
502.541931 500.000000 1.000000
850.678284 500.000000 1.000000
492.480438 500.000000 1.000000
610.061890 500.000000 1.000000
352.657806 500.000000 1.000000
537.282837 500.000000 1.000000
505.298615 500.000000 1.000000
479.827667 500.000000 1.000000
568.476562 500.000000 1.000000
456.092499 500.000000 1.000000
1125.436157 500.000000 1.000000
838.086792 500.000000 1.000000
460.365784 500.000000 1.000000
448.354675 500.000000 1.000000
781.468811 500.000000 1.000000
487.335999 500.000000 1.000000
437.680176 500.000000 1.000000
709.132935 500.000000 1.000000
865.645630 500.000000 1.000000
478.643494 500.000000 1.000000
972.972351 500.000000 1.000000
724.017212 500.000000 1.000000
1783.141724 500.000000 1.000000
519.187500 500.000000 1.000000
521.748230 500.000000 1.000000
756.357605 500.000000 1.000000
625.226624 500.000000 1.000000
728.765198 500.000000 1.000000
615.217224 500.000000 1.000000
851.462158 500.000000 1.000000
738.082764 500.000000 1.000000
800.998474 500.000000 1.000000
459.515594 500.000000 1.000000
898.666382 500.000000 1.000000
448.120819 500.000000 1.000000
533.732117 500.000000 1.000000
546.066345 500.000000 1.000000
544.522156 500.000000 1.000000
430.158752 500.000000 1.000000
433.615234 500.000000 1.000000
1128.154785 500.000000 1.000000
659.184204 500.000000 1.000000
670.655823 500.000000 1.000000
469.578583 500.000000 1.000000
508.056610 500.000000 1.000000
423.638275 500.000000 1.000000
839.892883 500.000000 1.000000
672.529297 500.000000 1.000000
493.806824 500.000000 1.000000
1173.127319 500.000000 1.000000
378.373535 500.000000 1.000000
544.412048 500.000000 1.000000
907.223145 500.000000 1.000000
886.542603 500.000000 1.000000
810.775024 500.000000 1.000000
415.978119 500.000000 1.000000
544.057922 500.000000 1.000000
395.341858 500.000000 1.000000
528.957825 500.000000 1.000000
788.387634 500.000000 1.000000
1160.434326 500.000000 1.000000
519.774963 500.000000 1.000000
851.678101 500.000000 1.000000
498.619141 500.000000 1.000000
1263.806396 500.000000 1.000000
513.226990 500.000000 1.000000
717.558838 500.000000 1.000000
910.340820 500.000000 1.000000
1640.413086 500.000000 1.000000
545.722412 500.000000 1.000000
772.167053 500.000000 1.000000
642.617920 500.000000 1.000000
590.862671 500.000000 1.000000
513.178101 500.000000 1.000000
877.094421 500.000000 1.000000
1546.616089 500.000000 1.000000
1281.365112 500.000000 1.000000
687.035400 500.000000 1.000000
428.737427 500.000000 1.000000
325.548157 500.000000 1.000000
742.733215 500.000000 1.000000
448.148071 500.000000 1.000000
521.958740 500.000000 1.000000
1362.023926 500.000000 1.000000
351.478668 500.000000 1.000000
547.201477 500.000000 1.000000
1064.922729 500.000000 1.000000
1179.438477 500.000000 1.000000
542.616638 500.000000 1.000000
552.358032 500.000000 1.000000
530.696289 500.000000 1.000000
477.113312 500.000000 1.000000
1594.299194 500.000000 1.000000
809.408020 500.000000 1.000000
470.445404 500.000000 1.000000
373.426086 500.000000 1.000000
689.426331 500.000000 1.000000
491.619202 500.000000 1.000000
586.988953 500.000000 1.000000
610.716370 500.000000 1.000000
698.227356 500.000000 1.000000
462.037811 500.000000 1.000000
656.887573 500.000000 1.000000
373.647888 500.000000 1.000000
501.761841 500.000000 1.000000
2047.077393 500.000000 1.000000
483.877533 500.000000 1.000000
794.248230 500.000000 1.000000
1571.188232 500.000000 1.000000
483.436188 500.000000 1.000000
522.107178 500.000000 1.000000
434.417847 500.000000 1.000000
466.635162 500.000000 1.000000
851.673157 500.000000 1.000000
745.047180 500.000000 1.000000
770.393066 500.000000 1.000000
1187.197754 500.000000 1.000000
481.893158 500.000000 1.000000
394.780365 500.000000 1.000000
475.269714 500.000000 1.000000
502.058594 500.000000 1.000000
1765.170410 500.000000 1.000000
600.843262 500.000000 1.000000
545.606873 500.000000 1.000000
682.252563 500.000000 1.000000
471.751678 500.000000 1.000000
460.502930 500.000000 1.000000
420.738098 500.000000 1.000000
499.037720 500.000000 1.000000
598.498413 500.000000 1.000000
434.101227 500.000000 1.000000
464.024841 500.000000 1.000000
706.323486 500.000000 1.000000
489.971436 500.000000 1.000000
452.442688 500.000000 1.000000
445.043884 500.000000 1.000000
373.157745 500.000000 1.000000
1455.404663 500.000000 1.000000
422.628357 500.000000 1.000000
976.314636 500.000000 1.000000
1540.342896 500.000000 1.000000
574.274231 500.000000 1.000000
1088.754639 500.000000 1.000000
458.096527 500.000000 1.000000
574.805786 500.000000 1.000000
1380.436646 500.000000 1.000000
411.591766 500.000000 1.000000
628.300293 500.000000 1.000000
390.706543 500.000000 1.000000
582.215027 500.000000 1.000000
459.167175 500.000000 1.000000
1218.487427 500.000000 1.000000
553.622620 500.000000 1.000000
1071.310791 500.000000 1.000000
893.693115 500.000000 1.000000
605.000549 500.000000 1.000000
649.218933 500.000000 1.000000
488.649139 500.000000 1.000000
783.243896 500.000000 1.000000
794.422791 500.000000 1.000000
715.361816 500.000000 1.000000
784.748535 500.000000 1.000000
515.777771 500.000000 1.000000
553.177795 500.000000 1.000000
456.777893 500.000000 1.000000
482.404877 500.000000 1.000000
1264.473022 500.000000 1.000000
696.944946 500.000000 1.000000
837.971008 500.000000 1.000000
617.683472 500.000000 1.000000
593.722107 500.000000 1.000000
433.639862 500.000000 1.000000
496.041656 500.000000 1.000000
812.716736 500.000000 1.000000
612.078674 500.000000 1.000000
449.608063 500.000000 1.000000
1453.869873 500.000000 1.000000
487.290527 500.000000 1.000000
515.760986 500.000000 1.000000
1227.237793 500.000000 1.000000
1503.827637 500.000000 1.000000
431.915222 500.000000 1.000000
615.244019 500.000000 1.000000
514.870911 500.000000 1.000000
764.339905 500.000000 1.000000
892.120361 500.000000 1.000000
545.995422 500.000000 1.000000
1106.267700 500.000000 1.000000
854.809937 500.000000 1.000000
458.065277 500.000000 1.000000
548.830872 500.000000 1.000000
702.469238 500.000000 1.000000
1160.790771 500.000000 1.000000
1095.209717 500.000000 1.000000
572.192322 500.000000 1.000000
576.590942 500.000000 1.000000
561.746094 500.000000 1.000000
1086.952515 500.000000 1.000000
1076.435425 500.000000 1.000000
522.509460 500.000000 1.000000
452.651642 500.000000 1.000000
488.499146 500.000000 1.000000
743.590881 500.000000 1.000000
826.482727 500.000000 1.000000
700.890808 500.000000 1.000000
1104.256226 500.000000 1.000000
916.689453 500.000000 1.000000
620.254211 500.000000 1.000000
453.999817 500.000000 1.000000
794.748596 500.000000 1.000000
580.983276 500.000000 1.000000
1204.554443 500.000000 1.000000
676.308838 500.000000 1.000000
790.384094 500.000000 1.000000
404.508789 500.000000 1.000000
1070.889282 500.000000 1.000000
434.046326 500.000000 1.000000
511.423431 500.000000 1.000000
589.559814 500.000000 1.000000
485.229004 500.000000 1.000000
422.355865 500.000000 1.000000
547.153748 500.000000 1.000000
544.079285 500.000000 1.000000
481.243866 500.000000 1.000000
872.424255 500.000000 1.000000
555.722229 500.000000 1.000000
717.454041 500.000000 1.000000
548.195251 500.000000 1.000000
512.088684 500.000000 1.000000
459.991333 500.000000 1.000000
1124.012695 500.000000 1.000000
1572.916992 500.000000 1.000000
482.225311 500.000000 1.000000
749.513550 500.000000 1.000000
779.290955 500.000000 1.000000
497.598145 500.000000 1.000000
715.648743 500.000000 1.000000
430.081573 500.000000 1.000000
464.839996 500.000000 1.000000
515.548157 500.000000 1.000000
469.104279 500.000000 1.000000
852.565063 500.000000 1.000000
499.799530 500.000000 1.000000
775.393555 500.000000 1.000000
432.672577 500.000000 1.000000
642.431396 500.000000 1.000000
783.444702 500.000000 1.000000
475.980225 500.000000 1.000000
448.808777 500.000000 1.000000
910.501404 500.000000 1.000000
453.626526 500.000000 1.000000
505.538086 500.000000 1.000000
607.314331 500.000000 1.000000
575.583923 500.000000 1.000000
590.665100 500.000000 1.000000
809.517822 500.000000 1.000000
621.323547 500.000000 1.000000
880.203369 500.000000 1.000000
937.067383 500.000000 1.000000
955.925903 500.000000 1.000000
476.364746 500.000000 1.000000
555.103394 500.000000 1.000000
2337.557129 500.000000 1.000000
555.761230 500.000000 1.000000
473.128021 500.000000 1.000000
814.757507 500.000000 1.000000
583.787231 500.000000 1.000000
949.034485 500.000000 1.000000
412.717010 500.000000 1.000000
1423.872681 500.000000 1.000000
1188.549072 500.000000 1.000000
450.837067 500.000000 1.000000
1235.476807 500.000000 1.000000
405.037567 500.000000 1.000000
719.077271 500.000000 1.000000
443.828705 500.000000 1.000000
1553.358521 500.000000 1.000000
479.489380 500.000000 1.000000
373.670441 500.000000 1.000000
981.659363 500.000000 1.000000
442.767395 500.000000 1.000000
404.267365 500.000000 1.000000
657.395203 500.000000 1.000000
913.578308 500.000000 1.000000
592.625000 500.000000 1.000000
903.036133 500.000000 1.000000
536.843262 500.000000 1.000000
951.124146 500.000000 1.000000
477.727203 500.000000 1.000000
423.714752 500.000000 1.000000
561.629822 500.000000 1.000000
822.990601 500.000000 1.000000
466.159790 500.000000 1.000000
534.934570 500.000000 1.000000
515.554504 500.000000 1.000000
493.795441 500.000000 1.000000
966.078552 500.000000 1.000000
723.562439 500.000000 1.000000
1405.827148 500.000000 1.000000
503.968079 500.000000 1.000000
477.325043 500.000000 1.000000
490.597443 500.000000 1.000000
378.323975 500.000000 1.000000
572.137085 500.000000 1.000000
671.458130 500.000000 1.000000
1099.227173 500.000000 1.000000
358.650055 500.000000 1.000000
442.836731 500.000000 1.000000
782.329956 500.000000 1.000000
1664.031982 500.000000 1.000000
973.529968 500.000000 1.000000
558.163818 500.000000 1.000000
348.276245 500.000000 1.000000
605.456726 500.000000 1.000000
621.982056 500.000000 1.000000
1335.860962 500.000000 1.000000
910.857361 500.000000 1.000000
497.747528 500.000000 1.000000
500.492706 500.000000 1.000000
949.513000 500.000000 1.000000
447.841064 500.000000 1.000000
478.471252 500.000000 1.000000
437.349518 500.000000 1.000000
385.345551 500.000000 1.000000
894.046997 500.000000 1.000000
507.079010 500.000000 1.000000
726.842346 500.000000 1.000000
540.850403 500.000000 1.000000
605.347107 500.000000 1.000000
591.645020 500.000000 1.000000
1109.767578 500.000000 1.000000
495.641602 500.000000 1.000000
394.150330 500.000000 1.000000
503.163544 500.000000 1.000000
351.953827 500.000000 1.000000
737.371887 500.000000 1.000000
544.413086 500.000000 1.000000
676.940308 500.000000 1.000000
693.474182 500.000000 1.000000
430.876892 500.000000 1.000000
527.435364 500.000000 1.000000
498.283081 500.000000 1.000000
563.876038 500.000000 1.000000
459.982819 500.000000 1.000000
402.778717 500.000000 1.000000
486.719727 500.000000 1.000000
425.183014 500.000000 1.000000
1068.556519 500.000000 1.000000
678.808777 500.000000 1.000000
524.545593 500.000000 1.000000
413.868042 500.000000 1.000000
470.863037 500.000000 1.000000
494.179382 500.000000 1.000000
498.307495 500.000000 1.000000
427.131836 500.000000 1.000000
805.029480 500.000000 1.000000
691.089844 500.000000 1.000000
818.662415 500.000000 1.000000
398.992859 500.000000 1.000000
713.292847 500.000000 1.000000
538.170044 500.000000 1.000000
591.059265 500.000000 1.000000
1045.463379 500.000000 1.000000
879.046631 500.000000 1.000000
643.837097 500.000000 1.000000
411.018677 500.000000 1.000000
529.659912 500.000000 1.000000
332.761749 500.000000 1.000000
627.610718 500.000000 1.000000
1022.741638 500.000000 1.000000
612.279785 500.000000 1.000000
368.876495 500.000000 1.000000
556.104614 500.000000 1.000000
931.232422 500.000000 1.000000
510.004181 500.000000 1.000000
603.232544 500.000000 1.000000
433.087067 500.000000 1.000000
575.651550 500.000000 1.000000
730.751160 500.000000 1.000000
490.368591 500.000000 1.000000
597.125916 500.000000 1.000000
572.352844 500.000000 1.000000
469.932129 500.000000 1.000000
460.668030 500.000000 1.000000
584.411621 500.000000 1.000000
508.590698 500.000000 1.000000
566.101807 500.000000 1.000000
820.034485 500.000000 1.000000
473.309753 500.000000 1.000000
698.177185 500.000000 1.000000
495.195526 500.000000 1.000000
580.338379 500.000000 1.000000
588.647766 500.000000 1.000000
820.322327 500.000000 1.000000
778.484375 500.000000 1.000000
866.238708 500.000000 1.000000
874.875549 500.000000 1.000000
610.655701 500.000000 1.000000
488.231110 500.000000 1.000000
582.853516 500.000000 1.000000
712.717346 500.000000 1.000000
469.115143 500.000000 1.000000
440.885651 500.000000 1.000000
447.160278 500.000000 1.000000
628.703857 500.000000 1.000000
1648.051758 500.000000 1.000000
964.676758 500.000000 1.000000
550.919006 500.000000 1.000000
566.487549 500.000000 1.000000
783.653015 500.000000 1.000000
442.406372 500.000000 1.000000
600.871338 500.000000 1.000000
1087.876953 500.000000 1.000000
558.473389 500.000000 1.000000
403.755585 500.000000 1.000000
491.309174 500.000000 1.000000
533.296448 500.000000 1.000000
703.776428 500.000000 1.000000
1022.667847 500.000000 1.000000
704.680542 500.000000 1.000000
528.933655 500.000000 1.000000
989.369812 500.000000 1.000000
525.067505 500.000000 1.000000
1351.450317 500.000000 1.000000
991.991028 500.000000 1.000000
630.659363 500.000000 1.000000
706.232300 500.000000 1.000000
1069.076782 500.000000 1.000000
797.857849 500.000000 1.000000
523.148987 500.000000 1.000000
917.961792 500.000000 1.000000
557.177490 500.000000 1.000000
1108.698242 500.000000 1.000000
604.623901 500.000000 1.000000
413.138214 500.000000 1.000000
555.270874 500.000000 1.000000
469.143738 500.000000 1.000000
461.953735 500.000000 1.000000
685.045837 500.000000 1.000000
568.020691 500.000000 1.000000
616.499878 500.000000 1.000000
525.112854 500.000000 1.000000
492.656708 500.000000 1.000000
715.274536 500.000000 1.000000
1088.296143 500.000000 1.000000
1085.372192 500.000000 1.000000
1132.835327 500.000000 1.000000
1317.682007 500.000000 1.000000
397.421570 500.000000 1.000000
542.353271 500.000000 1.000000
498.152161 500.000000 1.000000
758.195374 500.000000 1.000000
582.022217 500.000000 1.000000
551.562561 500.000000 1.000000
470.294434 500.000000 1.000000
480.713593 500.000000 1.000000
469.376312 500.000000 1.000000
734.666748 500.000000 1.000000
467.651093 500.000000 1.000000
595.893494 500.000000 1.000000
405.091064 500.000000 1.000000
878.863037 500.000000 0.000000
505.913208 500.000000 0.000000
908.590820 500.000000 0.000000
747.795715 500.000000 0.000000
513.053284 500.000000 0.000000
472.560730 500.000000 0.000000
475.221985 500.000000 0.000000
500.125732 500.000000 0.000000
514.377197 500.000000 0.000000
454.481232 500.000000 0.000000
405.019684 500.000000 0.000000
591.054626 500.000000 0.000000
541.469055 500.000000 0.000000
542.223083 500.000000 0.000000
1928.838989 500.000000 0.000000
363.099213 500.000000 0.000000
438.900391 500.000000 0.000000
385.869751 500.000000 0.000000
683.988647 500.000000 0.000000
814.509705 500.000000 0.000000
615.089722 500.000000 0.000000
603.359497 500.000000 0.000000
462.078491 500.000000 0.000000
790.353210 500.000000 0.000000
663.507996 500.000000 0.000000
698.944763 500.000000 0.000000
437.842590 500.000000 0.000000
564.282471 500.000000 0.000000
505.175018 500.000000 0.000000
608.000732 500.000000 0.000000
596.283447 500.000000 0.000000
500.701569 500.000000 0.000000
474.701202 500.000000 0.000000
413.774323 500.000000 0.000000
755.122681 500.000000 0.000000
954.819885 500.000000 0.000000
542.736267 500.000000 0.000000
1263.316284 500.000000 0.000000
389.741394 500.000000 0.000000
860.778198 500.000000 0.000000
657.208862 500.000000 0.000000
489.394165 500.000000 0.000000
704.987854 500.000000 0.000000
890.787476 500.000000 0.000000
713.495789 500.000000 0.000000
500.878296 500.000000 0.000000
621.693237 500.000000 0.000000
776.161987 500.000000 0.000000
424.015533 500.000000 0.000000
930.128235 500.000000 0.000000
1022.615295 500.000000 0.000000
562.698608 500.000000 0.000000
757.371399 500.000000 0.000000
817.364136 500.000000 0.000000
614.962524 500.000000 0.000000
1395.661987 500.000000 0.000000
421.073914 500.000000 0.000000
453.542023 500.000000 0.000000
488.161255 500.000000 0.000000
546.504944 500.000000 0.000000
565.230774 500.000000 0.000000
527.178650 500.000000 0.000000
1125.640015 500.000000 0.000000
438.671173 500.000000 0.000000
596.151001 500.000000 0.000000
959.681885 500.000000 0.000000
568.244385 500.000000 0.000000
1678.949219 500.000000 0.000000
1006.690613 500.000000 0.000000
447.552460 500.000000 0.000000
581.671143 500.000000 0.000000
694.354370 500.000000 0.000000
898.762634 500.000000 0.000000
466.827209 500.000000 0.000000
358.330536 500.000000 0.000000
978.835876 500.000000 0.000000
441.729309 500.000000 0.000000
535.661926 500.000000 0.000000
611.689209 500.000000 0.000000
463.567780 500.000000 0.000000
415.433929 500.000000 0.000000
865.317871 500.000000 0.000000
630.472778 500.000000 0.000000
1653.249268 500.000000 0.000000
676.998413 500.000000 0.000000
472.812714 500.000000 0.000000
395.888702 500.000000 0.000000
331.880035 500.000000 0.000000
618.313660 500.000000 0.000000
508.005646 500.000000 0.000000
729.833801 500.000000 0.000000
419.926514 500.000000 0.000000
726.602600 500.000000 0.000000
1590.509521 500.000000 0.000000
583.279724 500.000000 0.000000
314.632690 500.000000 0.000000
388.349884 500.000000 0.000000
516.722107 500.000000 0.000000
1068.440552 500.000000 0.000000
1781.867188 500.000000 0.000000
407.777771 500.000000 0.000000
388.644379 500.000000 0.000000
541.056824 500.000000 0.000000
890.132629 500.000000 0.000000
377.672455 500.000000 0.000000
376.773590 500.000000 0.000000
504.478180 500.000000 0.000000
449.240997 500.000000 0.000000
734.313660 500.000000 0.000000
510.573212 500.000000 0.000000
831.639282 500.000000 0.000000
1138.884766 500.000000 0.000000
332.403412 500.000000 0.000000
381.480988 500.000000 0.000000
420.164551 500.000000 0.000000
581.380920 500.000000 0.000000
1157.752441 500.000000 0.000000
718.239014 500.000000 0.000000
611.656372 500.000000 0.000000
676.337402 500.000000 0.000000
391.146667 500.000000 0.000000
441.813263 500.000000 0.000000
803.397095 500.000000 0.000000
361.957520 500.000000 0.000000
332.172974 500.000000 0.000000
864.940552 500.000000 0.000000
649.999756 500.000000 0.000000
351.300720 500.000000 0.000000
531.524597 500.000000 0.000000
556.401306 500.000000 0.000000
254.324326 500.000000 0.000000
407.199188 500.000000 0.000000
1196.983521 500.000000 0.000000
474.896881 500.000000 0.000000
903.250183 500.000000 0.000000
377.283997 500.000000 0.000000
874.624329 500.000000 0.000000
419.149109 500.000000 0.000000
502.714813 500.000000 0.000000
402.477295 500.000000 0.000000
880.082092 500.000000 0.000000
369.402649 500.000000 0.000000
421.169220 500.000000 0.000000
402.633606 500.000000 0.000000
642.678955 500.000000 0.000000
461.985321 500.000000 0.000000
489.439178 500.000000 0.000000
534.140808 500.000000 0.000000
482.088043 500.000000 0.000000
420.717682 500.000000 0.000000
759.988464 500.000000 0.000000
406.195282 500.000000 0.000000
969.765442 500.000000 0.000000
643.057434 500.000000 0.000000
670.986084 500.000000 0.000000
531.023865 500.000000 0.000000
429.512604 500.000000 0.000000
532.701416 500.000000 0.000000
685.490295 500.000000 0.000000
506.878784 500.000000 0.000000
527.592163 500.000000 0.000000
648.932312 500.000000 0.000000
762.131409 500.000000 0.000000
555.354980 500.000000 0.000000
535.852051 500.000000 0.000000
519.866943 500.000000 0.000000
380.623535 500.000000 0.000000
455.082855 500.000000 0.000000
562.496094 500.000000 0.000000
569.280640 500.000000 0.000000
776.577454 500.000000 0.000000
492.216736 500.000000 0.000000
651.999634 500.000000 0.000000
487.708862 500.000000 0.000000
430.512024 500.000000 0.000000
929.919800 500.000000 0.000000
622.692566 500.000000 0.000000
512.839905 500.000000 0.000000
463.098694 500.000000 0.000000
1486.104370 500.000000 0.000000
342.889587 500.000000 0.000000
353.054077 500.000000 0.000000
701.318604 500.000000 0.000000
1009.437988 500.000000 0.000000
550.074463 500.000000 0.000000
428.603394 500.000000 0.000000
464.563660 500.000000 0.000000
1402.486816 500.000000 0.000000
423.844025 500.000000 0.000000
639.616516 500.000000 0.000000
677.008850 500.000000 0.000000
466.616699 500.000000 0.000000
708.954712 500.000000 0.000000
392.559723 500.000000 0.000000
532.077087 500.000000 0.000000
577.710144 500.000000 0.000000
750.552917 500.000000 0.000000
513.326904 500.000000 0.000000
276.868866 500.000000 0.000000
1086.784302 500.000000 0.000000
433.988525 500.000000 0.000000
528.270752 500.000000 0.000000
492.539642 500.000000 0.000000
488.129059 500.000000 0.000000
356.716400 500.000000 0.000000
909.368103 500.000000 0.000000
692.527161 500.000000 0.000000
381.673553 500.000000 0.000000
549.319458 500.000000 0.000000
1292.738281 500.000000 0.000000
1115.524536 500.000000 0.000000
656.285278 500.000000 0.000000
1091.133667 500.000000 0.000000
453.766571 500.000000 0.000000
827.209473 500.000000 0.000000
355.107330 500.000000 0.000000
532.257874 500.000000 0.000000
656.233582 500.000000 0.000000
759.548523 500.000000 0.000000
556.220581 500.000000 0.000000
459.253723 500.000000 0.000000
449.599731 500.000000 0.000000
771.449036 500.000000 0.000000
630.137573 500.000000 0.000000
394.398102 500.000000 0.000000
404.340851 500.000000 0.000000
497.748230 500.000000 0.000000
763.499451 500.000000 0.000000
476.782104 500.000000 0.000000
431.743622 500.000000 0.000000
481.947449 500.000000 0.000000
746.311340 500.000000 0.000000
523.630371 500.000000 0.000000
348.140045 500.000000 0.000000
546.009338 500.000000 0.000000
743.286438 500.000000 0.000000
366.278442 500.000000 0.000000
598.445251 500.000000 0.000000
1134.550293 500.000000 0.000000
645.128967 500.000000 0.000000
520.165771 500.000000 0.000000
1213.590332 500.000000 0.000000
422.742218 500.000000 0.000000
474.268707 500.000000 0.000000
571.810913 500.000000 0.000000
783.589661 500.000000 0.000000
431.749146 500.000000 0.000000
675.054565 500.000000 0.000000
392.544067 500.000000 0.000000
968.146606 500.000000 0.000000
385.728912 500.000000 0.000000
471.735718 500.000000 0.000000
1303.992310 500.000000 0.000000
607.084473 500.000000 0.000000
637.545227 500.000000 0.000000
465.514069 500.000000 0.000000
368.590576 500.000000 0.000000
614.236511 500.000000 0.000000
398.466827 500.000000 0.000000
1200.804199 500.000000 0.000000
488.433838 500.000000 0.000000
628.919128 500.000000 0.000000
972.756042 500.000000 0.000000
752.362549 500.000000 0.000000
661.225281 500.000000 0.000000
718.058838 500.000000 0.000000
518.696899 500.000000 0.000000
726.426453 500.000000 0.000000
742.187134 500.000000 0.000000
339.027039 500.000000 0.000000
612.624390 500.000000 0.000000
379.845703 500.000000 0.000000
603.697632 500.000000 0.000000
635.831909 500.000000 0.000000
666.090027 500.000000 0.000000
1204.401367 500.000000 0.000000
805.535767 500.000000 0.000000
349.340118 500.000000 0.000000
588.495361 500.000000 0.000000
704.401978 500.000000 0.000000
786.389954 500.000000 0.000000
444.832397 500.000000 0.000000
529.604675 500.000000 0.000000
322.104492 500.000000 0.000000
633.608582 500.000000 0.000000
629.960205 500.000000 0.000000
560.442017 500.000000 0.000000
328.223633 500.000000 0.000000
310.222137 500.000000 0.000000
392.632263 500.000000 0.000000
322.433533 500.000000 0.000000
521.117615 500.000000 0.000000
666.917542 500.000000 0.000000
442.759338 500.000000 0.000000
799.995300 500.000000 0.000000
415.736053 500.000000 0.000000
729.540710 500.000000 0.000000
330.034698 500.000000 0.000000
447.345673 500.000000 0.000000
433.137329 500.000000 0.000000
543.303040 500.000000 0.000000
449.062897 500.000000 0.000000
737.848206 500.000000 0.000000
364.818054 500.000000 0.000000
993.248413 500.000000 0.000000
428.609467 500.000000 0.000000
647.793701 500.000000 0.000000
896.935791 500.000000 0.000000
770.410645 500.000000 0.000000
372.243042 500.000000 0.000000
995.761719 500.000000 0.000000
558.215393 500.000000 0.000000
455.259583 500.000000 0.000000
1587.483032 500.000000 0.000000
891.857727 500.000000 0.000000
532.434814 500.000000 0.000000
605.305176 500.000000 0.000000
1117.911865 500.000000 0.000000
667.153442 500.000000 0.000000
617.479370 500.000000 0.000000
491.068573 500.000000 0.000000
1049.152710 500.000000 0.000000
476.275482 500.000000 0.000000
657.791809 500.000000 0.000000
455.049957 500.000000 0.000000
656.609741 500.000000 0.000000
493.833252 500.000000 0.000000
507.248444 500.000000 0.000000
420.473267 500.000000 0.000000
365.801025 500.000000 0.000000
432.087158 500.000000 0.000000
942.020325 500.000000 0.000000
395.743164 500.000000 0.000000
794.076477 500.000000 0.000000
1057.460327 500.000000 0.000000
860.045776 500.000000 0.000000
740.315247 500.000000 0.000000
845.672729 500.000000 0.000000
456.216370 500.000000 0.000000
296.585358 500.000000 0.000000
412.277832 500.000000 0.000000
346.532410 500.000000 0.000000
1751.660278 500.000000 0.000000
582.167358 500.000000 0.000000
961.466248 500.000000 0.000000
1032.747681 500.000000 0.000000
589.223206 500.000000 0.000000
732.816284 500.000000 0.000000
473.303711 500.000000 0.000000
440.583496 500.000000 0.000000
757.715088 500.000000 0.000000
670.246765 500.000000 0.000000
358.872467 500.000000 0.000000
576.748230 500.000000 0.000000
567.482056 500.000000 0.000000
1395.740479 500.000000 0.000000
460.619019 500.000000 0.000000
617.936340 500.000000 0.000000
1131.078979 500.000000 0.000000
476.922272 500.000000 0.000000
602.214905 500.000000 0.000000
356.890564 500.000000 0.000000
806.846497 500.000000 0.000000
905.251038 500.000000 0.000000
536.935669 500.000000 0.000000
814.321350 500.000000 0.000000
633.349487 500.000000 0.000000
512.472656 500.000000 0.000000
655.408813 500.000000 0.000000
405.989777 500.000000 0.000000
481.562988 500.000000 0.000000
1120.616333 500.000000 0.000000
440.744049 500.000000 0.000000
504.256714 500.000000 0.000000
376.943817 500.000000 0.000000
437.308136 500.000000 0.000000
385.354645 500.000000 0.000000
358.395599 500.000000 0.000000
648.815002 500.000000 0.000000
824.700928 500.000000 0.000000
599.995605 500.000000 0.000000
494.448486 500.000000 0.000000
551.222046 500.000000 0.000000
489.288055 500.000000 0.000000
561.801147 500.000000 0.000000
879.304688 500.000000 0.000000
430.588776 500.000000 0.000000
960.982239 500.000000 0.000000
613.698792 500.000000 0.000000
1183.647095 500.000000 0.000000
268.492645 500.000000 0.000000
652.910583 500.000000 0.000000
393.483185 500.000000 0.000000
875.076599 500.000000 0.000000
761.368835 500.000000 0.000000
587.278870 500.000000 0.000000
451.951172 500.000000 0.000000
1046.252930 500.000000 0.000000
1159.778198 500.000000 0.000000
847.929443 500.000000 0.000000
514.534119 500.000000 0.000000
553.403809 500.000000 0.000000
973.636597 500.000000 0.000000
350.204865 500.000000 0.000000
517.727966 500.000000 0.000000
379.515594 500.000000 0.000000
374.512054 500.000000 0.000000
365.093903 500.000000 0.000000
462.652863 500.000000 0.000000
319.725586 500.000000 0.000000
594.451660 500.000000 0.000000
733.604797 500.000000 0.000000
1023.849060 500.000000 0.000000
746.337585 500.000000 0.000000
433.175934 500.000000 0.000000
1542.192139 500.000000 0.000000
414.622803 500.000000 0.000000
501.342712 500.000000 0.000000
968.722595 500.000000 0.000000
943.675476 500.000000 0.000000
460.427673 500.000000 0.000000
459.286682 500.000000 0.000000
371.399017 500.000000 0.000000
425.111237 500.000000 0.000000
806.839111 500.000000 0.000000
641.560730 500.000000 0.000000
307.273682 500.000000 0.000000
619.957520 500.000000 0.000000
749.409790 500.000000 0.000000
594.564697 500.000000 0.000000
803.310730 500.000000 0.000000
501.349182 500.000000 0.000000
408.597229 500.000000 0.000000
427.815216 500.000000 0.000000
624.793640 500.000000 0.000000
494.787628 500.000000 0.000000
803.166443 500.000000 0.000000
551.854309 500.000000 0.000000
399.467926 500.000000 0.000000
368.480713 500.000000 0.000000
336.678925 500.000000 0.000000
448.633789 500.000000 0.000000
873.029358 500.000000 0.000000
485.877136 500.000000 0.000000
698.287964 500.000000 0.000000
663.279907 500.000000 0.000000
327.554535 500.000000 0.000000
338.277985 500.000000 0.000000
842.884888 500.000000 0.000000
482.223206 500.000000 0.000000
840.506958 500.000000 0.000000
573.380310 500.000000 0.000000
721.662598 500.000000 0.000000
948.055054 500.000000 0.000000
752.974670 500.000000 0.000000
791.510254 500.000000 0.000000
1032.221680 500.000000 0.000000
512.916687 500.000000 0.000000
1088.568970 500.000000 0.000000
525.165527 500.000000 0.000000
544.589294 500.000000 0.000000
587.752197 500.000000 0.000000
824.914001 500.000000 0.000000
510.376312 500.000000 0.000000
481.109833 500.000000 0.000000
384.745758 500.000000 0.000000
1018.669617 500.000000 0.000000
444.714142 500.000000 0.000000
576.515808 500.000000 0.000000
914.365356 500.000000 0.000000
814.031982 500.000000 0.000000
384.221436 500.000000 0.000000
611.644409 500.000000 0.000000
1639.694824 500.000000 0.000000
374.651733 500.000000 0.000000
498.245667 500.000000 0.000000
557.857361 500.000000 0.000000
550.884094 500.000000 0.000000
1569.347656 500.000000 0.000000
533.210449 500.000000 0.000000
416.485626 500.000000 0.000000
1507.591675 500.000000 0.000000
656.392029 500.000000 0.000000
436.035828 500.000000 0.000000
505.124817 500.000000 0.000000
559.646118 500.000000 0.000000
462.362579 500.000000 0.000000
682.436401 500.000000 0.000000
327.874573 500.000000 0.000000
595.901428 500.000000 0.000000
605.043701 500.000000 0.000000
354.022980 500.000000 0.000000
543.201965 500.000000 0.000000
620.603455 500.000000 0.000000
397.835175 500.000000 0.000000
390.171844 500.000000 0.000000
2782.532227 500.000000 0.000000
547.614685 500.000000 0.000000
1442.884277 500.000000 0.000000
1078.298462 500.000000 0.000000
550.682617 500.000000 0.000000
486.938904 500.000000 0.000000
1331.871094 500.000000 0.000000
541.274475 500.000000 0.000000
324.449097 500.000000 0.000000
372.609650 500.000000 0.000000
526.681702 500.000000 0.000000
302.601135 500.000000 0.000000
487.985962 500.000000 0.000000
484.662659 500.000000 0.000000
581.299011 500.000000 0.000000
422.220001 500.000000 0.000000
651.895630 500.000000 0.000000
425.574890 500.000000 0.000000
587.820923 500.000000 0.000000
949.047607 500.000000 0.000000
484.995239 500.000000 0.000000
486.027130 500.000000 0.000000
593.523804 500.000000 0.000000
343.012848 500.000000 0.000000
450.052551 500.000000 0.000000
643.974731 500.000000 0.000000
1589.881226 500.000000 0.000000
555.019287 500.000000 0.000000
789.703857 500.000000 0.000000
803.413269 500.000000 0.000000
499.958435 500.000000 0.000000
456.721313 500.000000 0.000000
342.781982 500.000000 0.000000
502.797211 500.000000 0.000000
321.597260 500.000000 0.000000
553.976685 500.000000 0.000000
444.245483 500.000000 0.000000
600.758240 500.000000 0.000000
553.541809 500.000000 0.000000
377.389740 500.000000 0.000000
360.703644 500.000000 0.000000
546.291565 500.000000 0.000000
900.194946 500.000000 0.000000
639.422485 500.000000 0.000000
841.437256 500.000000 0.000000
491.020996 500.000000 0.000000
429.240204 500.000000 0.000000
918.713928 500.000000 0.000000
508.051056 500.000000 0.000000
416.450439 500.000000 0.000000
658.538818 500.000000 0.000000
659.420349 500.000000 0.000000
416.537079 500.000000 0.000000
421.662537 500.000000 0.000000
1071.594238 500.000000 0.000000
748.550781 500.000000 0.000000
484.010620 500.000000 0.000000
970.138611 500.000000 0.000000
775.231750 500.000000 0.000000
485.296661 500.000000 0.000000
654.745728 500.000000 0.000000
640.107117 500.000000 0.000000
501.473816 500.000000 0.000000
472.995941 500.000000 0.000000
378.411469 500.000000 0.000000
410.688904 500.000000 0.000000
470.196014 500.000000 0.000000
503.195068 500.000000 0.000000
526.992615 500.000000 0.000000
1365.760254 500.000000 0.000000
754.397827 500.000000 0.000000
801.479858 500.000000 0.000000
436.596558 500.000000 0.000000
541.350403 500.000000 0.000000
562.879395 500.000000 0.000000
577.079346 500.000000 0.000000
380.514282 500.000000 0.000000
1882.297607 500.000000 0.000000
407.572601 500.000000 0.000000
515.894165 500.000000 0.000000
706.462646 500.000000 0.000000
846.593079 500.000000 0.000000
826.636719 500.000000 0.000000
324.347809 500.000000 0.000000
478.718384 500.000000 0.000000
896.922974 500.000000 0.000000
645.635864 500.000000 0.000000
638.443604 500.000000 0.000000
770.771667 500.000000 0.000000
471.796143 500.000000 0.000000
779.578369 500.000000 0.000000
386.411041 500.000000 0.000000
761.754333 500.000000 0.000000
580.364502 500.000000 0.000000
810.495300 500.000000 0.000000
633.400208 500.000000 0.000000
475.407318 500.000000 0.000000
396.057343 500.000000 0.000000
470.948639 500.000000 0.000000
1081.819824 500.000000 0.000000
734.985779 500.000000 0.000000
1188.786865 500.000000 0.000000
623.364807 500.000000 0.000000
636.868591 500.000000 0.000000
536.958862 500.000000 0.000000
676.744873 500.000000 0.000000
467.093262 500.000000 0.000000
528.784241 500.000000 0.000000
620.915955 500.000000 0.000000
753.083313 500.000000 0.000000
378.143524 500.000000 0.000000
724.217834 500.000000 0.000000
470.667023 500.000000 0.000000
479.314423 500.000000 0.000000
640.914062 500.000000 0.000000
461.097260 500.000000 0.000000
791.308655 500.000000 0.000000
548.853394 500.000000 0.000000
465.095947 500.000000 0.000000
922.937317 500.000000 0.000000
622.106323 500.000000 0.000000
639.937134 500.000000 0.000000
496.304352 500.000000 0.000000
679.123291 500.000000 0.000000
630.618469 500.000000 0.000000
759.298950 500.000000 0.000000
815.003784 500.000000 0.000000
495.368591 500.000000 0.000000
513.774963 500.000000 0.000000
932.916260 500.000000 0.000000
949.749146 500.000000 0.000000
408.842682 500.000000 0.000000
563.725098 500.000000 0.000000
561.662781 500.000000 0.000000
581.291321 500.000000 0.000000
722.463928 500.000000 0.000000
999.003174 500.000000 0.000000
571.394165 500.000000 0.000000
393.796143 500.000000 0.000000
533.137878 500.000000 0.000000
737.646301 500.000000 0.000000
402.154938 500.000000 0.000000
411.341522 500.000000 0.000000
724.879333 500.000000 0.000000
451.845490 500.000000 0.000000
455.216278 500.000000 0.000000
481.003601 500.000000 0.000000
1181.316162 500.000000 0.000000
647.260498 500.000000 0.000000
596.590454 500.000000 0.000000
922.996033 500.000000 0.000000
590.913879 500.000000 0.000000
623.677612 500.000000 0.000000
558.476257 500.000000 0.000000
464.015900 500.000000 0.000000
461.450836 500.000000 0.000000
722.072754 500.000000 0.000000
676.195435 500.000000 0.000000
984.220764 500.000000 0.000000
753.620117 500.000000 0.000000
582.207153 500.000000 0.000000
1051.634521 500.000000 0.000000
368.276428 500.000000 0.000000
442.867432 500.000000 0.000000
339.982941 500.000000 0.000000
1293.611206 500.000000 0.000000
696.636780 500.000000 0.000000
450.115234 500.000000 0.000000
501.183899 500.000000 0.000000
407.562042 500.000000 0.000000
589.839050 500.000000 0.000000
892.638062 500.000000 0.000000
718.792236 500.000000 0.000000
422.918884 500.000000 0.000000
637.356140 500.000000 0.000000
376.136383 500.000000 0.000000
400.886902 500.000000 0.000000
541.241516 500.000000 0.000000
385.456696 500.000000 0.000000
397.300476 500.000000 0.000000
747.553955 500.000000 0.000000
437.611115 500.000000 0.000000
708.750610 500.000000 0.000000
1378.549072 500.000000 0.000000
419.994110 500.000000 0.000000
700.562805 500.000000 0.000000
892.607788 500.000000 0.000000
1363.589844 500.000000 0.000000
408.735504 500.000000 0.000000
662.855469 500.000000 0.000000
578.913818 500.000000 0.000000
431.695099 500.000000 0.000000
717.045898 500.000000 0.000000
1417.765747 500.000000 0.000000
628.090454 500.000000 0.000000
619.456543 500.000000 0.000000
556.378540 500.000000 0.000000
994.155701 500.000000 0.000000
390.962555 500.000000 0.000000
664.418823 500.000000 0.000000
446.178772 500.000000 0.000000
819.059082 500.000000 0.000000
595.570557 500.000000 0.000000
497.449585 500.000000 0.000000
492.897949 500.000000 0.000000
608.180481 500.000000 0.000000
549.602112 500.000000 0.000000
532.432251 500.000000 0.000000
553.219360 500.000000 0.000000
885.419739 500.000000 0.000000
618.906738 500.000000 0.000000
474.571930 500.000000 0.000000
575.741150 500.000000 0.000000
821.796631 500.000000 0.000000
505.585144 500.000000 0.000000
537.205444 500.000000 0.000000
428.698547 500.000000 0.000000
689.218262 500.000000 0.000000
603.671204 500.000000 0.000000
565.935669 500.000000 0.000000
425.475830 500.000000 0.000000
645.452881 500.000000 0.000000
417.748291 500.000000 0.000000
522.933838 500.000000 0.000000
492.053223 500.000000 0.000000
444.724304 500.000000 0.000000
842.665405 500.000000 0.000000
660.952393 500.000000 0.000000
948.729309 500.000000 0.000000
352.810577 500.000000 0.000000
341.430023 500.000000 0.000000
695.862732 500.000000 0.000000
423.928741 500.000000 0.000000
510.977783 500.000000 0.000000
512.519043 500.000000 0.000000
1560.175293 500.000000 0.000000
499.901886 500.000000 0.000000
507.372498 500.000000 0.000000
332.958801 500.000000 0.000000
516.322571 500.000000 0.000000
589.295776 500.000000 0.000000
520.791687 500.000000 0.000000
658.231201 500.000000 0.000000
830.496765 500.000000 0.000000
555.886169 500.000000 0.000000
603.856995 500.000000 0.000000
480.744354 500.000000 0.000000
930.242493 500.000000 0.000000
387.928711 500.000000 0.000000
782.421753 500.000000 0.000000
721.609070 500.000000 0.000000
965.843994 500.000000 0.000000
330.462769 500.000000 0.000000
531.924927 500.000000 0.000000
829.664307 500.000000 0.000000
602.032776 500.000000 0.000000
837.908447 500.000000 0.000000
1140.479248 500.000000 0.000000
531.233459 500.000000 0.000000
506.037109 500.000000 0.000000
487.124817 500.000000 0.000000
594.864868 500.000000 0.000000
308.560120 500.000000 0.000000
1147.296875 500.000000 0.000000
535.225952 500.000000 0.000000
340.560364 500.000000 0.000000
665.867126 500.000000 0.000000
883.343262 500.000000 0.000000
513.208313 500.000000 0.000000
713.131104 500.000000 0.000000
671.263184 500.000000 0.000000
924.936157 500.000000 0.000000
442.001953 500.000000 0.000000
455.401886 500.000000 0.000000
877.497070 500.000000 0.000000
875.452026 500.000000 0.000000
716.194031 500.000000 0.000000
450.709045 500.000000 0.000000
611.432434 500.000000 0.000000
656.334961 500.000000 0.000000
515.886169 500.000000 0.000000
519.982605 500.000000 0.000000
626.801208 500.000000 0.000000
854.380676 500.000000 0.000000
987.451233 500.000000 0.000000
661.018982 500.000000 0.000000
800.408508 500.000000 0.000000
392.975677 500.000000 0.000000
1079.958130 500.000000 0.000000
330.437653 500.000000 0.000000
482.349670 500.000000 0.000000
382.929260 500.000000 0.000000
856.516235 500.000000 0.000000
641.672302 500.000000 0.000000
407.470734 500.000000 0.000000
1101.109741 500.000000 0.000000
659.322327 500.000000 0.000000
737.817322 500.000000 0.000000
517.860718 500.000000 0.000000
395.980286 500.000000 0.000000
605.355530 500.000000 0.000000
306.344147 500.000000 0.000000
431.037567 500.000000 0.000000
497.468689 500.000000 0.000000
588.690430 500.000000 0.000000
475.190918 500.000000 0.000000
450.272064 500.000000 0.000000
494.680237 500.000000 0.000000
297.235901 500.000000 0.000000
444.872192 500.000000 0.000000
1065.963501 500.000000 0.000000
441.877106 500.000000 0.000000
643.479126 500.000000 0.000000
312.313629 500.000000 0.000000
602.509216 500.000000 0.000000
754.128296 500.000000 0.000000
358.824432 500.000000 0.000000
1811.996460 500.000000 0.000000
455.405334 500.000000 0.000000
435.438995 500.000000 0.000000
751.716125 500.000000 0.000000
913.718628 500.000000 0.000000
1622.368774 500.000000 0.000000
552.586304 500.000000 0.000000
616.255005 500.000000 0.000000
702.344116 500.000000 0.000000
648.834290 500.000000 0.000000
1314.486206 500.000000 0.000000
364.697632 500.000000 0.000000
556.809326 500.000000 0.000000
606.699646 500.000000 0.000000
466.994049 500.000000 0.000000
650.512573 500.000000 0.000000
459.738861 500.000000 0.000000
403.094818 500.000000 0.000000
482.527405 500.000000 0.000000
584.979248 500.000000 0.000000
644.836853 500.000000 0.000000
404.479492 500.000000 0.000000
415.851929 500.000000 0.000000
633.562988 500.000000 0.000000
468.033508 500.000000 0.000000
708.199890 500.000000 0.000000
424.515656 500.000000 0.000000
402.429535 500.000000 0.000000
356.104431 500.000000 0.000000
393.769043 500.000000 0.000000
744.116577 500.000000 0.000000
578.005127 500.000000 0.000000
795.479980 500.000000 0.000000
411.255219 500.000000 0.000000
344.174286 500.000000 0.000000
620.241211 500.000000 0.000000
467.292694 500.000000 0.000000
1503.682373 500.000000 0.000000
348.329895 500.000000 0.000000
535.925903 500.000000 0.000000
438.882080 500.000000 0.000000
497.915649 500.000000 0.000000
556.956787 500.000000 0.000000
469.235321 500.000000 0.000000
374.658234 500.000000 0.000000
448.113953 500.000000 0.000000
432.709320 500.000000 0.000000
532.709595 500.000000 0.000000
490.847656 500.000000 0.000000
434.679657 500.000000 0.000000
440.873718 500.000000 0.000000
946.570862 500.000000 0.000000
340.343109 500.000000 0.000000
1438.553223 500.000000 0.000000
742.860779 500.000000 0.000000
840.787964 500.000000 0.000000
542.098633 500.000000 0.000000
841.167419 500.000000 0.000000
531.454346 500.000000 0.000000
470.956543 500.000000 0.000000
777.992493 500.000000 0.000000
449.827484 500.000000 0.000000
510.117401 500.000000 0.000000
521.849548 500.000000 0.000000
536.591492 500.000000 0.000000
502.883087 500.000000 0.000000
482.846710 500.000000 0.000000
464.385559 500.000000 0.000000
867.503845 500.000000 0.000000
656.905640 500.000000 0.000000
501.876312 500.000000 0.000000
330.856628 500.000000 0.000000
580.139893 500.000000 0.000000
799.390320 500.000000 0.000000
461.892731 500.000000 0.000000
540.352173 500.000000 0.000000
471.569885 500.000000 0.000000
579.021118 500.000000 0.000000
634.307373 500.000000 0.000000
741.018188 500.000000 0.000000
958.573730 500.000000 0.000000
382.464081 500.000000 0.000000
651.380981 500.000000 0.000000
530.047302 500.000000 0.000000
666.780273 500.000000 0.000000
541.822815 500.000000 0.000000
398.977386 500.000000 0.000000
725.554504 500.000000 0.000000
786.029053 500.000000 0.000000
1128.427612 500.000000 0.000000
695.024414 500.000000 0.000000
583.448486 500.000000 0.000000
397.419830 500.000000 0.000000
840.394897 500.000000 0.000000
461.973358 500.000000 0.000000
504.017365 500.000000 0.000000
575.691589 500.000000 0.000000
926.667786 500.000000 0.000000
816.938599 500.000000 0.000000
642.869263 500.000000 0.000000
1117.284058 500.000000 0.000000
790.026611 500.000000 0.000000
859.535583 500.000000 0.000000
962.429932 500.000000 0.000000
463.786011 500.000000 0.000000
614.326294 500.000000 0.000000
762.540466 500.000000 0.000000
834.514648 500.000000 0.000000
616.829041 500.000000 0.000000
682.700317 500.000000 0.000000
522.841919 500.000000 0.000000
892.759827 500.000000 0.000000
799.713684 500.000000 0.000000
1467.151978 500.000000 0.000000
1323.275879 500.000000 0.000000
343.812469 500.000000 0.000000
467.591980 500.000000 0.000000
312.668030 500.000000 0.000000
407.003082 500.000000 0.000000
429.783966 500.000000 0.000000
532.465027 500.000000 0.000000
550.999512 500.000000 0.000000
359.759369 500.000000 0.000000
1220.596313 500.000000 0.000000
421.758453 500.000000 0.000000
353.332428 500.000000 0.000000
688.339966 500.000000 0.000000
391.003784 500.000000 0.000000
396.748962 500.000000 0.000000
699.571533 500.000000 0.000000
428.732544 500.000000 0.000000
2131.600586 500.000000 0.000000
1013.645935 500.000000 0.000000
519.484802 500.000000 0.000000
412.100311 500.000000 0.000000
1008.102417 500.000000 0.000000
553.562317 500.000000 0.000000
465.014709 500.000000 0.000000
838.345764 500.000000 0.000000
374.155823 500.000000 0.000000
742.913208 500.000000 0.000000
765.409790 500.000000 0.000000
450.887573 500.000000 0.000000
712.398254 500.000000 0.000000
690.966064 500.000000 0.000000
663.259705 500.000000 0.000000
516.067749 500.000000 0.000000
658.144226 500.000000 0.000000
479.640533 500.000000 0.000000
400.636047 500.000000 0.000000
484.553894 500.000000 0.000000
748.883057 500.000000 0.000000
731.899902 500.000000 0.000000
504.844147 500.000000 0.000000
1019.907410 500.000000 0.000000
426.402771 500.000000 0.000000
465.866577 500.000000 0.000000
342.339996 500.000000 0.000000
795.243225 500.000000 0.000000
400.690430 500.000000 0.000000
361.007904 500.000000 0.000000
583.296997 500.000000 0.000000
561.194031 500.000000 0.000000
621.122009 500.000000 0.000000
422.864197 500.000000 0.000000
684.065491 500.000000 0.000000
521.278198 500.000000 0.000000
558.409546 500.000000 0.000000
511.859650 500.000000 0.000000
337.636658 500.000000 0.000000
576.189392 500.000000 0.000000
1335.630005 500.000000 0.000000
469.696533 500.000000 0.000000
522.024170 500.000000 0.000000
678.477905 500.000000 0.000000
501.216064 500.000000 0.000000
482.218536 500.000000 0.000000
404.823669 500.000000 0.000000
440.712860 500.000000 0.000000
532.674194 500.000000 0.000000
2318.441162 500.000000 0.000000
614.900146 500.000000 0.000000
415.562286 500.000000 0.000000
502.876892 500.000000 0.000000
526.121216 500.000000 0.000000
444.194702 500.000000 0.000000
620.221680 500.000000 0.000000
359.220673 500.000000 0.000000
431.515747 500.000000 0.000000
490.315155 500.000000 0.000000
580.211060 500.000000 0.000000
619.286377 500.000000 0.000000
538.736938 500.000000 0.000000
420.898010 500.000000 0.000000
398.589569 500.000000 0.000000
451.372498 500.000000 0.000000
715.348206 500.000000 0.000000
631.678711 500.000000 0.000000
494.239746 500.000000 0.000000
563.573242 500.000000 0.000000
1137.493652 500.000000 0.000000
362.376282 500.000000 0.000000
625.687073 500.000000 0.000000
682.490784 500.000000 0.000000
344.685669 500.000000 0.000000
665.927795 500.000000 0.000000
480.002991 500.000000 0.000000
586.461060 500.000000 0.000000
491.640472 500.000000 0.000000
374.755188 500.000000 0.000000
518.641663 500.000000 0.000000
1364.391602 500.000000 0.000000
305.862488 500.000000 0.000000
696.465637 500.000000 0.000000
393.362335 500.000000 0.000000
1179.814575 500.000000 0.000000
754.143677 500.000000 0.000000
463.797333 500.000000 0.000000
666.706848 500.000000 0.000000
945.429871 500.000000 0.000000
426.154724 500.000000 0.000000
1184.053101 500.000000 0.000000
444.532928 500.000000 0.000000
450.887909 500.000000 0.000000
1364.972412 500.000000 0.000000
611.958130 500.000000 0.000000
462.753326 500.000000 0.000000
306.951996 500.000000 0.000000
691.546814 500.000000 0.000000
558.556030 500.000000 0.000000
389.732544 500.000000 0.000000
388.921631 500.000000 0.000000
443.620941 500.000000 0.000000
535.583557 500.000000 0.000000
536.982422 500.000000 0.000000
472.379913 500.000000 0.000000
473.063416 500.000000 0.000000
1151.146729 500.000000 0.000000
824.455933 500.000000 0.000000
669.218018 500.000000 0.000000
425.898865 500.000000 0.000000
573.894287 500.000000 0.000000
556.428345 500.000000 0.000000
443.071472 500.000000 0.000000
621.369446 500.000000 0.000000
925.570068 500.000000 0.000000
765.567749 500.000000 0.000000
410.272858 500.000000 0.000000
421.579803 500.000000 0.000000
617.544067 500.000000 0.000000
544.190674 500.000000 0.000000
569.198730 500.000000 0.000000
470.248749 500.000000 0.000000
432.546448 500.000000 0.000000
518.832520 500.000000 0.000000
808.969482 500.000000 0.000000
312.707886 500.000000 0.000000
345.066833 500.000000 0.000000
501.985138 500.000000 0.000000
498.309143 500.000000 0.000000
638.832458 500.000000 0.000000
602.455688 500.000000 0.000000
413.717957 500.000000 0.000000
1273.526611 500.000000 0.000000
376.260681 500.000000 0.000000
491.876678 500.000000 0.000000
524.454834 500.000000 0.000000
355.590576 500.000000 0.000000
715.854431 500.000000 0.000000
686.589233 500.000000 0.000000
545.529785 500.000000 0.000000
437.864655 500.000000 0.000000
618.686218 500.000000 0.000000
914.375061 500.000000 0.000000
461.384918 500.000000 0.000000
570.384155 500.000000 0.000000
558.329102 500.000000 0.000000
398.602875 500.000000 0.000000
746.414185 500.000000 0.000000
626.096680 500.000000 0.000000
470.455261 500.000000 0.000000
408.809753 500.000000 0.000000
522.725769 500.000000 0.000000
490.356384 500.000000 0.000000
1243.846924 500.000000 0.000000
455.569122 500.000000 0.000000
1730.565430 500.000000 0.000000
556.660400 500.000000 0.000000
567.142761 500.000000 0.000000
547.179199 500.000000 0.000000
336.440277 500.000000 0.000000
368.852661 500.000000 0.000000
781.387634 500.000000 0.000000
632.628906 500.000000 0.000000
959.204407 500.000000 0.000000
472.154877 500.000000 0.000000
784.967957 500.000000 0.000000
669.834412 500.000000 0.000000
1130.988159 500.000000 0.000000
424.862030 500.000000 0.000000
606.408020 500.000000 0.000000
378.536926 500.000000 0.000000
599.574951 500.000000 0.000000
592.352112 500.000000 0.000000
509.617493 500.000000 0.000000
572.569519 500.000000 0.000000
463.885437 500.000000 0.000000
456.520111 500.000000 0.000000
578.068970 500.000000 0.000000
1384.070801 500.000000 0.000000
527.697998 500.000000 0.000000
714.178528 500.000000 0.000000
326.450043 500.000000 0.000000
513.660706 500.000000 0.000000
974.678040 500.000000 0.000000
512.555664 500.000000 0.000000
393.617188 500.000000 0.000000
802.356018 500.000000 0.000000
414.059448 500.000000 0.000000
440.743591 500.000000 0.000000
730.033508 500.000000 0.000000
503.341553 500.000000 0.000000
375.592285 500.000000 0.000000
447.049866 500.000000 0.000000
514.021118 500.000000 0.000000
655.876892 500.000000 0.000000
899.311462 500.000000 0.000000
288.288025 500.000000 0.000000
1104.638916 500.000000 0.000000
682.167542 500.000000 0.000000
389.307861 500.000000 0.000000
512.203674 500.000000 0.000000
1251.732910 500.000000 0.000000
1156.826904 500.000000 0.000000
339.189331 500.000000 0.000000
561.202942 500.000000 0.000000
765.759277 500.000000 0.000000
478.645477 500.000000 0.000000
520.502136 500.000000 0.000000
500.079956 500.000000 0.000000
358.791168 500.000000 0.000000
882.099182 500.000000 0.000000
498.405396 500.000000 0.000000
483.562714 500.000000 0.000000
412.237091 500.000000 0.000000
438.946686 500.000000 0.000000
456.145844 500.000000 0.000000
543.102295 500.000000 0.000000
426.279602 500.000000 0.000000
702.724243 500.000000 0.000000
452.503113 500.000000 0.000000
719.715942 500.000000 0.000000
557.553284 500.000000 0.000000
872.820618 500.000000 0.000000
570.192200 500.000000 0.000000
667.427612 500.000000 0.000000
406.538422 500.000000 0.000000
404.323792 500.000000 0.000000
648.068359 500.000000 0.000000
568.720947 500.000000 0.000000
684.548706 500.000000 0.000000
442.892365 500.000000 0.000000
1045.306519 500.000000 0.000000
741.975098 500.000000 0.000000
421.231171 500.000000 0.000000
979.280579 500.000000 0.000000
1140.073608 500.000000 0.000000
446.928558 500.000000 0.000000
832.888245 500.000000 0.000000
839.372070 500.000000 0.000000
844.506104 500.000000 0.000000
462.741180 500.000000 0.000000
459.375824 500.000000 0.000000
560.675903 500.000000 0.000000
501.224152 500.000000 0.000000
518.903870 500.000000 0.000000
538.587830 500.000000 0.000000
523.051514 500.000000 0.000000
353.759552 500.000000 0.000000
385.070953 500.000000 0.000000
899.678528 500.000000 0.000000
1085.541626 500.000000 0.000000
1291.213745 500.000000 0.000000
350.004639 500.000000 0.000000
666.837952 500.000000 0.000000
513.909729 500.000000 0.000000
617.434753 500.000000 0.000000
463.051483 500.000000 0.000000
585.221008 500.000000 0.000000
463.514587 500.000000 0.000000
447.374054 500.000000 0.000000
276.237854 500.000000 0.000000
333.755463 500.000000 0.000000
486.485168 500.000000 0.000000
506.047485 500.000000 0.000000
389.464966 500.000000 0.000000
543.452515 500.000000 0.000000
611.520874 500.000000 0.000000
404.133972 500.000000 0.000000
767.890564 500.000000 0.000000
484.019348 500.000000 0.000000
703.579956 500.000000 0.000000
678.124878 500.000000 0.000000
446.013550 500.000000 0.000000
455.206207 500.000000 0.000000
472.284454 500.000000 0.000000
962.844360 500.000000 0.000000
1069.763794 500.000000 0.000000
567.446045 500.000000 0.000000
1009.193848 500.000000 0.000000
349.118500 500.000000 0.000000
522.625488 500.000000 0.000000
521.348022 500.000000 0.000000
489.097748 500.000000 0.000000
470.148438 500.000000 0.000000
792.171509 500.000000 0.000000
1312.393555 500.000000 0.000000
371.464630 500.000000 0.000000
1752.150024 500.000000 0.000000
287.281555 500.000000 0.000000
331.364471 500.000000 0.000000
347.124084 500.000000 0.000000
433.607483 500.000000 0.000000
629.803162 500.000000 0.000000
418.694916 500.000000 0.000000
403.052185 500.000000 0.000000
474.112610 500.000000 0.000000
433.289856 500.000000 0.000000
304.423615 500.000000 0.000000
970.195618 500.000000 0.000000
492.225098 500.000000 0.000000
909.237976 500.000000 0.000000
817.713745 500.000000 0.000000
569.703491 500.000000 0.000000
403.252563 500.000000 0.000000
1165.838013 500.000000 0.000000
578.253235 500.000000 0.000000
510.894592 500.000000 0.000000
463.457825 500.000000 0.000000
558.717957 500.000000 0.000000
876.437927 500.000000 0.000000
1354.699341 500.000000 0.000000
1245.229614 500.000000 0.000000
454.539642 500.000000 0.000000
539.874512 500.000000 0.000000
743.274597 500.000000 0.000000
374.443665 500.000000 0.000000
657.104980 500.000000 0.000000
326.653534 500.000000 0.000000
346.710907 500.000000 0.000000
503.119751 500.000000 0.000000
478.906738 500.000000 0.000000
368.337585 500.000000 0.000000
568.702332 500.000000 0.000000
550.521423 500.000000 0.000000
359.736389 500.000000 0.000000
377.048004 500.000000 0.000000
695.668701 500.000000 0.000000
611.372742 500.000000 0.000000
539.136841 500.000000 0.000000
640.016663 500.000000 0.000000
536.636658 500.000000 0.000000
541.145325 500.000000 0.000000
423.529236 500.000000 0.000000
964.053711 500.000000 0.000000
375.334106 500.000000 0.000000
375.850098 500.000000 0.000000
630.529724 500.000000 0.000000
931.890808 500.000000 0.000000
421.072388 500.000000 0.000000
469.983582 500.000000 0.000000
577.447815 500.000000 0.000000
343.449585 500.000000 0.000000
