1191.072754 800.000000 1.000000
771.393982 800.000000 1.000000
839.090637 800.000000 1.000000
785.898010 800.000000 1.000000
766.159729 800.000000 1.000000
1078.818970 800.000000 1.000000
1023.919922 800.000000 1.000000
1501.156494 800.000000 1.000000
619.248535 800.000000 1.000000
1103.892700 800.000000 1.000000
1752.848022 800.000000 1.000000
1110.534302 800.000000 1.000000
677.934937 800.000000 1.000000
814.705383 800.000000 1.000000
976.287720 800.000000 1.000000
1073.281738 800.000000 1.000000
949.337952 800.000000 1.000000
767.784546 800.000000 1.000000
1798.402832 800.000000 1.000000
1292.296997 800.000000 1.000000
887.076233 800.000000 1.000000
804.222839 800.000000 1.000000
908.505615 800.000000 1.000000
755.371033 800.000000 1.000000
754.806519 800.000000 1.000000
878.643921 800.000000 1.000000
1365.017822 800.000000 1.000000
738.959839 800.000000 1.000000
759.451904 800.000000 1.000000
864.140991 800.000000 1.000000
1120.095093 800.000000 1.000000
794.364319 800.000000 1.000000
1206.775024 800.000000 1.000000
1422.875732 800.000000 1.000000
1573.250854 800.000000 1.000000
708.670898 800.000000 1.000000
851.945068 800.000000 1.000000
857.127136 800.000000 1.000000
783.119324 800.000000 1.000000
875.885132 800.000000 1.000000
668.684937 800.000000 1.000000
761.628723 800.000000 1.000000
1036.888428 800.000000 1.000000
798.147339 800.000000 1.000000
823.123840 800.000000 1.000000
1190.583130 800.000000 1.000000
1007.208740 800.000000 1.000000
897.951050 800.000000 1.000000
913.209045 800.000000 1.000000
752.497925 800.000000 1.000000
885.090576 800.000000 1.000000
710.948120 800.000000 1.000000
847.779358 800.000000 1.000000
784.439148 800.000000 1.000000
674.362122 800.000000 1.000000
716.460022 800.000000 1.000000
815.317261 800.000000 1.000000
1439.166870 800.000000 1.000000
1789.024292 800.000000 1.000000
768.405884 800.000000 1.000000
616.491272 800.000000 1.000000
958.436096 800.000000 1.000000
634.952759 800.000000 1.000000
1548.828491 800.000000 1.000000
721.220886 800.000000 1.000000
721.979553 800.000000 1.000000
859.072571 800.000000 1.000000
694.376099 800.000000 1.000000
947.826538 800.000000 1.000000
1652.583618 800.000000 1.000000
776.334351 800.000000 1.000000
1597.192505 800.000000 1.000000
861.053467 800.000000 1.000000
871.110229 800.000000 1.000000
1114.328491 800.000000 1.000000
808.639343 800.000000 1.000000
721.612793 800.000000 1.000000
720.602783 800.000000 1.000000
1222.982422 800.000000 1.000000
823.509521 800.000000 1.000000
768.017944 800.000000 1.000000
1275.557373 800.000000 1.000000
1390.896240 800.000000 1.000000
874.055237 800.000000 1.000000
775.374512 800.000000 1.000000
1147.933228 800.000000 1.000000
804.609131 800.000000 1.000000
684.515320 800.000000 1.000000
678.672058 800.000000 1.000000
877.457458 800.000000 1.000000
988.134583 800.000000 1.000000
692.846313 800.000000 1.000000
1536.282227 800.000000 1.000000
876.161743 800.000000 1.000000
819.375793 800.000000 1.000000
728.575378 800.000000 1.000000
1050.062744 800.000000 1.000000
928.791748 800.000000 1.000000
919.936829 800.000000 1.000000
816.990784 800.000000 1.000000
677.980103 800.000000 1.000000
1244.673584 800.000000 1.000000
800.648376 800.000000 1.000000
826.432129 800.000000 1.000000
883.790527 800.000000 1.000000
1982.968628 800.000000 1.000000
772.715332 800.000000 1.000000
796.771118 800.000000 1.000000
943.652893 800.000000 1.000000
1784.732422 800.000000 1.000000
784.015381 800.000000 1.000000
4007.075439 800.000000 1.000000
1132.193970 800.000000 1.000000
1145.793823 800.000000 1.000000
764.037048 800.000000 1.000000
702.225464 800.000000 1.000000
664.954895 800.000000 1.000000
1093.124512 800.000000 1.000000
800.838501 800.000000 1.000000
937.258606 800.000000 1.000000
1116.892578 800.000000 1.000000
716.098328 800.000000 1.000000
826.068665 800.000000 1.000000
737.666138 800.000000 1.000000
1474.679321 800.000000 1.000000
926.662231 800.000000 1.000000
719.085510 800.000000 1.000000
849.048645 800.000000 1.000000
1144.987305 800.000000 1.000000
595.837158 800.000000 1.000000
787.853821 800.000000 1.000000
794.451050 800.000000 1.000000
1862.036011 800.000000 1.000000
1048.380615 800.000000 1.000000
1269.566284 800.000000 1.000000
875.540222 800.000000 1.000000
743.567505 800.000000 1.000000
680.591309 800.000000 1.000000
766.351074 800.000000 1.000000
679.369324 800.000000 1.000000
727.578613 800.000000 1.000000
896.190491 800.000000 1.000000
1167.482422 800.000000 1.000000
748.546387 800.000000 1.000000
991.913025 800.000000 1.000000
1552.244385 800.000000 1.000000
1174.386230 800.000000 1.000000
764.740784 800.000000 1.000000
1240.850586 800.000000 1.000000
1988.277100 800.000000 1.000000
1332.440552 800.000000 1.000000
1027.273560 800.000000 1.000000
856.638550 800.000000 1.000000
1690.330811 800.000000 1.000000
1654.443115 800.000000 1.000000
786.914368 800.000000 1.000000
877.511353 800.000000 1.000000
1025.247314 800.000000 1.000000
819.561829 800.000000 1.000000
695.147705 800.000000 1.000000
1099.093872 800.000000 1.000000
831.158386 800.000000 1.000000
1062.342529 800.000000 1.000000
705.805054 800.000000 1.000000
868.344543 800.000000 1.000000
739.466309 800.000000 1.000000
586.564575 800.000000 1.000000
1146.473755 800.000000 1.000000
774.974365 800.000000 1.000000
860.434326 800.000000 1.000000
628.606750 800.000000 1.000000
871.847839 800.000000 1.000000
899.355835 800.000000 1.000000
796.840210 800.000000 1.000000
1039.498779 800.000000 1.000000
945.738892 800.000000 1.000000
1094.796631 800.000000 1.000000
713.821594 800.000000 1.000000
697.538574 800.000000 1.000000
820.608154 800.000000 1.000000
867.077332 800.000000 1.000000
835.536865 800.000000 1.000000
967.965027 800.000000 1.000000
746.299500 800.000000 1.000000
1073.557983 800.000000 1.000000
746.317871 800.000000 1.000000
691.444702 800.000000 1.000000
2560.146484 800.000000 1.000000
950.442566 800.000000 1.000000
981.810730 800.000000 1.000000
697.361023 800.000000 1.000000
1260.754517 800.000000 1.000000
928.906128 800.000000 1.000000
765.063049 800.000000 1.000000
947.587830 800.000000 1.000000
1156.270142 800.000000 1.000000
612.029907 800.000000 1.000000
1242.097900 800.000000 1.000000
598.607056 800.000000 1.000000
756.716003 800.000000 1.000000
1084.290283 800.000000 1.000000
2478.481689 800.000000 1.000000
808.414368 800.000000 1.000000
880.976379 800.000000 1.000000
1405.611450 800.000000 1.000000
826.401917 800.000000 1.000000
2679.594971 800.000000 1.000000
1128.609375 800.000000 1.000000
1410.385376 800.000000 1.000000
746.901367 800.000000 1.000000
894.573059 800.000000 1.000000
751.423645 800.000000 1.000000
835.106079 800.000000 1.000000
653.540222 800.000000 1.000000
1029.303101 800.000000 1.000000
1368.236572 800.000000 1.000000
1220.658813 800.000000 1.000000
860.978638 800.000000 1.000000
724.169189 800.000000 1.000000
796.753601 800.000000 1.000000
971.915283 800.000000 1.000000
670.213501 800.000000 1.000000
2672.324219 800.000000 1.000000
934.730225 800.000000 1.000000
755.531372 800.000000 1.000000
911.159790 800.000000 1.000000
1421.577026 800.000000 1.000000
1364.222046 800.000000 1.000000
458.945465 800.000000 1.000000
1121.404419 800.000000 1.000000
970.875610 800.000000 1.000000
738.027710 800.000000 1.000000
717.045105 800.000000 1.000000
951.623596 800.000000 1.000000
1218.561523 800.000000 1.000000
840.343201 800.000000 1.000000
774.369568 800.000000 1.000000
958.034607 800.000000 1.000000
841.903442 800.000000 1.000000
718.328979 800.000000 1.000000
671.274353 800.000000 1.000000
790.664612 800.000000 1.000000
672.343933 800.000000 1.000000
993.131409 800.000000 1.000000
1041.620605 800.000000 1.000000
1161.626709 800.000000 1.000000
909.139771 800.000000 1.000000
905.148193 800.000000 1.000000
1881.557739 800.000000 1.000000
957.114014 800.000000 1.000000
914.307861 800.000000 1.000000
793.425476 800.000000 1.000000
913.477722 800.000000 1.000000
641.381592 800.000000 1.000000
2160.516846 800.000000 1.000000
1034.809448 800.000000 1.000000
682.999329 800.000000 1.000000
1665.963989 800.000000 1.000000
945.267700 800.000000 1.000000
891.381531 800.000000 1.000000
882.978210 800.000000 1.000000
927.244568 800.000000 1.000000
1364.955200 800.000000 1.000000
1224.635498 800.000000 1.000000
1442.365601 800.000000 1.000000
992.330627 800.000000 1.000000
733.521851 800.000000 1.000000
927.327454 800.000000 1.000000
851.871277 800.000000 1.000000
668.822998 800.000000 1.000000
886.809265 800.000000 1.000000
716.509460 800.000000 1.000000
751.678955 800.000000 1.000000
798.003418 800.000000 1.000000
849.266724 800.000000 1.000000
1042.942139 800.000000 1.000000
1496.312622 800.000000 1.000000
1313.872559 800.000000 1.000000
1115.774170 800.000000 1.000000
1293.635010 800.000000 1.000000
627.884338 800.000000 1.000000
912.715088 800.000000 1.000000
1154.060791 800.000000 1.000000
900.709778 800.000000 1.000000
815.886108 800.000000 1.000000
978.143066 800.000000 1.000000
923.301880 800.000000 1.000000
1037.273804 800.000000 1.000000
863.786133 800.000000 1.000000
1289.622559 800.000000 1.000000
779.423035 800.000000 1.000000
861.331299 800.000000 1.000000
1210.239624 800.000000 1.000000
792.078247 800.000000 1.000000
949.501282 800.000000 1.000000
1827.251953 800.000000 1.000000
1241.020996 800.000000 1.000000
798.281189 800.000000 1.000000
863.615662 800.000000 1.000000
746.533875 800.000000 1.000000
699.138000 800.000000 1.000000
795.670898 800.000000 1.000000
807.451721 800.000000 1.000000
702.359802 800.000000 1.000000
732.570312 800.000000 1.000000
1345.499268 800.000000 1.000000
962.614319 800.000000 1.000000
842.076172 800.000000 1.000000
757.624146 800.000000 1.000000
1271.424805 800.000000 1.000000
842.292053 800.000000 1.000000
1101.817627 800.000000 1.000000
1099.928345 800.000000 1.000000
1413.292725 800.000000 1.000000
1168.616333 800.000000 1.000000
837.118286 800.000000 1.000000
759.127991 800.000000 1.000000
737.780518 800.000000 1.000000
657.004883 800.000000 1.000000
971.178040 800.000000 1.000000
716.106079 800.000000 1.000000
1483.008545 800.000000 1.000000
1006.806824 800.000000 1.000000
551.105896 800.000000 1.000000
640.157166 800.000000 1.000000
721.712402 800.000000 1.000000
923.354614 800.000000 1.000000
846.060974 800.000000 1.000000
994.628418 800.000000 1.000000
936.613831 800.000000 1.000000
737.773132 800.000000 1.000000
1123.805908 800.000000 1.000000
706.365356 800.000000 1.000000
1217.869141 800.000000 1.000000
513.814941 800.000000 1.000000
2415.645752 800.000000 1.000000
621.120422 800.000000 1.000000
854.396973 800.000000 1.000000
892.888916 800.000000 1.000000
1286.494385 800.000000 1.000000
855.850403 800.000000 1.000000
854.883850 800.000000 1.000000
928.094910 800.000000 1.000000
700.135132 800.000000 1.000000
831.644897 800.000000 1.000000
921.747253 800.000000 1.000000
722.031555 800.000000 1.000000
1762.729370 800.000000 1.000000
895.775146 800.000000 1.000000
1664.781738 800.000000 1.000000
1099.348633 800.000000 1.000000
1531.995972 800.000000 1.000000
676.873291 800.000000 1.000000
988.993713 800.000000 1.000000
925.070679 800.000000 1.000000
1053.448608 800.000000 1.000000
937.574219 800.000000 1.000000
1050.614746 800.000000 1.000000
2224.120361 800.000000 1.000000
1339.914917 800.000000 1.000000
803.460876 800.000000 1.000000
765.192261 800.000000 1.000000
730.592651 800.000000 1.000000
1174.697998 800.000000 1.000000
928.663086 800.000000 1.000000
613.687073 800.000000 1.000000
1077.712158 800.000000 1.000000
908.367493 800.000000 1.000000
776.379578 800.000000 1.000000
746.030090 800.000000 1.000000
1206.409790 800.000000 1.000000
1086.737305 800.000000 1.000000
716.630005 800.000000 1.000000
976.920044 800.000000 1.000000
833.957214 800.000000 1.000000
1166.255737 800.000000 1.000000
1399.037598 800.000000 1.000000
722.647888 800.000000 1.000000
1077.619263 800.000000 1.000000
1124.680908 800.000000 1.000000
1255.495239 800.000000 1.000000
1129.519043 800.000000 1.000000
724.221130 800.000000 1.000000
759.259460 800.000000 1.000000
777.836304 800.000000 1.000000
694.438538 800.000000 1.000000
839.508606 800.000000 1.000000
805.228027 800.000000 1.000000
958.886597 800.000000 1.000000
961.497375 800.000000 1.000000
1399.158691 800.000000 1.000000
902.732422 800.000000 1.000000
1440.119751 800.000000 1.000000
548.760925 800.000000 1.000000
824.203430 800.000000 1.000000
565.363037 800.000000 1.000000
674.760071 800.000000 1.000000
821.952942 800.000000 1.000000
1370.272827 800.000000 1.000000
819.947083 800.000000 1.000000
805.991211 800.000000 1.000000
958.546448 800.000000 1.000000
839.678772 800.000000 1.000000
646.569153 800.000000 1.000000
1290.393555 800.000000 1.000000
829.689148 800.000000 1.000000
611.628845 800.000000 1.000000
1067.020508 800.000000 1.000000
1358.419067 800.000000 1.000000
800.540161 800.000000 1.000000
601.164001 800.000000 1.000000
1247.832397 800.000000 1.000000
1113.833130 800.000000 1.000000
2251.253418 800.000000 1.000000
728.218140 800.000000 1.000000
761.593201 800.000000 1.000000
811.526917 800.000000 1.000000
998.998230 800.000000 1.000000
849.399109 800.000000 1.000000
791.484497 800.000000 1.000000
546.963867 800.000000 1.000000
767.833252 800.000000 1.000000
734.494629 800.000000 1.000000
1132.729004 800.000000 1.000000
901.048279 800.000000 1.000000
783.803772 800.000000 1.000000
2594.511719 800.000000 1.000000
973.711731 800.000000 1.000000
752.488464 800.000000 1.000000
1291.576538 800.000000 1.000000
799.318359 800.000000 1.000000
690.328247 800.000000 1.000000
1221.308960 800.000000 1.000000
731.019470 800.000000 1.000000
890.913025 800.000000 1.000000
882.350769 800.000000 1.000000
1481.567139 800.000000 1.000000
931.491821 800.000000 1.000000
945.456482 800.000000 1.000000
781.927185 800.000000 1.000000
636.367798 800.000000 1.000000
1582.254395 800.000000 1.000000
803.075867 800.000000 1.000000
1048.499268 800.000000 1.000000
776.896973 800.000000 1.000000
981.233154 800.000000 1.000000
945.457275 800.000000 1.000000
851.972473 800.000000 1.000000
1206.940063 800.000000 1.000000
681.639526 800.000000 1.000000
1276.666504 800.000000 1.000000
875.439636 800.000000 1.000000
1344.423218 800.000000 1.000000
1156.163208 800.000000 1.000000
753.707092 800.000000 1.000000
1117.541382 800.000000 1.000000
709.166138 800.000000 1.000000
799.040649 800.000000 1.000000
1455.667480 800.000000 1.000000
718.484741 800.000000 1.000000
737.299316 800.000000 1.000000
738.104553 800.000000 1.000000
999.799500 800.000000 1.000000
702.901489 800.000000 1.000000
800.400269 800.000000 1.000000
1346.326782 800.000000 1.000000
1375.461426 800.000000 1.000000
736.342712 800.000000 1.000000
962.986389 800.000000 1.000000
759.423828 800.000000 1.000000
870.608459 800.000000 1.000000
948.389709 800.000000 1.000000
963.059692 800.000000 1.000000
831.016663 800.000000 1.000000
1254.148682 800.000000 1.000000
894.715637 800.000000 1.000000
507.201141 800.000000 1.000000
4468.271484 800.000000 1.000000
776.537659 800.000000 1.000000
918.402832 800.000000 1.000000
1236.961426 800.000000 1.000000
1225.817749 800.000000 1.000000
834.161072 800.000000 1.000000
725.114868 800.000000 1.000000
546.504639 800.000000 1.000000
809.474487 800.000000 1.000000
1520.799805 800.000000 1.000000
1311.490967 800.000000 1.000000
1105.523071 800.000000 1.000000
881.779663 800.000000 1.000000
917.887573 800.000000 1.000000
1696.582031 800.000000 1.000000
1406.067139 800.000000 1.000000
768.203979 800.000000 1.000000
923.889832 800.000000 1.000000
786.474670 800.000000 1.000000
1283.760986 800.000000 1.000000
782.083679 800.000000 1.000000
1170.731079 800.000000 1.000000
1172.759399 800.000000 1.000000
853.184387 800.000000 1.000000
793.141785 800.000000 1.000000
829.397156 800.000000 1.000000
824.021484 800.000000 1.000000
947.859985 800.000000 1.000000
1011.670471 800.000000 1.000000
801.567749 800.000000 1.000000
1915.657227 800.000000 1.000000
476.859741 800.000000 1.000000
625.438293 800.000000 1.000000
725.568787 800.000000 1.000000
751.276123 800.000000 1.000000
667.382874 800.000000 1.000000
770.268982 800.000000 1.000000
809.145142 800.000000 1.000000
1172.266846 800.000000 1.000000
917.505188 800.000000 1.000000
1435.432617 800.000000 1.000000
1392.440430 800.000000 1.000000
696.888794 800.000000 1.000000
813.942627 800.000000 1.000000
777.593567 800.000000 1.000000
1198.687134 800.000000 1.000000
927.333923 800.000000 1.000000
1284.171631 800.000000 1.000000
802.817810 800.000000 1.000000
925.938965 800.000000 1.000000
780.797668 800.000000 1.000000
762.279602 800.000000 1.000000
1702.355591 800.000000 1.000000
1360.972900 800.000000 1.000000
733.725952 800.000000 1.000000
883.191467 800.000000 1.000000
760.928101 800.000000 1.000000
891.210205 800.000000 1.000000
776.757629 800.000000 1.000000
1417.437500 800.000000 1.000000
1877.272339 800.000000 1.000000
1028.873413 800.000000 1.000000
845.020020 800.000000 1.000000
961.546692 800.000000 1.000000
571.116028 800.000000 1.000000
1450.964111 800.000000 1.000000
747.801697 800.000000 1.000000
811.999512 800.000000 1.000000
971.378723 800.000000 1.000000
676.813904 800.000000 1.000000
1003.363281 800.000000 1.000000
802.200989 800.000000 1.000000
1134.653076 800.000000 1.000000
892.073669 800.000000 1.000000
744.216309 800.000000 1.000000
869.264526 800.000000 1.000000
1122.906006 800.000000 1.000000
723.497986 800.000000 1.000000
572.467590 800.000000 1.000000
727.564819 800.000000 1.000000
862.258972 800.000000 1.000000
688.739441 800.000000 1.000000
1608.252197 800.000000 1.000000
779.190247 800.000000 1.000000
1283.434937 800.000000 1.000000
885.427368 800.000000 1.000000
739.764099 800.000000 1.000000
1174.309692 800.000000 1.000000
752.735474 800.000000 1.000000
1033.207275 800.000000 1.000000
757.620239 800.000000 1.000000
1390.923340 800.000000 1.000000
816.321838 800.000000 1.000000
944.831238 800.000000 1.000000
909.078735 800.000000 1.000000
1198.468384 800.000000 1.000000
2697.397949 800.000000 1.000000
860.900574 800.000000 1.000000
1035.539917 800.000000 1.000000
777.048035 800.000000 1.000000
812.250122 800.000000 1.000000
1065.521851 800.000000 1.000000
871.816223 800.000000 1.000000
1060.707520 800.000000 1.000000
1132.957031 800.000000 1.000000
785.866150 800.000000 1.000000
831.067932 800.000000 1.000000
829.491455 800.000000 1.000000
1265.333862 800.000000 1.000000
2006.946655 800.000000 1.000000
629.547607 800.000000 1.000000
902.113464 800.000000 1.000000
666.621948 800.000000 1.000000
770.692017 800.000000 1.000000
937.196350 800.000000 1.000000
830.600464 800.000000 1.000000
789.046631 800.000000 1.000000
1097.852783 800.000000 1.000000
1334.911133 800.000000 1.000000
666.422729 800.000000 1.000000
1207.460571 800.000000 1.000000
1069.630737 800.000000 1.000000
904.702454 800.000000 1.000000
537.227234 800.000000 1.000000
720.271362 800.000000 1.000000
698.938171 800.000000 1.000000
606.493469 800.000000 1.000000
568.607361 800.000000 1.000000
1024.825073 800.000000 1.000000
1451.315430 800.000000 1.000000
698.221130 800.000000 1.000000
740.961365 800.000000 1.000000
908.474304 800.000000 1.000000
691.493835 800.000000 1.000000
741.783386 800.000000 1.000000
679.746765 800.000000 1.000000
965.370667 800.000000 1.000000
596.387451 800.000000 1.000000
805.460693 800.000000 1.000000
800.816528 800.000000 1.000000
662.564941 800.000000 1.000000
1364.062744 800.000000 1.000000
624.892212 800.000000 1.000000
726.532898 800.000000 1.000000
866.130188 800.000000 1.000000
1258.238892 800.000000 1.000000
1864.410767 800.000000 1.000000
837.717896 800.000000 1.000000
818.002625 800.000000 1.000000
1044.292969 800.000000 1.000000
2117.314941 800.000000 1.000000
867.663818 800.000000 1.000000
1095.307251 800.000000 1.000000
1079.282837 800.000000 1.000000
804.751099 800.000000 1.000000
934.551086 800.000000 1.000000
930.864868 800.000000 1.000000
782.705383 800.000000 1.000000
652.193481 800.000000 1.000000
1286.915405 800.000000 1.000000
708.929810 800.000000 1.000000
982.786926 800.000000 1.000000
696.131958 800.000000 1.000000
924.902222 800.000000 1.000000
728.882812 800.000000 1.000000
959.425232 800.000000 1.000000
886.859497 800.000000 1.000000
1341.440308 800.000000 1.000000
842.911865 800.000000 1.000000
594.868652 800.000000 1.000000
779.407104 800.000000 1.000000
657.364014 800.000000 1.000000
1347.997803 800.000000 1.000000
733.476013 800.000000 1.000000
1229.228149 800.000000 1.000000
666.708069 800.000000 1.000000
866.895508 800.000000 1.000000
1126.757935 800.000000 1.000000
737.264526 800.000000 1.000000
1712.392822 800.000000 1.000000
1015.083740 800.000000 1.000000
863.773254 800.000000 1.000000
520.600708 800.000000 1.000000
863.108765 800.000000 1.000000
857.484924 800.000000 1.000000
755.406250 800.000000 1.000000
988.335571 800.000000 1.000000
1001.310608 800.000000 1.000000
804.471008 800.000000 1.000000
1801.755371 800.000000 1.000000
630.168579 800.000000 1.000000
890.828430 800.000000 1.000000
862.980347 800.000000 1.000000
681.166443 800.000000 1.000000
1104.405762 800.000000 1.000000
727.755188 800.000000 1.000000
1610.696777 800.000000 1.000000
751.374573 800.000000 1.000000
1203.740723 800.000000 1.000000
808.325134 800.000000 1.000000
789.140930 800.000000 1.000000
803.555542 800.000000 1.000000
757.799072 800.000000 1.000000
923.405518 800.000000 1.000000
652.393555 800.000000 1.000000
881.203064 800.000000 1.000000
618.727661 800.000000 1.000000
750.282654 800.000000 1.000000
847.530212 800.000000 1.000000
753.866394 800.000000 1.000000
1027.816650 800.000000 1.000000
947.410034 800.000000 1.000000
818.318176 800.000000 1.000000
760.282104 800.000000 1.000000
721.922791 800.000000 1.000000
675.404846 800.000000 1.000000
881.478943 800.000000 1.000000
1657.698730 800.000000 1.000000
1065.813599 800.000000 1.000000
851.107422 800.000000 1.000000
1022.553040 800.000000 1.000000
1090.492676 800.000000 1.000000
1042.771484 800.000000 1.000000
672.597717 800.000000 1.000000
765.155029 800.000000 1.000000
878.787659 800.000000 1.000000
2341.227295 800.000000 1.000000
686.385010 800.000000 1.000000
1745.129883 800.000000 1.000000
723.163086 800.000000 1.000000
1141.889771 800.000000 1.000000
914.497925 800.000000 1.000000
963.632080 800.000000 1.000000
622.342896 800.000000 1.000000
993.472107 800.000000 1.000000
1099.620728 800.000000 1.000000
837.030945 800.000000 1.000000
768.518921 800.000000 1.000000
1313.009399 800.000000 1.000000
854.131348 800.000000 1.000000
877.468384 800.000000 1.000000
1267.077759 800.000000 1.000000
815.324524 800.000000 1.000000
1198.257324 800.000000 1.000000
769.759705 800.000000 1.000000
983.451965 800.000000 1.000000
785.412231 800.000000 1.000000
764.660706 800.000000 1.000000
844.850342 800.000000 1.000000
1221.798706 800.000000 1.000000
1019.594543 800.000000 1.000000
843.619690 800.000000 1.000000
858.094421 800.000000 1.000000
915.162170 800.000000 1.000000
742.651062 800.000000 1.000000
837.005310 800.000000 1.000000
879.626343 800.000000 1.000000
2213.175049 800.000000 1.000000
835.286011 800.000000 1.000000
783.796265 800.000000 1.000000
763.245422 800.000000 1.000000
2800.953125 800.000000 1.000000
649.420471 800.000000 1.000000
808.652893 800.000000 1.000000
472.990723 800.000000 1.000000
883.658386 800.000000 1.000000
1244.701294 800.000000 1.000000
1123.968018 800.000000 1.000000
1187.412476 800.000000 1.000000
1791.471558 800.000000 1.000000
1222.807861 800.000000 1.000000
669.541443 800.000000 1.000000
828.885498 800.000000 1.000000
1460.786865 800.000000 1.000000
660.709229 800.000000 1.000000
676.132141 800.000000 1.000000
1027.796753 800.000000 1.000000
1928.695312 800.000000 1.000000
842.451599 800.000000 1.000000
1552.795166 800.000000 1.000000
1270.821655 800.000000 1.000000
903.787537 800.000000 1.000000
858.076538 800.000000 1.000000
1057.149292 800.000000 1.000000
850.017578 800.000000 1.000000
712.303162 800.000000 1.000000
1055.766357 800.000000 1.000000
867.764404 800.000000 1.000000
1104.651611 800.000000 1.000000
648.887024 800.000000 1.000000
1065.858521 800.000000 1.000000
974.522522 800.000000 1.000000
1164.637939 800.000000 1.000000
842.018250 800.000000 1.000000
1009.111145 800.000000 1.000000
635.410583 800.000000 1.000000
2214.290771 800.000000 1.000000
700.777832 800.000000 1.000000
861.137268 800.000000 1.000000
1127.254517 800.000000 1.000000
792.907593 800.000000 1.000000
983.993286 800.000000 1.000000
1274.574463 800.000000 1.000000
724.467041 800.000000 1.000000
1407.953247 800.000000 1.000000
757.517822 800.000000 1.000000
751.709106 800.000000 1.000000
779.666809 800.000000 1.000000
754.538940 800.000000 1.000000
787.350708 800.000000 1.000000
856.721802 800.000000 1.000000
1024.797974 800.000000 1.000000
909.417175 800.000000 1.000000
861.789246 800.000000 1.000000
1097.442383 800.000000 1.000000
721.482849 800.000000 1.000000
953.003113 800.000000 1.000000
597.359863 800.000000 1.000000
973.541992 800.000000 1.000000
851.092834 800.000000 1.000000
1001.243591 800.000000 1.000000
855.142334 800.000000 1.000000
1340.279053 800.000000 1.000000
708.443848 800.000000 1.000000
759.365540 800.000000 1.000000
1150.470093 800.000000 1.000000
822.073425 800.000000 1.000000
848.179382 800.000000 1.000000
737.756836 800.000000 1.000000
804.352051 800.000000 1.000000
879.869141 800.000000 1.000000
873.048035 800.000000 1.000000
1094.322510 800.000000 1.000000
835.050049 800.000000 1.000000
1209.167114 800.000000 1.000000
910.086853 800.000000 1.000000
754.726746 800.000000 1.000000
741.345215 800.000000 1.000000
676.260376 800.000000 1.000000
1286.325562 800.000000 1.000000
846.200562 800.000000 1.000000
919.282043 800.000000 1.000000
867.902649 800.000000 1.000000
765.058105 800.000000 1.000000
902.837524 800.000000 1.000000
984.374939 800.000000 1.000000
940.501709 800.000000 1.000000
916.160461 800.000000 1.000000
748.884033 800.000000 1.000000
767.252930 800.000000 1.000000
1103.013672 800.000000 1.000000
762.861084 800.000000 1.000000
775.588318 800.000000 1.000000
824.257996 800.000000 1.000000
751.913879 800.000000 1.000000
807.793030 800.000000 1.000000
688.311707 800.000000 1.000000
1099.507568 800.000000 1.000000
1380.531128 800.000000 1.000000
722.769836 800.000000 1.000000
676.059509 800.000000 1.000000
701.930298 800.000000 1.000000
631.093262 800.000000 1.000000
735.161743 800.000000 1.000000
1847.529297 800.000000 1.000000
695.520447 800.000000 1.000000
818.098145 800.000000 1.000000
748.601624 800.000000 1.000000
789.382202 800.000000 1.000000
757.143066 800.000000 1.000000
785.370056 800.000000 1.000000
1044.898560 800.000000 1.000000
636.454285 800.000000 1.000000
750.725403 800.000000 1.000000
804.231567 800.000000 1.000000
850.590088 800.000000 1.000000
738.655334 800.000000 1.000000
771.729919 800.000000 1.000000
1226.491455 800.000000 1.000000
857.118713 800.000000 1.000000
1612.679077 800.000000 1.000000
920.810852 800.000000 1.000000
769.326172 800.000000 1.000000
1020.385193 800.000000 1.000000
2460.750000 800.000000 1.000000
2590.222900 800.000000 1.000000
727.711121 800.000000 1.000000
944.820129 800.000000 1.000000
777.423218 800.000000 1.000000
995.865234 800.000000 1.000000
579.442871 800.000000 1.000000
1581.052002 800.000000 1.000000
625.658020 800.000000 1.000000
2104.928467 800.000000 1.000000
1626.953613 800.000000 1.000000
817.515198 800.000000 1.000000
748.063965 800.000000 1.000000
1028.168945 800.000000 1.000000
836.270203 800.000000 1.000000
1056.857056 800.000000 1.000000
1243.931763 800.000000 1.000000
857.540588 800.000000 1.000000
962.742432 800.000000 1.000000
773.025879 800.000000 1.000000
756.942200 800.000000 1.000000
754.425110 800.000000 1.000000
951.726807 800.000000 1.000000
760.129272 800.000000 1.000000
965.086365 800.000000 1.000000
718.290771 800.000000 1.000000
774.848083 800.000000 1.000000
1457.549072 800.000000 1.000000
1029.601440 800.000000 1.000000
795.053955 800.000000 1.000000
845.649536 800.000000 1.000000
883.246582 800.000000 1.000000
769.595947 800.000000 1.000000
686.624023 800.000000 1.000000
1464.744385 800.000000 1.000000
871.993713 800.000000 1.000000
721.112976 800.000000 1.000000
788.513123 800.000000 1.000000
1693.361816 800.000000 1.000000
809.444458 800.000000 1.000000
952.064209 800.000000 1.000000
2008.206055 800.000000 1.000000
992.276428 800.000000 1.000000
835.594055 800.000000 1.000000
947.883484 800.000000 1.000000
807.131165 800.000000 1.000000
851.761475 800.000000 1.000000
796.183289 800.000000 1.000000
757.900513 800.000000 1.000000
859.513672 800.000000 1.000000
776.419189 800.000000 1.000000
674.286865 800.000000 1.000000
1018.902100 800.000000 1.000000
854.778015 800.000000 1.000000
777.676880 800.000000 1.000000
1062.822876 800.000000 1.000000
1029.061646 800.000000 1.000000
2396.519043 800.000000 1.000000
702.740112 800.000000 1.000000
872.865295 800.000000 1.000000
662.687134 800.000000 1.000000
634.513611 800.000000 1.000000
1222.558594 800.000000 1.000000
1856.271240 800.000000 1.000000
719.953430 800.000000 1.000000
633.462952 800.000000 1.000000
990.937500 800.000000 1.000000
1001.697144 800.000000 1.000000
686.317932 800.000000 1.000000
1008.104126 800.000000 1.000000
928.598389 800.000000 1.000000
765.445068 800.000000 1.000000
554.291687 800.000000 1.000000
2558.444580 800.000000 1.000000
1023.151794 800.000000 1.000000
821.972717 800.000000 1.000000
772.512512 800.000000 1.000000
888.708496 800.000000 1.000000
769.712891 800.000000 1.000000
1059.869629 800.000000 1.000000
997.017761 800.000000 1.000000
1311.381714 800.000000 1.000000
792.461914 800.000000 1.000000
823.373291 800.000000 1.000000
976.186829 800.000000 1.000000
944.042480 800.000000 1.000000
752.297180 800.000000 1.000000
1737.279297 800.000000 1.000000
728.321167 800.000000 1.000000
930.421204 800.000000 1.000000
663.177307 800.000000 1.000000
964.321899 800.000000 1.000000
875.704834 800.000000 1.000000
709.890137 800.000000 1.000000
828.429138 800.000000 1.000000
649.878174 800.000000 1.000000
1674.262085 800.000000 1.000000
828.899658 800.000000 1.000000
1007.688049 800.000000 1.000000
1014.540527 800.000000 1.000000
813.695496 800.000000 1.000000
646.205017 800.000000 1.000000
723.541565 800.000000 1.000000
800.903687 800.000000 1.000000
763.770081 800.000000 1.000000
639.679626 800.000000 1.000000
1355.300293 800.000000 1.000000
1017.593140 800.000000 1.000000
1285.232544 800.000000 1.000000
898.989990 800.000000 1.000000
1043.713867 800.000000 1.000000
1245.963257 800.000000 1.000000
827.891846 800.000000 1.000000
635.956360 800.000000 1.000000
680.180664 800.000000 1.000000
1163.807617 800.000000 1.000000
943.598022 800.000000 1.000000
432.044586 800.000000 1.000000
1138.076904 800.000000 1.000000
1411.890503 800.000000 1.000000
919.523254 800.000000 1.000000
1425.640625 800.000000 1.000000
686.679321 800.000000 1.000000
650.652649 800.000000 1.000000
717.947266 800.000000 1.000000
551.178528 800.000000 1.000000
746.064636 800.000000 1.000000
804.722168 800.000000 1.000000
1367.917114 800.000000 1.000000
620.131165 800.000000 1.000000
763.867126 800.000000 1.000000
751.457031 800.000000 1.000000
837.248474 800.000000 1.000000
1134.208984 800.000000 1.000000
764.907104 800.000000 1.000000
1039.655273 800.000000 1.000000
1218.351196 800.000000 1.000000
882.689758 800.000000 1.000000
1005.666260 800.000000 1.000000
841.746460 800.000000 1.000000
1320.486084 800.000000 1.000000
801.235962 800.000000 1.000000
714.790771 800.000000 1.000000
793.346436 800.000000 1.000000
1388.610718 800.000000 1.000000
784.681030 800.000000 1.000000
1053.107544 800.000000 1.000000
1084.671631 800.000000 1.000000
725.435181 800.000000 1.000000
1291.149414 800.000000 1.000000
852.521118 800.000000 1.000000
1025.453247 800.000000 1.000000
975.166382 800.000000 1.000000
1295.285889 800.000000 1.000000
812.504089 800.000000 1.000000
899.901306 800.000000 1.000000
736.868408 800.000000 1.000000
1324.117065 800.000000 1.000000
1018.578735 800.000000 1.000000
750.723389 800.000000 1.000000
872.824768 800.000000 1.000000
792.667175 800.000000 1.000000
1210.440796 800.000000 1.000000
1005.615967 800.000000 1.000000
938.390503 800.000000 1.000000
850.364258 800.000000 1.000000
2332.271484 800.000000 1.000000
1053.521118 800.000000 1.000000
817.147034 800.000000 1.000000
871.382751 800.000000 1.000000
1242.497559 800.000000 1.000000
688.746216 800.000000 1.000000
798.390076 800.000000 1.000000
740.758179 800.000000 1.000000
874.247559 800.000000 1.000000
736.463379 800.000000 1.000000
784.200134 800.000000 1.000000
863.234009 800.000000 1.000000
813.294189 800.000000 1.000000
1059.464111 800.000000 1.000000
2331.038086 800.000000 1.000000
1450.273560 800.000000 1.000000
742.867920 800.000000 1.000000
1034.741699 800.000000 1.000000
842.207825 800.000000 1.000000
918.888977 800.000000 1.000000
1322.963623 800.000000 1.000000
1012.377441 800.000000 1.000000
967.843628 800.000000 1.000000
693.984070 800.000000 1.000000
773.452942 800.000000 1.000000
796.699646 800.000000 1.000000
1388.029663 800.000000 1.000000
813.582581 800.000000 1.000000
721.411560 800.000000 1.000000
1060.762573 800.000000 1.000000
977.281433 800.000000 1.000000
788.534302 800.000000 1.000000
1501.634521 800.000000 1.000000
482.308746 800.000000 1.000000
1710.619141 800.000000 1.000000
846.736511 800.000000 1.000000
780.399719 800.000000 1.000000
1647.140747 800.000000 1.000000
1461.255493 800.000000 1.000000
2087.616211 800.000000 1.000000
856.354309 800.000000 1.000000
742.703735 800.000000 1.000000
900.980347 800.000000 1.000000
540.360718 800.000000 1.000000
706.816406 800.000000 1.000000
1351.337769 800.000000 1.000000
919.880188 800.000000 1.000000
727.942871 800.000000 1.000000
681.273621 800.000000 1.000000
801.930725 800.000000 1.000000
754.119385 800.000000 1.000000
2380.436035 800.000000 1.000000
793.977478 800.000000 1.000000
845.370972 800.000000 1.000000
787.593872 800.000000 1.000000
919.897888 800.000000 1.000000
680.248169 800.000000 1.000000
957.524475 800.000000 1.000000
896.016968 800.000000 1.000000
909.301331 800.000000 1.000000
930.802246 800.000000 1.000000
820.758728 800.000000 1.000000
756.685059 800.000000 1.000000
933.929321 800.000000 1.000000
928.563904 800.000000 1.000000
814.475708 800.000000 1.000000
752.672241 800.000000 1.000000
1346.107300 800.000000 1.000000
1208.668213 800.000000 1.000000
886.323975 800.000000 1.000000
1278.351074 800.000000 1.000000
1048.359375 800.000000 1.000000
705.833862 800.000000 1.000000
619.208313 800.000000 1.000000
2215.172607 800.000000 1.000000
872.994934 800.000000 1.000000
1278.700806 800.000000 1.000000
1269.130127 800.000000 1.000000
809.846985 800.000000 1.000000
635.478210 800.000000 1.000000
896.619141 800.000000 1.000000
1076.901123 800.000000 1.000000
862.901917 800.000000 1.000000
1350.333618 800.000000 1.000000
865.886353 800.000000 1.000000
1196.731934 800.000000 1.000000
822.743774 800.000000 1.000000
798.510437 800.000000 1.000000
1535.305176 800.000000 1.000000
856.333557 800.000000 1.000000
1428.987427 800.000000 1.000000
674.559082 800.000000 1.000000
2947.353027 800.000000 1.000000
1187.239258 800.000000 1.000000
752.310181 800.000000 1.000000
990.033630 800.000000 1.000000
1115.574219 800.000000 1.000000
1149.284912 800.000000 1.000000
905.148621 800.000000 1.000000
826.826538 800.000000 1.000000
786.507080 800.000000 1.000000
836.850342 800.000000 1.000000
719.085266 800.000000 1.000000
694.705994 800.000000 1.000000
777.164490 800.000000 1.000000
915.495117 800.000000 1.000000
820.109558 800.000000 1.000000
772.297363 800.000000 1.000000
1057.815186 800.000000 1.000000
1246.653809 800.000000 1.000000
878.141418 800.000000 1.000000
814.407349 800.000000 1.000000
712.500244 800.000000 1.000000
905.889954 800.000000 1.000000
676.107605 800.000000 1.000000
1234.736694 800.000000 1.000000
1904.211426 800.000000 1.000000
1383.361450 800.000000 1.000000
1007.824707 800.000000 1.000000
1269.445801 800.000000 1.000000
851.023804 800.000000 1.000000
839.081909 800.000000 1.000000
1245.190063 800.000000 1.000000
776.958435 800.000000 1.000000
659.922913 800.000000 1.000000
691.729309 800.000000 1.000000
674.486084 800.000000 1.000000
757.030884 800.000000 1.000000
586.149170 800.000000 1.000000
939.029907 800.000000 1.000000
985.396912 800.000000 1.000000
848.213867 800.000000 1.000000
789.153442 800.000000 1.000000
753.375366 800.000000 1.000000
918.694336 800.000000 1.000000
689.098938 800.000000 1.000000
725.312256 800.000000 1.000000
682.969788 800.000000 1.000000
908.114868 800.000000 1.000000
739.497131 800.000000 1.000000
775.407104 800.000000 1.000000
770.680664 800.000000 1.000000
5457.340332 800.000000 1.000000
2810.406494 800.000000 1.000000
956.068359 800.000000 1.000000
787.856262 800.000000 1.000000
1859.803345 800.000000 1.000000
504.504822 800.000000 1.000000
917.904785 800.000000 1.000000
759.683716 800.000000 1.000000
519.914673 800.000000 1.000000
850.744568 800.000000 1.000000
976.444763 800.000000 1.000000
1060.250977 800.000000 1.000000
871.404480 800.000000 1.000000
1452.266479 800.000000 1.000000
1479.819580 800.000000 1.000000
890.224426 800.000000 1.000000
709.606506 800.000000 1.000000
731.381836 800.000000 1.000000
847.101318 800.000000 1.000000
719.662170 800.000000 1.000000
1352.561890 800.000000 1.000000
759.824341 800.000000 1.000000
771.876221 800.000000 1.000000
776.328003 800.000000 1.000000
1732.528198 800.000000 1.000000
760.765869 800.000000 1.000000
898.162415 800.000000 1.000000
677.861816 800.000000 1.000000
925.959167 800.000000 1.000000
768.538025 800.000000 1.000000
1070.435669 800.000000 1.000000
842.123840 800.000000 1.000000
763.991333 800.000000 1.000000
1747.994751 800.000000 1.000000
1262.398071 800.000000 1.000000
1426.473755 800.000000 1.000000
1097.188843 800.000000 1.000000
749.960938 800.000000 1.000000
755.986206 800.000000 1.000000
704.388428 800.000000 1.000000
785.318481 800.000000 1.000000
774.924133 800.000000 1.000000
720.888489 800.000000 1.000000
2019.188477 800.000000 1.000000
778.464661 800.000000 1.000000
972.872681 800.000000 1.000000
764.340698 800.000000 1.000000
757.245300 800.000000 1.000000
1073.024658 800.000000 1.000000
604.201172 800.000000 1.000000
1623.335938 800.000000 1.000000
1269.171509 800.000000 1.000000
1452.223389 800.000000 1.000000
1078.404541 800.000000 1.000000
886.786194 800.000000 1.000000
822.300781 800.000000 1.000000
691.403015 800.000000 1.000000
882.991455 800.000000 1.000000
687.407166 800.000000 1.000000
823.554626 800.000000 1.000000
697.653625 800.000000 1.000000
1573.130249 800.000000 1.000000
2242.738037 800.000000 1.000000
1096.157837 800.000000 1.000000
1781.678223 800.000000 1.000000
654.605896 800.000000 1.000000
1003.870972 800.000000 1.000000
1584.058594 800.000000 1.000000
963.583435 800.000000 1.000000
865.768799 800.000000 1.000000
674.314941 800.000000 1.000000
1002.395325 800.000000 1.000000
982.362915 800.000000 1.000000
806.306458 800.000000 1.000000
1101.220215 800.000000 1.000000
1152.424561 800.000000 1.000000
675.820862 800.000000 1.000000
926.720520 800.000000 1.000000
773.053894 800.000000 1.000000
1055.402954 800.000000 1.000000
1145.250244 800.000000 1.000000
772.848999 800.000000 1.000000
738.298645 800.000000 1.000000
762.190857 800.000000 1.000000
790.468750 800.000000 1.000000
937.627686 800.000000 1.000000
810.157654 800.000000 1.000000
853.888611 800.000000 1.000000
743.260803 800.000000 1.000000
731.261780 800.000000 1.000000
574.121277 800.000000 1.000000
753.446899 800.000000 1.000000
553.900940 800.000000 1.000000
1017.691223 800.000000 1.000000
2210.933350 800.000000 1.000000
721.187927 800.000000 1.000000
834.656433 800.000000 1.000000
635.726135 800.000000 1.000000
904.825317 800.000000 1.000000
845.843933 800.000000 1.000000
705.360535 800.000000 1.000000
1962.663940 800.000000 1.000000
758.102112 800.000000 1.000000
771.224365 800.000000 1.000000
744.695984 800.000000 1.000000
1024.787109 800.000000 1.000000
675.319031 800.000000 1.000000
1185.319214 800.000000 1.000000
559.080566 800.000000 1.000000
915.072083 800.000000 1.000000
660.829346 800.000000 1.000000
1153.531128 800.000000 1.000000
1039.739746 800.000000 1.000000
593.807190 800.000000 1.000000
1021.098145 800.000000 1.000000
644.182922 800.000000 1.000000
658.757141 800.000000 1.000000
951.981812 800.000000 1.000000
1927.211182 800.000000 1.000000
1048.805298 800.000000 1.000000
740.538696 800.000000 1.000000
1514.525391 800.000000 1.000000
674.588928 800.000000 1.000000
1184.349731 800.000000 1.000000
655.473206 800.000000 1.000000
949.387756 800.000000 1.000000
1239.192749 800.000000 1.000000
895.934204 800.000000 1.000000
558.714844 800.000000 1.000000
1010.057983 800.000000 1.000000
1093.188354 800.000000 1.000000
859.897827 800.000000 1.000000
737.063049 800.000000 1.000000
784.152954 800.000000 1.000000
1271.233765 800.000000 1.000000
1372.226074 800.000000 1.000000
1106.744873 800.000000 1.000000
963.858887 800.000000 1.000000
727.351868 800.000000 1.000000
931.211853 800.000000 1.000000
1003.766907 800.000000 1.000000
803.442993 800.000000 1.000000
1405.951538 800.000000 1.000000
729.100464 800.000000 1.000000
785.369263 800.000000 1.000000
757.564575 800.000000 1.000000
616.541626 800.000000 1.000000
1054.073730 800.000000 1.000000
909.033386 800.000000 1.000000
579.529541 800.000000 1.000000
651.395874 800.000000 1.000000
599.680847 800.000000 1.000000
1649.098022 800.000000 1.000000
1832.332886 800.000000 1.000000
754.392212 800.000000 1.000000
805.893188 800.000000 1.000000
756.459167 800.000000 1.000000
642.506714 800.000000 1.000000
856.070801 800.000000 1.000000
1688.528076 800.000000 1.000000
829.595764 800.000000 1.000000
772.512634 800.000000 1.000000
1936.378540 800.000000 1.000000
1169.078125 800.000000 1.000000
774.081421 800.000000 1.000000
789.975403 800.000000 1.000000
721.757751 800.000000 1.000000
2830.560791 800.000000 1.000000
639.372009 800.000000 1.000000
903.481262 800.000000 1.000000
866.038147 800.000000 1.000000
739.922974 800.000000 1.000000
786.434143 800.000000 1.000000
1368.307251 800.000000 1.000000
912.671448 800.000000 1.000000
994.250183 800.000000 1.000000
900.822021 800.000000 1.000000
3305.206299 800.000000 1.000000
631.119812 800.000000 1.000000
896.347290 800.000000 1.000000
913.056580 800.000000 1.000000
765.505920 800.000000 1.000000
715.157471 800.000000 1.000000
937.511536 800.000000 1.000000
702.099609 800.000000 1.000000
833.466431 800.000000 1.000000
761.796204 800.000000 1.000000
816.004456 800.000000 1.000000
842.820068 800.000000 1.000000
1064.011475 800.000000 1.000000
930.976440 800.000000 1.000000
1014.396667 800.000000 1.000000
1764.624023 800.000000 1.000000
982.069092 800.000000 1.000000
1670.843994 800.000000 1.000000
1327.053589 800.000000 1.000000
547.307068 800.000000 1.000000
1102.552368 800.000000 1.000000
738.486633 800.000000 1.000000
873.529419 800.000000 1.000000
1735.030640 800.000000 1.000000
1100.356323 800.000000 1.000000
943.210449 800.000000 1.000000
1127.833496 800.000000 1.000000
820.888672 800.000000 1.000000
788.758606 800.000000 1.000000
720.561096 800.000000 1.000000
779.327393 800.000000 1.000000
909.214600 800.000000 1.000000
839.939697 800.000000 1.000000
1101.427490 800.000000 1.000000
1120.272095 800.000000 1.000000
1157.252319 800.000000 1.000000
760.996826 800.000000 1.000000
1133.072754 800.000000 1.000000
1284.424805 800.000000 1.000000
1274.376221 800.000000 1.000000
1306.169312 800.000000 1.000000
1148.697876 800.000000 1.000000
1076.142578 800.000000 1.000000
996.210999 800.000000 1.000000
2599.505615 800.000000 1.000000
907.371704 800.000000 1.000000
731.669128 800.000000 1.000000
755.662354 800.000000 1.000000
940.836182 800.000000 1.000000
1008.929321 800.000000 1.000000
990.372925 800.000000 1.000000
1075.268433 800.000000 1.000000
841.870056 800.000000 1.000000
1001.681152 800.000000 1.000000
639.903198 800.000000 1.000000
1338.701782 800.000000 1.000000
823.637817 800.000000 1.000000
974.767761 800.000000 1.000000
699.399292 800.000000 1.000000
1474.174194 800.000000 1.000000
982.777527 800.000000 1.000000
804.015198 800.000000 1.000000
1120.612183 800.000000 1.000000
1051.079590 800.000000 1.000000
634.734802 800.000000 1.000000
1439.723999 800.000000 1.000000
695.781494 800.000000 1.000000
912.434204 800.000000 1.000000
777.078552 800.000000 1.000000
904.401367 800.000000 1.000000
968.469055 800.000000 1.000000
704.831299 800.000000 1.000000
1553.940063 800.000000 1.000000
677.303467 800.000000 1.000000
936.982971 800.000000 1.000000
982.707764 800.000000 1.000000
689.455994 800.000000 1.000000
1431.104614 800.000000 1.000000
795.673401 800.000000 1.000000
746.196289 800.000000 1.000000
1807.219971 800.000000 1.000000
824.027649 800.000000 1.000000
565.189880 800.000000 1.000000
709.653442 800.000000 1.000000
664.417542 800.000000 1.000000
927.294006 800.000000 1.000000
819.239746 800.000000 1.000000
740.921021 800.000000 1.000000
1237.212524 800.000000 1.000000
701.535645 800.000000 1.000000
889.681519 800.000000 1.000000
726.052368 800.000000 1.000000
853.964783 800.000000 1.000000
1025.762207 800.000000 1.000000
929.905273 800.000000 1.000000
1008.923523 800.000000 1.000000
1296.583496 800.000000 1.000000
933.926392 800.000000 1.000000
868.657349 800.000000 1.000000
682.334656 800.000000 1.000000
489.475098 800.000000 1.000000
1268.432739 800.000000 1.000000
1239.153198 800.000000 1.000000
948.114197 800.000000 1.000000
809.174316 800.000000 1.000000
983.968323 800.000000 1.000000
1464.261719 800.000000 1.000000
1269.293091 800.000000 1.000000
812.684387 800.000000 1.000000
776.779236 800.000000 1.000000
743.097168 800.000000 1.000000
1335.370605 800.000000 1.000000
667.177124 800.000000 1.000000
866.354553 800.000000 1.000000
748.247192 800.000000 1.000000
1388.755981 800.000000 1.000000
750.247009 800.000000 1.000000
913.705444 800.000000 1.000000
996.562500 800.000000 1.000000
962.072205 800.000000 1.000000
1465.914307 800.000000 1.000000
1224.279541 800.000000 1.000000
2098.022705 800.000000 1.000000
1751.434082 800.000000 1.000000
995.763916 800.000000 1.000000
781.698608 800.000000 1.000000
732.892761 800.000000 1.000000
916.741882 800.000000 1.000000
1124.630859 800.000000 1.000000
969.883301 800.000000 1.000000
640.962830 800.000000 1.000000
753.226196 800.000000 1.000000
564.546997 800.000000 1.000000
918.043579 800.000000 1.000000
1267.387939 800.000000 1.000000
1202.285156 800.000000 1.000000
1316.817993 800.000000 1.000000
798.435364 800.000000 1.000000
609.064148 800.000000 1.000000
764.696655 800.000000 1.000000
949.243713 800.000000 1.000000
898.701843 800.000000 1.000000
751.388184 800.000000 1.000000
1265.900757 800.000000 1.000000
1379.835205 800.000000 1.000000
655.394958 800.000000 1.000000
728.321655 800.000000 1.000000
742.129822 800.000000 1.000000
948.910156 800.000000 1.000000
660.358154 800.000000 1.000000
738.899536 800.000000 1.000000
1091.001709 800.000000 1.000000
1101.113770 800.000000 1.000000
2266.458496 800.000000 1.000000
758.615845 800.000000 1.000000
2233.707764 800.000000 1.000000
622.202148 800.000000 1.000000
858.418945 800.000000 1.000000
669.585327 800.000000 1.000000
963.867615 800.000000 1.000000
920.648743 800.000000 1.000000
1205.119141 800.000000 1.000000
796.796326 800.000000 1.000000
926.595398 800.000000 1.000000
949.560364 800.000000 1.000000
785.563049 800.000000 1.000000
1023.875305 800.000000 1.000000
1303.927734 800.000000 1.000000
895.975525 800.000000 1.000000
1734.872437 800.000000 1.000000
625.120972 800.000000 1.000000
920.174072 800.000000 1.000000
836.422302 800.000000 1.000000
745.813843 800.000000 1.000000
911.750977 800.000000 1.000000
834.783875 800.000000 1.000000
1148.732056 800.000000 1.000000
1493.419556 800.000000 1.000000
805.306458 800.000000 1.000000
877.794312 800.000000 1.000000
754.619141 800.000000 1.000000
1079.613892 800.000000 1.000000
1192.723511 800.000000 1.000000
678.207458 800.000000 1.000000
979.298767 800.000000 1.000000
754.974243 800.000000 1.000000
696.619568 800.000000 1.000000
736.860596 800.000000 1.000000
1481.514893 800.000000 1.000000
1033.020142 800.000000 1.000000
400.534180 800.000000 1.000000
1079.637207 800.000000 1.000000
960.352661 800.000000 1.000000
603.609070 800.000000 1.000000
711.202148 800.000000 1.000000
649.480530 800.000000 1.000000
793.347900 800.000000 1.000000
898.321838 800.000000 1.000000
942.114075 800.000000 1.000000
1707.690063 800.000000 1.000000
807.583923 800.000000 1.000000
863.155151 800.000000 1.000000
2307.428223 800.000000 1.000000
1796.628540 800.000000 1.000000
936.620972 800.000000 1.000000
617.246338 800.000000 1.000000
775.160645 800.000000 1.000000
696.792358 800.000000 1.000000
831.314209 800.000000 1.000000
948.820984 800.000000 1.000000
764.261292 800.000000 1.000000
1164.466431 800.000000 1.000000
721.471008 800.000000 1.000000
816.617737 800.000000 1.000000
1078.200928 800.000000 1.000000
1200.782471 800.000000 1.000000
855.512329 800.000000 1.000000
626.815308 800.000000 1.000000
707.135986 800.000000 1.000000
763.209473 800.000000 1.000000
1164.991821 800.000000 1.000000
2210.981934 800.000000 1.000000
725.414795 800.000000 1.000000
885.370605 800.000000 1.000000
1385.860840 800.000000 1.000000
798.987061 800.000000 1.000000
1085.354126 800.000000 1.000000
842.396118 800.000000 1.000000
695.487915 800.000000 1.000000
970.584595 800.000000 1.000000
1515.024658 800.000000 1.000000
1166.036499 800.000000 1.000000
1065.229492 800.000000 1.000000
951.147583 800.000000 1.000000
781.607239 800.000000 1.000000
1009.109924 800.000000 1.000000
839.897278 800.000000 1.000000
1046.172729 800.000000 1.000000
575.611206 800.000000 1.000000
921.037659 800.000000 1.000000
1082.957764 800.000000 1.000000
1084.456909 800.000000 1.000000
1927.295410 800.000000 1.000000
742.130981 800.000000 1.000000
1002.556030 800.000000 1.000000
957.925842 800.000000 1.000000
889.263611 800.000000 1.000000
1091.836670 800.000000 1.000000
950.349365 800.000000 1.000000
1495.790894 800.000000 1.000000
921.622253 800.000000 1.000000
812.620056 800.000000 1.000000
1867.076172 800.000000 1.000000
633.690796 800.000000 1.000000
905.794250 800.000000 1.000000
668.423523 800.000000 1.000000
899.447571 800.000000 1.000000
875.008789 800.000000 1.000000
895.924561 800.000000 1.000000
782.852356 800.000000 1.000000
1308.386475 800.000000 1.000000
658.410583 800.000000 1.000000
1294.971436 800.000000 1.000000
1068.110718 800.000000 1.000000
855.301697 800.000000 1.000000
1002.345764 800.000000 1.000000
708.140808 800.000000 1.000000
897.735229 800.000000 1.000000
2799.910889 800.000000 1.000000
842.549133 800.000000 1.000000
1008.832886 800.000000 1.000000
780.639893 800.000000 1.000000
890.153687 800.000000 1.000000
811.606506 800.000000 1.000000
888.593811 800.000000 1.000000
869.213928 800.000000 1.000000
1268.165649 800.000000 1.000000
821.773315 800.000000 1.000000
912.486572 800.000000 1.000000
1180.245728 800.000000 1.000000
1013.946472 800.000000 1.000000
1572.331299 800.000000 1.000000
811.977844 800.000000 1.000000
945.483765 800.000000 1.000000
1211.552368 800.000000 1.000000
846.303711 800.000000 1.000000
2093.288330 800.000000 1.000000
661.041687 800.000000 1.000000
1122.068604 800.000000 1.000000
893.285217 800.000000 1.000000
930.093750 800.000000 1.000000
810.495728 800.000000 1.000000
1127.182495 800.000000 1.000000
827.592712 800.000000 1.000000
1039.372070 800.000000 1.000000
3995.957764 800.000000 1.000000
894.447571 800.000000 1.000000
933.949646 800.000000 1.000000
938.759216 800.000000 1.000000
824.238098 800.000000 1.000000
842.872498 800.000000 1.000000
1048.531250 800.000000 1.000000
835.811951 800.000000 1.000000
836.547302 800.000000 1.000000
1209.617676 800.000000 1.000000
1824.738647 800.000000 1.000000
1014.404602 800.000000 1.000000
1075.850342 800.000000 1.000000
686.585022 800.000000 1.000000
1989.370605 800.000000 1.000000
1043.912720 800.000000 1.000000
1238.258789 800.000000 1.000000
1466.221069 800.000000 1.000000
1185.712524 800.000000 1.000000
2138.003906 800.000000 1.000000
1038.043091 800.000000 1.000000
1725.921753 800.000000 1.000000
838.187561 800.000000 1.000000
1347.082031 800.000000 1.000000
1433.082153 800.000000 1.000000
784.987305 800.000000 1.000000
1186.391479 800.000000 1.000000
1076.060913 800.000000 1.000000
663.424805 800.000000 1.000000
628.723694 800.000000 1.000000
1413.619019 800.000000 1.000000
747.215027 800.000000 1.000000
882.862976 800.000000 1.000000
804.604736 800.000000 1.000000
913.503113 800.000000 1.000000
804.386658 800.000000 1.000000
967.630859 800.000000 1.000000
1447.485107 800.000000 1.000000
1505.686768 800.000000 1.000000
818.145508 800.000000 1.000000
1837.329224 800.000000 1.000000
993.718628 800.000000 1.000000
679.943665 800.000000 1.000000
1388.689209 800.000000 1.000000
804.093018 800.000000 1.000000
924.152527 800.000000 1.000000
919.430725 800.000000 1.000000
1228.843262 800.000000 1.000000
825.349915 800.000000 1.000000
1751.218872 800.000000 1.000000
1426.978149 800.000000 1.000000
914.205200 800.000000 1.000000
907.329163 800.000000 1.000000
675.982910 800.000000 1.000000
1351.708008 800.000000 1.000000
1982.309570 800.000000 1.000000
1123.844360 800.000000 1.000000
812.995728 800.000000 1.000000
1051.416138 800.000000 1.000000
694.118530 800.000000 1.000000
1187.235229 800.000000 1.000000
991.309692 800.000000 1.000000
763.057739 800.000000 1.000000
1245.985962 800.000000 1.000000
910.501160 800.000000 1.000000
1074.906250 800.000000 1.000000
754.829102 800.000000 1.000000
674.513184 800.000000 1.000000
826.587280 800.000000 1.000000
879.187805 800.000000 1.000000
893.722290 800.000000 1.000000
838.644226 800.000000 1.000000
795.934204 800.000000 1.000000
770.512512 800.000000 1.000000
773.993652 800.000000 1.000000
1246.711792 800.000000 1.000000
663.235352 800.000000 1.000000
910.248352 800.000000 1.000000
750.357666 800.000000 1.000000
1211.356201 800.000000 1.000000
1693.196411 800.000000 1.000000
799.824646 800.000000 1.000000
887.262573 800.000000 1.000000
839.273926 800.000000 1.000000
872.726929 800.000000 1.000000
1952.015747 800.000000 1.000000
757.542175 800.000000 1.000000
621.675537 800.000000 1.000000
803.756409 800.000000 1.000000
1378.571655 800.000000 1.000000
789.438660 800.000000 1.000000
785.125854 800.000000 1.000000
840.993103 800.000000 1.000000
796.146362 800.000000 1.000000
1172.507690 800.000000 1.000000
972.439514 800.000000 1.000000
1116.173706 800.000000 1.000000
670.306519 800.000000 1.000000
1679.979004 800.000000 1.000000
683.127197 800.000000 1.000000
614.546692 800.000000 1.000000
740.735779 800.000000 1.000000
1319.697266 800.000000 1.000000
1519.481201 800.000000 1.000000
548.181091 800.000000 1.000000
717.650696 800.000000 1.000000
635.578430 800.000000 1.000000
744.498474 800.000000 1.000000
1676.835205 800.000000 1.000000
1121.430176 800.000000 1.000000
740.767517 800.000000 1.000000
1328.648315 800.000000 1.000000
725.576660 800.000000 1.000000
1113.660034 800.000000 1.000000
687.878296 800.000000 1.000000
827.668274 800.000000 1.000000
1811.332275 800.000000 1.000000
1510.071411 800.000000 1.000000
1060.631836 800.000000 1.000000
1211.451050 800.000000 1.000000
1152.651733 800.000000 1.000000
973.139954 800.000000 1.000000
655.278381 800.000000 1.000000
964.184082 800.000000 1.000000
765.381042 800.000000 1.000000
688.192627 800.000000 1.000000
813.577820 800.000000 1.000000
1630.109131 800.000000 1.000000
775.650330 800.000000 1.000000
755.583374 800.000000 1.000000
1529.971924 800.000000 1.000000
818.320801 800.000000 1.000000
852.610901 800.000000 1.000000
989.861206 800.000000 1.000000
859.333618 800.000000 1.000000
824.912720 800.000000 1.000000
938.492004 800.000000 1.000000
1649.322021 800.000000 1.000000
999.084412 800.000000 1.000000
831.016296 800.000000 1.000000
581.160522 800.000000 1.000000
835.577393 800.000000 1.000000
869.400940 800.000000 1.000000
1104.395874 800.000000 1.000000
711.960083 800.000000 1.000000
1010.101257 800.000000 1.000000
770.981201 800.000000 1.000000
746.329895 800.000000 1.000000
1013.991028 800.000000 1.000000
1087.368286 800.000000 1.000000
813.828247 800.000000 1.000000
1449.050049 800.000000 1.000000
1495.651855 800.000000 1.000000
956.059265 800.000000 1.000000
671.947754 800.000000 1.000000
1113.729004 800.000000 1.000000
805.538879 800.000000 1.000000
728.058289 800.000000 1.000000
1340.373657 800.000000 1.000000
1496.845093 800.000000 1.000000
2159.045166 800.000000 1.000000
974.051575 800.000000 1.000000
919.118347 800.000000 1.000000
679.424927 800.000000 1.000000
824.785095 800.000000 1.000000
1000.644226 800.000000 1.000000
683.181030 800.000000 1.000000
1108.522095 800.000000 1.000000
1835.619751 800.000000 1.000000
1263.418579 800.000000 1.000000
1169.578003 800.000000 1.000000
927.304016 800.000000 1.000000
793.097595 800.000000 1.000000
1051.575806 800.000000 1.000000
1067.566040 800.000000 1.000000
1163.642456 800.000000 1.000000
819.161804 800.000000 1.000000
636.401062 800.000000 1.000000
770.117432 800.000000 1.000000
974.096741 800.000000 1.000000
1137.965210 800.000000 1.000000
741.590088 800.000000 1.000000
854.657654 800.000000 1.000000
996.386536 800.000000 1.000000
770.956421 800.000000 1.000000
1078.796631 800.000000 1.000000
1144.509399 800.000000 1.000000
717.870483 800.000000 1.000000
950.552307 800.000000 1.000000
944.829468 800.000000 1.000000
2626.367920 800.000000 1.000000
1215.617676 800.000000 1.000000
2535.903076 800.000000 1.000000
714.438354 800.000000 1.000000
799.703918 800.000000 1.000000
657.246033 800.000000 1.000000
897.459961 800.000000 1.000000
824.877380 800.000000 1.000000
862.368042 800.000000 1.000000
660.488464 800.000000 1.000000
775.276917 800.000000 1.000000
1297.168945 800.000000 1.000000
1388.169312 800.000000 1.000000
1819.709595 800.000000 1.000000
808.978699 800.000000 1.000000
868.906433 800.000000 1.000000
747.329224 800.000000 1.000000
1540.222046 800.000000 1.000000
952.730286 800.000000 1.000000
950.312866 800.000000 1.000000
1315.724243 800.000000 1.000000
797.982605 800.000000 1.000000
829.522339 800.000000 1.000000
1451.872681 800.000000 1.000000
986.425964 800.000000 1.000000
595.096497 800.000000 1.000000
997.138916 800.000000 1.000000
811.778625 800.000000 1.000000
764.799377 800.000000 1.000000
931.936218 800.000000 1.000000
813.075989 800.000000 1.000000
822.448364 800.000000 1.000000
1919.277588 800.000000 1.000000
847.503052 800.000000 1.000000
1094.430054 800.000000 1.000000
771.089905 800.000000 1.000000
939.272583 800.000000 1.000000
1013.519287 800.000000 1.000000
750.566345 800.000000 1.000000
814.689636 800.000000 1.000000
788.855591 800.000000 1.000000
1079.922485 800.000000 1.000000
700.346863 800.000000 1.000000
1027.314209 800.000000 1.000000
878.863037 800.000000 0.000000
505.913208 800.000000 0.000000
908.590820 800.000000 0.000000
747.795715 800.000000 0.000000
513.053284 800.000000 0.000000
472.560730 800.000000 0.000000
475.221985 800.000000 0.000000
500.125732 800.000000 0.000000
514.377197 800.000000 0.000000
454.481232 800.000000 0.000000
405.019684 800.000000 0.000000
591.054626 800.000000 0.000000
541.469055 800.000000 0.000000
542.223083 800.000000 0.000000
1928.838989 800.000000 0.000000
363.099213 800.000000 0.000000
438.900391 800.000000 0.000000
385.869751 800.000000 0.000000
683.988647 800.000000 0.000000
814.509705 800.000000 0.000000
615.089722 800.000000 0.000000
603.359497 800.000000 0.000000
462.078491 800.000000 0.000000
790.353210 800.000000 0.000000
663.507996 800.000000 0.000000
698.944763 800.000000 0.000000
437.842590 800.000000 0.000000
564.282471 800.000000 0.000000
505.175018 800.000000 0.000000
608.000732 800.000000 0.000000
596.283447 800.000000 0.000000
500.701569 800.000000 0.000000
474.701202 800.000000 0.000000
413.774323 800.000000 0.000000
755.122681 800.000000 0.000000
954.819885 800.000000 0.000000
542.736267 800.000000 0.000000
1263.316284 800.000000 0.000000
389.741394 800.000000 0.000000
860.778198 800.000000 0.000000
657.208862 800.000000 0.000000
489.394165 800.000000 0.000000
704.987854 800.000000 0.000000
890.787476 800.000000 0.000000
713.495789 800.000000 0.000000
500.878296 800.000000 0.000000
621.693237 800.000000 0.000000
776.161987 800.000000 0.000000
424.015533 800.000000 0.000000
930.128235 800.000000 0.000000
1022.615295 800.000000 0.000000
562.698608 800.000000 0.000000
757.371399 800.000000 0.000000
817.364136 800.000000 0.000000
614.962524 800.000000 0.000000
1395.661987 800.000000 0.000000
421.073914 800.000000 0.000000
453.542023 800.000000 0.000000
488.161255 800.000000 0.000000
546.504944 800.000000 0.000000
565.230774 800.000000 0.000000
527.178650 800.000000 0.000000
1125.640015 800.000000 0.000000
438.671173 800.000000 0.000000
596.151001 800.000000 0.000000
959.681885 800.000000 0.000000
568.244385 800.000000 0.000000
1678.949219 800.000000 0.000000
1006.690613 800.000000 0.000000
447.552460 800.000000 0.000000
581.671143 800.000000 0.000000
694.354370 800.000000 0.000000
898.762634 800.000000 0.000000
466.827209 800.000000 0.000000
358.330536 800.000000 0.000000
978.835876 800.000000 0.000000
441.729309 800.000000 0.000000
535.661926 800.000000 0.000000
611.689209 800.000000 0.000000
463.567780 800.000000 0.000000
415.433929 800.000000 0.000000
865.317871 800.000000 0.000000
630.472778 800.000000 0.000000
1653.249268 800.000000 0.000000
676.998413 800.000000 0.000000
472.812714 800.000000 0.000000
395.888702 800.000000 0.000000
331.880035 800.000000 0.000000
618.313660 800.000000 0.000000
508.005646 800.000000 0.000000
729.833801 800.000000 0.000000
419.926514 800.000000 0.000000
726.602600 800.000000 0.000000
1590.509521 800.000000 0.000000
583.279724 800.000000 0.000000
314.632690 800.000000 0.000000
388.349884 800.000000 0.000000
516.722107 800.000000 0.000000
1068.440552 800.000000 0.000000
1781.867188 800.000000 0.000000
407.777771 800.000000 0.000000
388.644379 800.000000 0.000000
541.056824 800.000000 0.000000
890.132629 800.000000 0.000000
377.672455 800.000000 0.000000
376.773590 800.000000 0.000000
504.478180 800.000000 0.000000
449.240997 800.000000 0.000000
734.313660 800.000000 0.000000
510.573212 800.000000 0.000000
831.639282 800.000000 0.000000
1138.884766 800.000000 0.000000
332.403412 800.000000 0.000000
381.480988 800.000000 0.000000
420.164551 800.000000 0.000000
581.380920 800.000000 0.000000
1157.752441 800.000000 0.000000
718.239014 800.000000 0.000000
611.656372 800.000000 0.000000
676.337402 800.000000 0.000000
391.146667 800.000000 0.000000
441.813263 800.000000 0.000000
803.397095 800.000000 0.000000
361.957520 800.000000 0.000000
332.172974 800.000000 0.000000
864.940552 800.000000 0.000000
649.999756 800.000000 0.000000
351.300720 800.000000 0.000000
531.524597 800.000000 0.000000
556.401306 800.000000 0.000000
254.324326 800.000000 0.000000
407.199188 800.000000 0.000000
1196.983521 800.000000 0.000000
474.896881 800.000000 0.000000
903.250183 800.000000 0.000000
377.283997 800.000000 0.000000
874.624329 800.000000 0.000000
419.149109 800.000000 0.000000
502.714813 800.000000 0.000000
402.477295 800.000000 0.000000
880.082092 800.000000 0.000000
369.402649 800.000000 0.000000
421.169220 800.000000 0.000000
402.633606 800.000000 0.000000
642.678955 800.000000 0.000000
461.985321 800.000000 0.000000
489.439178 800.000000 0.000000
534.140808 800.000000 0.000000
482.088043 800.000000 0.000000
420.717682 800.000000 0.000000
759.988464 800.000000 0.000000
406.195282 800.000000 0.000000
969.765442 800.000000 0.000000
643.057434 800.000000 0.000000
670.986084 800.000000 0.000000
531.023865 800.000000 0.000000
429.512604 800.000000 0.000000
532.701416 800.000000 0.000000
685.490295 800.000000 0.000000
506.878784 800.000000 0.000000
527.592163 800.000000 0.000000
648.932312 800.000000 0.000000
762.131409 800.000000 0.000000
555.354980 800.000000 0.000000
535.852051 800.000000 0.000000
519.866943 800.000000 0.000000
380.623535 800.000000 0.000000
455.082855 800.000000 0.000000
562.496094 800.000000 0.000000
569.280640 800.000000 0.000000
776.577454 800.000000 0.000000
492.216736 800.000000 0.000000
651.999634 800.000000 0.000000
487.708862 800.000000 0.000000
430.512024 800.000000 0.000000
929.919800 800.000000 0.000000
622.692566 800.000000 0.000000
512.839905 800.000000 0.000000
463.098694 800.000000 0.000000
1486.104370 800.000000 0.000000
342.889587 800.000000 0.000000
353.054077 800.000000 0.000000
701.318604 800.000000 0.000000
1009.437988 800.000000 0.000000
550.074463 800.000000 0.000000
428.603394 800.000000 0.000000
464.563660 800.000000 0.000000
1402.486816 800.000000 0.000000
423.844025 800.000000 0.000000
639.616516 800.000000 0.000000
677.008850 800.000000 0.000000
466.616699 800.000000 0.000000
708.954712 800.000000 0.000000
392.559723 800.000000 0.000000
532.077087 800.000000 0.000000
577.710144 800.000000 0.000000
750.552917 800.000000 0.000000
513.326904 800.000000 0.000000
276.868866 800.000000 0.000000
1086.784302 800.000000 0.000000
433.988525 800.000000 0.000000
528.270752 800.000000 0.000000
492.539642 800.000000 0.000000
488.129059 800.000000 0.000000
356.716400 800.000000 0.000000
909.368103 800.000000 0.000000
692.527161 800.000000 0.000000
381.673553 800.000000 0.000000
549.319458 800.000000 0.000000
1292.738281 800.000000 0.000000
1115.524536 800.000000 0.000000
656.285278 800.000000 0.000000
1091.133667 800.000000 0.000000
453.766571 800.000000 0.000000
827.209473 800.000000 0.000000
355.107330 800.000000 0.000000
532.257874 800.000000 0.000000
656.233582 800.000000 0.000000
759.548523 800.000000 0.000000
556.220581 800.000000 0.000000
459.253723 800.000000 0.000000
449.599731 800.000000 0.000000
771.449036 800.000000 0.000000
630.137573 800.000000 0.000000
394.398102 800.000000 0.000000
404.340851 800.000000 0.000000
497.748230 800.000000 0.000000
763.499451 800.000000 0.000000
476.782104 800.000000 0.000000
431.743622 800.000000 0.000000
481.947449 800.000000 0.000000
746.311340 800.000000 0.000000
523.630371 800.000000 0.000000
348.140045 800.000000 0.000000
546.009338 800.000000 0.000000
743.286438 800.000000 0.000000
366.278442 800.000000 0.000000
598.445251 800.000000 0.000000
1134.550293 800.000000 0.000000
645.128967 800.000000 0.000000
520.165771 800.000000 0.000000
1213.590332 800.000000 0.000000
422.742218 800.000000 0.000000
474.268707 800.000000 0.000000
571.810913 800.000000 0.000000
783.589661 800.000000 0.000000
431.749146 800.000000 0.000000
675.054565 800.000000 0.000000
392.544067 800.000000 0.000000
968.146606 800.000000 0.000000
385.728912 800.000000 0.000000
471.735718 800.000000 0.000000
1303.992310 800.000000 0.000000
607.084473 800.000000 0.000000
637.545227 800.000000 0.000000
465.514069 800.000000 0.000000
368.590576 800.000000 0.000000
614.236511 800.000000 0.000000
398.466827 800.000000 0.000000
1200.804199 800.000000 0.000000
488.433838 800.000000 0.000000
628.919128 800.000000 0.000000
972.756042 800.000000 0.000000
752.362549 800.000000 0.000000
661.225281 800.000000 0.000000
718.058838 800.000000 0.000000
518.696899 800.000000 0.000000
726.426453 800.000000 0.000000
742.187134 800.000000 0.000000
339.027039 800.000000 0.000000
612.624390 800.000000 0.000000
379.845703 800.000000 0.000000
603.697632 800.000000 0.000000
635.831909 800.000000 0.000000
666.090027 800.000000 0.000000
1204.401367 800.000000 0.000000
805.535767 800.000000 0.000000
349.340118 800.000000 0.000000
588.495361 800.000000 0.000000
704.401978 800.000000 0.000000
786.389954 800.000000 0.000000
444.832397 800.000000 0.000000
529.604675 800.000000 0.000000
322.104492 800.000000 0.000000
633.608582 800.000000 0.000000
629.960205 800.000000 0.000000
560.442017 800.000000 0.000000
328.223633 800.000000 0.000000
310.222137 800.000000 0.000000
392.632263 800.000000 0.000000
322.433533 800.000000 0.000000
521.117615 800.000000 0.000000
666.917542 800.000000 0.000000
442.759338 800.000000 0.000000
799.995300 800.000000 0.000000
415.736053 800.000000 0.000000
729.540710 800.000000 0.000000
330.034698 800.000000 0.000000
447.345673 800.000000 0.000000
433.137329 800.000000 0.000000
543.303040 800.000000 0.000000
449.062897 800.000000 0.000000
737.848206 800.000000 0.000000
364.818054 800.000000 0.000000
993.248413 800.000000 0.000000
428.609467 800.000000 0.000000
647.793701 800.000000 0.000000
896.935791 800.000000 0.000000
770.410645 800.000000 0.000000
372.243042 800.000000 0.000000
995.761719 800.000000 0.000000
558.215393 800.000000 0.000000
455.259583 800.000000 0.000000
1587.483032 800.000000 0.000000
891.857727 800.000000 0.000000
532.434814 800.000000 0.000000
605.305176 800.000000 0.000000
1117.911865 800.000000 0.000000
667.153442 800.000000 0.000000
617.479370 800.000000 0.000000
491.068573 800.000000 0.000000
1049.152710 800.000000 0.000000
476.275482 800.000000 0.000000
657.791809 800.000000 0.000000
455.049957 800.000000 0.000000
656.609741 800.000000 0.000000
493.833252 800.000000 0.000000
507.248444 800.000000 0.000000
420.473267 800.000000 0.000000
365.801025 800.000000 0.000000
432.087158 800.000000 0.000000
942.020325 800.000000 0.000000
395.743164 800.000000 0.000000
794.076477 800.000000 0.000000
1057.460327 800.000000 0.000000
860.045776 800.000000 0.000000
740.315247 800.000000 0.000000
845.672729 800.000000 0.000000
456.216370 800.000000 0.000000
296.585358 800.000000 0.000000
412.277832 800.000000 0.000000
346.532410 800.000000 0.000000
1751.660278 800.000000 0.000000
582.167358 800.000000 0.000000
961.466248 800.000000 0.000000
1032.747681 800.000000 0.000000
589.223206 800.000000 0.000000
732.816284 800.000000 0.000000
473.303711 800.000000 0.000000
440.583496 800.000000 0.000000
757.715088 800.000000 0.000000
670.246765 800.000000 0.000000
358.872467 800.000000 0.000000
576.748230 800.000000 0.000000
567.482056 800.000000 0.000000
1395.740479 800.000000 0.000000
460.619019 800.000000 0.000000
617.936340 800.000000 0.000000
1131.078979 800.000000 0.000000
476.922272 800.000000 0.000000
602.214905 800.000000 0.000000
356.890564 800.000000 0.000000
806.846497 800.000000 0.000000
905.251038 800.000000 0.000000
536.935669 800.000000 0.000000
814.321350 800.000000 0.000000
633.349487 800.000000 0.000000
512.472656 800.000000 0.000000
655.408813 800.000000 0.000000
405.989777 800.000000 0.000000
481.562988 800.000000 0.000000
1120.616333 800.000000 0.000000
440.744049 800.000000 0.000000
504.256714 800.000000 0.000000
376.943817 800.000000 0.000000
437.308136 800.000000 0.000000
385.354645 800.000000 0.000000
358.395599 800.000000 0.000000
648.815002 800.000000 0.000000
824.700928 800.000000 0.000000
599.995605 800.000000 0.000000
494.448486 800.000000 0.000000
551.222046 800.000000 0.000000
489.288055 800.000000 0.000000
561.801147 800.000000 0.000000
879.304688 800.000000 0.000000
430.588776 800.000000 0.000000
960.982239 800.000000 0.000000
613.698792 800.000000 0.000000
1183.647095 800.000000 0.000000
268.492645 800.000000 0.000000
652.910583 800.000000 0.000000
393.483185 800.000000 0.000000
875.076599 800.000000 0.000000
761.368835 800.000000 0.000000
587.278870 800.000000 0.000000
451.951172 800.000000 0.000000
1046.252930 800.000000 0.000000
1159.778198 800.000000 0.000000
847.929443 800.000000 0.000000
514.534119 800.000000 0.000000
553.403809 800.000000 0.000000
973.636597 800.000000 0.000000
350.204865 800.000000 0.000000
517.727966 800.000000 0.000000
379.515594 800.000000 0.000000
374.512054 800.000000 0.000000
365.093903 800.000000 0.000000
462.652863 800.000000 0.000000
319.725586 800.000000 0.000000
594.451660 800.000000 0.000000
733.604797 800.000000 0.000000
1023.849060 800.000000 0.000000
746.337585 800.000000 0.000000
433.175934 800.000000 0.000000
1542.192139 800.000000 0.000000
414.622803 800.000000 0.000000
501.342712 800.000000 0.000000
968.722595 800.000000 0.000000
943.675476 800.000000 0.000000
460.427673 800.000000 0.000000
459.286682 800.000000 0.000000
371.399017 800.000000 0.000000
425.111237 800.000000 0.000000
806.839111 800.000000 0.000000
641.560730 800.000000 0.000000
307.273682 800.000000 0.000000
619.957520 800.000000 0.000000
749.409790 800.000000 0.000000
594.564697 800.000000 0.000000
803.310730 800.000000 0.000000
501.349182 800.000000 0.000000
408.597229 800.000000 0.000000
427.815216 800.000000 0.000000
624.793640 800.000000 0.000000
494.787628 800.000000 0.000000
803.166443 800.000000 0.000000
551.854309 800.000000 0.000000
399.467926 800.000000 0.000000
368.480713 800.000000 0.000000
336.678925 800.000000 0.000000
448.633789 800.000000 0.000000
873.029358 800.000000 0.000000
485.877136 800.000000 0.000000
698.287964 800.000000 0.000000
663.279907 800.000000 0.000000
327.554535 800.000000 0.000000
338.277985 800.000000 0.000000
842.884888 800.000000 0.000000
482.223206 800.000000 0.000000
840.506958 800.000000 0.000000
573.380310 800.000000 0.000000
721.662598 800.000000 0.000000
948.055054 800.000000 0.000000
752.974670 800.000000 0.000000
791.510254 800.000000 0.000000
1032.221680 800.000000 0.000000
512.916687 800.000000 0.000000
1088.568970 800.000000 0.000000
525.165527 800.000000 0.000000
544.589294 800.000000 0.000000
587.752197 800.000000 0.000000
824.914001 800.000000 0.000000
510.376312 800.000000 0.000000
481.109833 800.000000 0.000000
384.745758 800.000000 0.000000
1018.669617 800.000000 0.000000
444.714142 800.000000 0.000000
576.515808 800.000000 0.000000
914.365356 800.000000 0.000000
814.031982 800.000000 0.000000
384.221436 800.000000 0.000000
611.644409 800.000000 0.000000
1639.694824 800.000000 0.000000
374.651733 800.000000 0.000000
498.245667 800.000000 0.000000
557.857361 800.000000 0.000000
550.884094 800.000000 0.000000
1569.347656 800.000000 0.000000
533.210449 800.000000 0.000000
416.485626 800.000000 0.000000
1507.591675 800.000000 0.000000
656.392029 800.000000 0.000000
436.035828 800.000000 0.000000
505.124817 800.000000 0.000000
559.646118 800.000000 0.000000
462.362579 800.000000 0.000000
682.436401 800.000000 0.000000
327.874573 800.000000 0.000000
595.901428 800.000000 0.000000
605.043701 800.000000 0.000000
354.022980 800.000000 0.000000
543.201965 800.000000 0.000000
620.603455 800.000000 0.000000
397.835175 800.000000 0.000000
390.171844 800.000000 0.000000
2782.532227 800.000000 0.000000
547.614685 800.000000 0.000000
1442.884277 800.000000 0.000000
1078.298462 800.000000 0.000000
550.682617 800.000000 0.000000
486.938904 800.000000 0.000000
1331.871094 800.000000 0.000000
541.274475 800.000000 0.000000
324.449097 800.000000 0.000000
372.609650 800.000000 0.000000
526.681702 800.000000 0.000000
302.601135 800.000000 0.000000
487.985962 800.000000 0.000000
484.662659 800.000000 0.000000
581.299011 800.000000 0.000000
422.220001 800.000000 0.000000
651.895630 800.000000 0.000000
425.574890 800.000000 0.000000
587.820923 800.000000 0.000000
949.047607 800.000000 0.000000
484.995239 800.000000 0.000000
486.027130 800.000000 0.000000
593.523804 800.000000 0.000000
343.012848 800.000000 0.000000
450.052551 800.000000 0.000000
643.974731 800.000000 0.000000
1589.881226 800.000000 0.000000
555.019287 800.000000 0.000000
789.703857 800.000000 0.000000
803.413269 800.000000 0.000000
499.958435 800.000000 0.000000
456.721313 800.000000 0.000000
342.781982 800.000000 0.000000
502.797211 800.000000 0.000000
321.597260 800.000000 0.000000
553.976685 800.000000 0.000000
444.245483 800.000000 0.000000
600.758240 800.000000 0.000000
553.541809 800.000000 0.000000
377.389740 800.000000 0.000000
360.703644 800.000000 0.000000
546.291565 800.000000 0.000000
900.194946 800.000000 0.000000
639.422485 800.000000 0.000000
841.437256 800.000000 0.000000
491.020996 800.000000 0.000000
429.240204 800.000000 0.000000
918.713928 800.000000 0.000000
508.051056 800.000000 0.000000
416.450439 800.000000 0.000000
658.538818 800.000000 0.000000
659.420349 800.000000 0.000000
416.537079 800.000000 0.000000
421.662537 800.000000 0.000000
1071.594238 800.000000 0.000000
748.550781 800.000000 0.000000
484.010620 800.000000 0.000000
970.138611 800.000000 0.000000
775.231750 800.000000 0.000000
485.296661 800.000000 0.000000
654.745728 800.000000 0.000000
640.107117 800.000000 0.000000
501.473816 800.000000 0.000000
472.995941 800.000000 0.000000
378.411469 800.000000 0.000000
410.688904 800.000000 0.000000
470.196014 800.000000 0.000000
503.195068 800.000000 0.000000
526.992615 800.000000 0.000000
1365.760254 800.000000 0.000000
754.397827 800.000000 0.000000
801.479858 800.000000 0.000000
436.596558 800.000000 0.000000
541.350403 800.000000 0.000000
562.879395 800.000000 0.000000
577.079346 800.000000 0.000000
380.514282 800.000000 0.000000
1882.297607 800.000000 0.000000
407.572601 800.000000 0.000000
515.894165 800.000000 0.000000
706.462646 800.000000 0.000000
846.593079 800.000000 0.000000
826.636719 800.000000 0.000000
324.347809 800.000000 0.000000
478.718384 800.000000 0.000000
896.922974 800.000000 0.000000
645.635864 800.000000 0.000000
638.443604 800.000000 0.000000
770.771667 800.000000 0.000000
471.796143 800.000000 0.000000
779.578369 800.000000 0.000000
386.411041 800.000000 0.000000
761.754333 800.000000 0.000000
580.364502 800.000000 0.000000
810.495300 800.000000 0.000000
633.400208 800.000000 0.000000
475.407318 800.000000 0.000000
396.057343 800.000000 0.000000
470.948639 800.000000 0.000000
1081.819824 800.000000 0.000000
734.985779 800.000000 0.000000
1188.786865 800.000000 0.000000
623.364807 800.000000 0.000000
636.868591 800.000000 0.000000
536.958862 800.000000 0.000000
676.744873 800.000000 0.000000
467.093262 800.000000 0.000000
528.784241 800.000000 0.000000
620.915955 800.000000 0.000000
753.083313 800.000000 0.000000
378.143524 800.000000 0.000000
724.217834 800.000000 0.000000
470.667023 800.000000 0.000000
479.314423 800.000000 0.000000
640.914062 800.000000 0.000000
461.097260 800.000000 0.000000
791.308655 800.000000 0.000000
548.853394 800.000000 0.000000
465.095947 800.000000 0.000000
922.937317 800.000000 0.000000
622.106323 800.000000 0.000000
639.937134 800.000000 0.000000
496.304352 800.000000 0.000000
679.123291 800.000000 0.000000
630.618469 800.000000 0.000000
759.298950 800.000000 0.000000
815.003784 800.000000 0.000000
495.368591 800.000000 0.000000
513.774963 800.000000 0.000000
932.916260 800.000000 0.000000
949.749146 800.000000 0.000000
408.842682 800.000000 0.000000
563.725098 800.000000 0.000000
561.662781 800.000000 0.000000
581.291321 800.000000 0.000000
722.463928 800.000000 0.000000
999.003174 800.000000 0.000000
571.394165 800.000000 0.000000
393.796143 800.000000 0.000000
533.137878 800.000000 0.000000
737.646301 800.000000 0.000000
402.154938 800.000000 0.000000
411.341522 800.000000 0.000000
724.879333 800.000000 0.000000
451.845490 800.000000 0.000000
455.216278 800.000000 0.000000
481.003601 800.000000 0.000000
1181.316162 800.000000 0.000000
647.260498 800.000000 0.000000
596.590454 800.000000 0.000000
922.996033 800.000000 0.000000
590.913879 800.000000 0.000000
623.677612 800.000000 0.000000
558.476257 800.000000 0.000000
464.015900 800.000000 0.000000
461.450836 800.000000 0.000000
722.072754 800.000000 0.000000
676.195435 800.000000 0.000000
984.220764 800.000000 0.000000
753.620117 800.000000 0.000000
582.207153 800.000000 0.000000
1051.634521 800.000000 0.000000
368.276428 800.000000 0.000000
442.867432 800.000000 0.000000
339.982941 800.000000 0.000000
1293.611206 800.000000 0.000000
696.636780 800.000000 0.000000
450.115234 800.000000 0.000000
501.183899 800.000000 0.000000
407.562042 800.000000 0.000000
589.839050 800.000000 0.000000
892.638062 800.000000 0.000000
718.792236 800.000000 0.000000
422.918884 800.000000 0.000000
637.356140 800.000000 0.000000
376.136383 800.000000 0.000000
400.886902 800.000000 0.000000
541.241516 800.000000 0.000000
385.456696 800.000000 0.000000
397.300476 800.000000 0.000000
747.553955 800.000000 0.000000
437.611115 800.000000 0.000000
708.750610 800.000000 0.000000
1378.549072 800.000000 0.000000
419.994110 800.000000 0.000000
700.562805 800.000000 0.000000
892.607788 800.000000 0.000000
1363.589844 800.000000 0.000000
408.735504 800.000000 0.000000
662.855469 800.000000 0.000000
578.913818 800.000000 0.000000
431.695099 800.000000 0.000000
717.045898 800.000000 0.000000
1417.765747 800.000000 0.000000
628.090454 800.000000 0.000000
619.456543 800.000000 0.000000
556.378540 800.000000 0.000000
994.155701 800.000000 0.000000
390.962555 800.000000 0.000000
664.418823 800.000000 0.000000
446.178772 800.000000 0.000000
819.059082 800.000000 0.000000
595.570557 800.000000 0.000000
497.449585 800.000000 0.000000
492.897949 800.000000 0.000000
608.180481 800.000000 0.000000
549.602112 800.000000 0.000000
532.432251 800.000000 0.000000
553.219360 800.000000 0.000000
885.419739 800.000000 0.000000
618.906738 800.000000 0.000000
474.571930 800.000000 0.000000
575.741150 800.000000 0.000000
821.796631 800.000000 0.000000
505.585144 800.000000 0.000000
537.205444 800.000000 0.000000
428.698547 800.000000 0.000000
689.218262 800.000000 0.000000
603.671204 800.000000 0.000000
565.935669 800.000000 0.000000
425.475830 800.000000 0.000000
645.452881 800.000000 0.000000
417.748291 800.000000 0.000000
522.933838 800.000000 0.000000
492.053223 800.000000 0.000000
444.724304 800.000000 0.000000
842.665405 800.000000 0.000000
660.952393 800.000000 0.000000
948.729309 800.000000 0.000000
352.810577 800.000000 0.000000
341.430023 800.000000 0.000000
695.862732 800.000000 0.000000
423.928741 800.000000 0.000000
510.977783 800.000000 0.000000
512.519043 800.000000 0.000000
1560.175293 800.000000 0.000000
499.901886 800.000000 0.000000
507.372498 800.000000 0.000000
332.958801 800.000000 0.000000
516.322571 800.000000 0.000000
589.295776 800.000000 0.000000
520.791687 800.000000 0.000000
658.231201 800.000000 0.000000
830.496765 800.000000 0.000000
555.886169 800.000000 0.000000
603.856995 800.000000 0.000000
480.744354 800.000000 0.000000
930.242493 800.000000 0.000000
387.928711 800.000000 0.000000
782.421753 800.000000 0.000000
721.609070 800.000000 0.000000
965.843994 800.000000 0.000000
330.462769 800.000000 0.000000
531.924927 800.000000 0.000000
829.664307 800.000000 0.000000
602.032776 800.000000 0.000000
837.908447 800.000000 0.000000
1140.479248 800.000000 0.000000
531.233459 800.000000 0.000000
506.037109 800.000000 0.000000
487.124817 800.000000 0.000000
594.864868 800.000000 0.000000
308.560120 800.000000 0.000000
1147.296875 800.000000 0.000000
535.225952 800.000000 0.000000
340.560364 800.000000 0.000000
665.867126 800.000000 0.000000
883.343262 800.000000 0.000000
513.208313 800.000000 0.000000
713.131104 800.000000 0.000000
671.263184 800.000000 0.000000
924.936157 800.000000 0.000000
442.001953 800.000000 0.000000
455.401886 800.000000 0.000000
877.497070 800.000000 0.000000
875.452026 800.000000 0.000000
716.194031 800.000000 0.000000
450.709045 800.000000 0.000000
611.432434 800.000000 0.000000
656.334961 800.000000 0.000000
515.886169 800.000000 0.000000
519.982605 800.000000 0.000000
626.801208 800.000000 0.000000
854.380676 800.000000 0.000000
987.451233 800.000000 0.000000
661.018982 800.000000 0.000000
800.408508 800.000000 0.000000
392.975677 800.000000 0.000000
1079.958130 800.000000 0.000000
330.437653 800.000000 0.000000
482.349670 800.000000 0.000000
382.929260 800.000000 0.000000
856.516235 800.000000 0.000000
641.672302 800.000000 0.000000
407.470734 800.000000 0.000000
1101.109741 800.000000 0.000000
659.322327 800.000000 0.000000
737.817322 800.000000 0.000000
517.860718 800.000000 0.000000
395.980286 800.000000 0.000000
605.355530 800.000000 0.000000
306.344147 800.000000 0.000000
431.037567 800.000000 0.000000
497.468689 800.000000 0.000000
588.690430 800.000000 0.000000
475.190918 800.000000 0.000000
450.272064 800.000000 0.000000
494.680237 800.000000 0.000000
297.235901 800.000000 0.000000
444.872192 800.000000 0.000000
1065.963501 800.000000 0.000000
441.877106 800.000000 0.000000
643.479126 800.000000 0.000000
312.313629 800.000000 0.000000
602.509216 800.000000 0.000000
754.128296 800.000000 0.000000
358.824432 800.000000 0.000000
1811.996460 800.000000 0.000000
455.405334 800.000000 0.000000
435.438995 800.000000 0.000000
751.716125 800.000000 0.000000
913.718628 800.000000 0.000000
1622.368774 800.000000 0.000000
552.586304 800.000000 0.000000
616.255005 800.000000 0.000000
702.344116 800.000000 0.000000
648.834290 800.000000 0.000000
1314.486206 800.000000 0.000000
364.697632 800.000000 0.000000
556.809326 800.000000 0.000000
606.699646 800.000000 0.000000
466.994049 800.000000 0.000000
650.512573 800.000000 0.000000
459.738861 800.000000 0.000000
403.094818 800.000000 0.000000
482.527405 800.000000 0.000000
584.979248 800.000000 0.000000
644.836853 800.000000 0.000000
404.479492 800.000000 0.000000
415.851929 800.000000 0.000000
633.562988 800.000000 0.000000
468.033508 800.000000 0.000000
708.199890 800.000000 0.000000
424.515656 800.000000 0.000000
402.429535 800.000000 0.000000
356.104431 800.000000 0.000000
393.769043 800.000000 0.000000
744.116577 800.000000 0.000000
578.005127 800.000000 0.000000
795.479980 800.000000 0.000000
411.255219 800.000000 0.000000
344.174286 800.000000 0.000000
620.241211 800.000000 0.000000
467.292694 800.000000 0.000000
1503.682373 800.000000 0.000000
348.329895 800.000000 0.000000
535.925903 800.000000 0.000000
438.882080 800.000000 0.000000
497.915649 800.000000 0.000000
556.956787 800.000000 0.000000
469.235321 800.000000 0.000000
374.658234 800.000000 0.000000
448.113953 800.000000 0.000000
432.709320 800.000000 0.000000
532.709595 800.000000 0.000000
490.847656 800.000000 0.000000
434.679657 800.000000 0.000000
440.873718 800.000000 0.000000
946.570862 800.000000 0.000000
340.343109 800.000000 0.000000
1438.553223 800.000000 0.000000
742.860779 800.000000 0.000000
840.787964 800.000000 0.000000
542.098633 800.000000 0.000000
841.167419 800.000000 0.000000
531.454346 800.000000 0.000000
470.956543 800.000000 0.000000
777.992493 800.000000 0.000000
449.827484 800.000000 0.000000
510.117401 800.000000 0.000000
521.849548 800.000000 0.000000
536.591492 800.000000 0.000000
502.883087 800.000000 0.000000
482.846710 800.000000 0.000000
464.385559 800.000000 0.000000
867.503845 800.000000 0.000000
656.905640 800.000000 0.000000
501.876312 800.000000 0.000000
330.856628 800.000000 0.000000
580.139893 800.000000 0.000000
799.390320 800.000000 0.000000
461.892731 800.000000 0.000000
540.352173 800.000000 0.000000
471.569885 800.000000 0.000000
579.021118 800.000000 0.000000
634.307373 800.000000 0.000000
741.018188 800.000000 0.000000
958.573730 800.000000 0.000000
382.464081 800.000000 0.000000
651.380981 800.000000 0.000000
530.047302 800.000000 0.000000
666.780273 800.000000 0.000000
541.822815 800.000000 0.000000
398.977386 800.000000 0.000000
725.554504 800.000000 0.000000
786.029053 800.000000 0.000000
1128.427612 800.000000 0.000000
695.024414 800.000000 0.000000
583.448486 800.000000 0.000000
397.419830 800.000000 0.000000
840.394897 800.000000 0.000000
461.973358 800.000000 0.000000
504.017365 800.000000 0.000000
575.691589 800.000000 0.000000
926.667786 800.000000 0.000000
816.938599 800.000000 0.000000
642.869263 800.000000 0.000000
1117.284058 800.000000 0.000000
790.026611 800.000000 0.000000
859.535583 800.000000 0.000000
962.429932 800.000000 0.000000
463.786011 800.000000 0.000000
614.326294 800.000000 0.000000
762.540466 800.000000 0.000000
834.514648 800.000000 0.000000
616.829041 800.000000 0.000000
682.700317 800.000000 0.000000
522.841919 800.000000 0.000000
892.759827 800.000000 0.000000
799.713684 800.000000 0.000000
1467.151978 800.000000 0.000000
1323.275879 800.000000 0.000000
343.812469 800.000000 0.000000
467.591980 800.000000 0.000000
312.668030 800.000000 0.000000
407.003082 800.000000 0.000000
429.783966 800.000000 0.000000
532.465027 800.000000 0.000000
550.999512 800.000000 0.000000
359.759369 800.000000 0.000000
1220.596313 800.000000 0.000000
421.758453 800.000000 0.000000
353.332428 800.000000 0.000000
688.339966 800.000000 0.000000
391.003784 800.000000 0.000000
396.748962 800.000000 0.000000
699.571533 800.000000 0.000000
428.732544 800.000000 0.000000
2131.600586 800.000000 0.000000
1013.645935 800.000000 0.000000
519.484802 800.000000 0.000000
412.100311 800.000000 0.000000
1008.102417 800.000000 0.000000
553.562317 800.000000 0.000000
465.014709 800.000000 0.000000
838.345764 800.000000 0.000000
374.155823 800.000000 0.000000
742.913208 800.000000 0.000000
765.409790 800.000000 0.000000
450.887573 800.000000 0.000000
712.398254 800.000000 0.000000
690.966064 800.000000 0.000000
663.259705 800.000000 0.000000
516.067749 800.000000 0.000000
658.144226 800.000000 0.000000
479.640533 800.000000 0.000000
400.636047 800.000000 0.000000
484.553894 800.000000 0.000000
748.883057 800.000000 0.000000
731.899902 800.000000 0.000000
504.844147 800.000000 0.000000
1019.907410 800.000000 0.000000
426.402771 800.000000 0.000000
465.866577 800.000000 0.000000
342.339996 800.000000 0.000000
795.243225 800.000000 0.000000
400.690430 800.000000 0.000000
361.007904 800.000000 0.000000
583.296997 800.000000 0.000000
561.194031 800.000000 0.000000
621.122009 800.000000 0.000000
422.864197 800.000000 0.000000
684.065491 800.000000 0.000000
521.278198 800.000000 0.000000
558.409546 800.000000 0.000000
511.859650 800.000000 0.000000
337.636658 800.000000 0.000000
576.189392 800.000000 0.000000
1335.630005 800.000000 0.000000
469.696533 800.000000 0.000000
522.024170 800.000000 0.000000
678.477905 800.000000 0.000000
501.216064 800.000000 0.000000
482.218536 800.000000 0.000000
404.823669 800.000000 0.000000
440.712860 800.000000 0.000000
532.674194 800.000000 0.000000
2318.441162 800.000000 0.000000
614.900146 800.000000 0.000000
415.562286 800.000000 0.000000
502.876892 800.000000 0.000000
526.121216 800.000000 0.000000
444.194702 800.000000 0.000000
620.221680 800.000000 0.000000
359.220673 800.000000 0.000000
431.515747 800.000000 0.000000
490.315155 800.000000 0.000000
580.211060 800.000000 0.000000
619.286377 800.000000 0.000000
538.736938 800.000000 0.000000
420.898010 800.000000 0.000000
398.589569 800.000000 0.000000
451.372498 800.000000 0.000000
715.348206 800.000000 0.000000
631.678711 800.000000 0.000000
494.239746 800.000000 0.000000
563.573242 800.000000 0.000000
1137.493652 800.000000 0.000000
362.376282 800.000000 0.000000
625.687073 800.000000 0.000000
682.490784 800.000000 0.000000
344.685669 800.000000 0.000000
665.927795 800.000000 0.000000
480.002991 800.000000 0.000000
586.461060 800.000000 0.000000
491.640472 800.000000 0.000000
374.755188 800.000000 0.000000
518.641663 800.000000 0.000000
1364.391602 800.000000 0.000000
305.862488 800.000000 0.000000
696.465637 800.000000 0.000000
393.362335 800.000000 0.000000
1179.814575 800.000000 0.000000
754.143677 800.000000 0.000000
463.797333 800.000000 0.000000
666.706848 800.000000 0.000000
945.429871 800.000000 0.000000
426.154724 800.000000 0.000000
1184.053101 800.000000 0.000000
444.532928 800.000000 0.000000
450.887909 800.000000 0.000000
1364.972412 800.000000 0.000000
611.958130 800.000000 0.000000
462.753326 800.000000 0.000000
306.951996 800.000000 0.000000
691.546814 800.000000 0.000000
558.556030 800.000000 0.000000
389.732544 800.000000 0.000000
388.921631 800.000000 0.000000
443.620941 800.000000 0.000000
535.583557 800.000000 0.000000
536.982422 800.000000 0.000000
472.379913 800.000000 0.000000
473.063416 800.000000 0.000000
1151.146729 800.000000 0.000000
824.455933 800.000000 0.000000
669.218018 800.000000 0.000000
425.898865 800.000000 0.000000
573.894287 800.000000 0.000000
556.428345 800.000000 0.000000
443.071472 800.000000 0.000000
621.369446 800.000000 0.000000
925.570068 800.000000 0.000000
765.567749 800.000000 0.000000
410.272858 800.000000 0.000000
421.579803 800.000000 0.000000
617.544067 800.000000 0.000000
544.190674 800.000000 0.000000
569.198730 800.000000 0.000000
470.248749 800.000000 0.000000
432.546448 800.000000 0.000000
518.832520 800.000000 0.000000
808.969482 800.000000 0.000000
312.707886 800.000000 0.000000
345.066833 800.000000 0.000000
501.985138 800.000000 0.000000
498.309143 800.000000 0.000000
638.832458 800.000000 0.000000
602.455688 800.000000 0.000000
413.717957 800.000000 0.000000
1273.526611 800.000000 0.000000
376.260681 800.000000 0.000000
491.876678 800.000000 0.000000
524.454834 800.000000 0.000000
355.590576 800.000000 0.000000
715.854431 800.000000 0.000000
686.589233 800.000000 0.000000
545.529785 800.000000 0.000000
437.864655 800.000000 0.000000
618.686218 800.000000 0.000000
914.375061 800.000000 0.000000
461.384918 800.000000 0.000000
570.384155 800.000000 0.000000
558.329102 800.000000 0.000000
398.602875 800.000000 0.000000
746.414185 800.000000 0.000000
626.096680 800.000000 0.000000
470.455261 800.000000 0.000000
408.809753 800.000000 0.000000
522.725769 800.000000 0.000000
490.356384 800.000000 0.000000
1243.846924 800.000000 0.000000
455.569122 800.000000 0.000000
1730.565430 800.000000 0.000000
556.660400 800.000000 0.000000
567.142761 800.000000 0.000000
547.179199 800.000000 0.000000
336.440277 800.000000 0.000000
368.852661 800.000000 0.000000
781.387634 800.000000 0.000000
632.628906 800.000000 0.000000
959.204407 800.000000 0.000000
472.154877 800.000000 0.000000
784.967957 800.000000 0.000000
669.834412 800.000000 0.000000
1130.988159 800.000000 0.000000
424.862030 800.000000 0.000000
606.408020 800.000000 0.000000
378.536926 800.000000 0.000000
599.574951 800.000000 0.000000
592.352112 800.000000 0.000000
509.617493 800.000000 0.000000
572.569519 800.000000 0.000000
463.885437 800.000000 0.000000
456.520111 800.000000 0.000000
578.068970 800.000000 0.000000
1384.070801 800.000000 0.000000
527.697998 800.000000 0.000000
714.178528 800.000000 0.000000
326.450043 800.000000 0.000000
513.660706 800.000000 0.000000
974.678040 800.000000 0.000000
512.555664 800.000000 0.000000
393.617188 800.000000 0.000000
802.356018 800.000000 0.000000
414.059448 800.000000 0.000000
440.743591 800.000000 0.000000
730.033508 800.000000 0.000000
503.341553 800.000000 0.000000
375.592285 800.000000 0.000000
447.049866 800.000000 0.000000
514.021118 800.000000 0.000000
655.876892 800.000000 0.000000
899.311462 800.000000 0.000000
288.288025 800.000000 0.000000
1104.638916 800.000000 0.000000
682.167542 800.000000 0.000000
389.307861 800.000000 0.000000
512.203674 800.000000 0.000000
1251.732910 800.000000 0.000000
1156.826904 800.000000 0.000000
339.189331 800.000000 0.000000
561.202942 800.000000 0.000000
765.759277 800.000000 0.000000
478.645477 800.000000 0.000000
520.502136 800.000000 0.000000
500.079956 800.000000 0.000000
358.791168 800.000000 0.000000
882.099182 800.000000 0.000000
498.405396 800.000000 0.000000
483.562714 800.000000 0.000000
412.237091 800.000000 0.000000
438.946686 800.000000 0.000000
456.145844 800.000000 0.000000
543.102295 800.000000 0.000000
426.279602 800.000000 0.000000
702.724243 800.000000 0.000000
452.503113 800.000000 0.000000
719.715942 800.000000 0.000000
557.553284 800.000000 0.000000
872.820618 800.000000 0.000000
570.192200 800.000000 0.000000
667.427612 800.000000 0.000000
406.538422 800.000000 0.000000
404.323792 800.000000 0.000000
648.068359 800.000000 0.000000
568.720947 800.000000 0.000000
684.548706 800.000000 0.000000
442.892365 800.000000 0.000000
1045.306519 800.000000 0.000000
741.975098 800.000000 0.000000
421.231171 800.000000 0.000000
979.280579 800.000000 0.000000
1140.073608 800.000000 0.000000
446.928558 800.000000 0.000000
832.888245 800.000000 0.000000
839.372070 800.000000 0.000000
844.506104 800.000000 0.000000
462.741180 800.000000 0.000000
459.375824 800.000000 0.000000
560.675903 800.000000 0.000000
501.224152 800.000000 0.000000
518.903870 800.000000 0.000000
538.587830 800.000000 0.000000
523.051514 800.000000 0.000000
353.759552 800.000000 0.000000
385.070953 800.000000 0.000000
899.678528 800.000000 0.000000
1085.541626 800.000000 0.000000
1291.213745 800.000000 0.000000
350.004639 800.000000 0.000000
666.837952 800.000000 0.000000
513.909729 800.000000 0.000000
617.434753 800.000000 0.000000
463.051483 800.000000 0.000000
585.221008 800.000000 0.000000
463.514587 800.000000 0.000000
447.374054 800.000000 0.000000
276.237854 800.000000 0.000000
333.755463 800.000000 0.000000
486.485168 800.000000 0.000000
506.047485 800.000000 0.000000
389.464966 800.000000 0.000000
543.452515 800.000000 0.000000
611.520874 800.000000 0.000000
404.133972 800.000000 0.000000
767.890564 800.000000 0.000000
484.019348 800.000000 0.000000
703.579956 800.000000 0.000000
678.124878 800.000000 0.000000
446.013550 800.000000 0.000000
455.206207 800.000000 0.000000
472.284454 800.000000 0.000000
962.844360 800.000000 0.000000
1069.763794 800.000000 0.000000
567.446045 800.000000 0.000000
1009.193848 800.000000 0.000000
349.118500 800.000000 0.000000
522.625488 800.000000 0.000000
521.348022 800.000000 0.000000
489.097748 800.000000 0.000000
470.148438 800.000000 0.000000
792.171509 800.000000 0.000000
1312.393555 800.000000 0.000000
371.464630 800.000000 0.000000
1752.150024 800.000000 0.000000
287.281555 800.000000 0.000000
331.364471 800.000000 0.000000
347.124084 800.000000 0.000000
433.607483 800.000000 0.000000
629.803162 800.000000 0.000000
418.694916 800.000000 0.000000
403.052185 800.000000 0.000000
474.112610 800.000000 0.000000
433.289856 800.000000 0.000000
304.423615 800.000000 0.000000
970.195618 800.000000 0.000000
492.225098 800.000000 0.000000
909.237976 800.000000 0.000000
817.713745 800.000000 0.000000
569.703491 800.000000 0.000000
403.252563 800.000000 0.000000
1165.838013 800.000000 0.000000
578.253235 800.000000 0.000000
510.894592 800.000000 0.000000
463.457825 800.000000 0.000000
558.717957 800.000000 0.000000
876.437927 800.000000 0.000000
1354.699341 800.000000 0.000000
1245.229614 800.000000 0.000000
454.539642 800.000000 0.000000
539.874512 800.000000 0.000000
743.274597 800.000000 0.000000
374.443665 800.000000 0.000000
657.104980 800.000000 0.000000
326.653534 800.000000 0.000000
346.710907 800.000000 0.000000
503.119751 800.000000 0.000000
478.906738 800.000000 0.000000
368.337585 800.000000 0.000000
568.702332 800.000000 0.000000
550.521423 800.000000 0.000000
359.736389 800.000000 0.000000
377.048004 800.000000 0.000000
695.668701 800.000000 0.000000
611.372742 800.000000 0.000000
539.136841 800.000000 0.000000
640.016663 800.000000 0.000000
536.636658 800.000000 0.000000
541.145325 800.000000 0.000000
423.529236 800.000000 0.000000
964.053711 800.000000 0.000000
375.334106 800.000000 0.000000
375.850098 800.000000 0.000000
630.529724 800.000000 0.000000
931.890808 800.000000 0.000000
421.072388 800.000000 0.000000
469.983582 800.000000 0.000000
577.447815 800.000000 0.000000
343.449585 800.000000 0.000000
