4998.708745 500.000000 0.000000
814.549377 500.000000 0.000000
1413.089026 500.000000 0.000000
4736.005410 500.000000 0.000000
1158.282714 500.000000 0.000000
2424.868072 500.000000 0.000000
4787.384783 500.000000 0.000000
3721.526716 500.000000 0.000000
2700.218292 500.000000 0.000000
3699.764907 500.000000 0.000000
3799.718991 500.000000 0.000000
3293.183072 500.000000 0.000000
1578.188108 500.000000 0.000000
4022.015074 500.000000 0.000000
2598.360576 500.000000 0.000000
842.862109 500.000000 0.000000
2377.648652 500.000000 0.000000
1961.569970 500.000000 0.000000
1108.338436 500.000000 0.000000
1065.952295 500.000000 0.000000
151.676021 500.000000 0.000000
1667.696249 500.000000 0.000000
970.744253 500.000000 0.000000
4718.583904 500.000000 0.000000
2899.658375 500.000000 0.000000
4491.524289 500.000000 0.000000
3327.819657 500.000000 0.000000
2493.051549 500.000000 0.000000
2803.141286 500.000000 0.000000
911.423228 500.000000 0.000000
1482.627654 500.000000 0.000000
587.044667 500.000000 0.000000
314.588329 500.000000 0.000000
3240.627873 500.000000 0.000000
3627.092643 500.000000 0.000000
3185.655791 500.000000 0.000000
3569.425312 500.000000 0.000000
497.881216 500.000000 0.000000
3496.335981 500.000000 0.000000
539.062349 500.000000 0.000000
646.213756 500.000000 0.000000
2512.015193 500.000000 0.000000
1038.899532 500.000000 0.000000
1444.551529 500.000000 0.000000
415.873972 500.000000 0.000000
640.621077 500.000000 0.000000
2736.857055 500.000000 0.000000
411.597998 500.000000 0.000000
1460.707133 500.000000 0.000000
4458.118685 500.000000 0.000000
1135.589195 500.000000 0.000000
2159.227313 500.000000 0.000000
703.665004 500.000000 0.000000
2001.960675 500.000000 0.000000
3434.734505 500.000000 0.000000
853.354553 500.000000 0.000000
2204.104338 500.000000 0.000000
226.682825 500.000000 0.000000
1556.482069 500.000000 0.000000
2530.905257 500.000000 0.000000
912.054200 500.000000 0.000000
2555.160077 500.000000 0.000000
3703.941026 500.000000 0.000000
1829.943134 500.000000 0.000000
804.044184 500.000000 0.000000
2300.533926 500.000000 0.000000
3139.182358 500.000000 0.000000
3388.018440 500.000000 0.000000
3490.982613 500.000000 0.000000
2392.684339 500.000000 0.000000
450.537971 500.000000 0.000000
1693.642609 500.000000 0.000000
476.068984 500.000000 0.000000
2182.709819 500.000000 0.000000
2373.366762 500.000000 0.000000
2096.229632 500.000000 0.000000
3887.684260 500.000000 0.000000
3123.052823 500.000000 0.000000
4902.182749 500.000000 0.000000
1852.151006 500.000000 0.000000
4154.063181 500.000000 0.000000
704.032237 500.000000 0.000000
3720.426537 500.000000 0.000000
4148.698399 500.000000 0.000000
1955.521592 500.000000 0.000000
3109.781960 500.000000 0.000000
1733.497388 500.000000 0.000000
230.847623 500.000000 0.000000
3065.331607 500.000000 0.000000
2836.870240 500.000000 0.000000
2494.470129 500.000000 0.000000
3619.010394 500.000000 0.000000
722.752624 500.000000 0.000000
211.515817 500.000000 0.000000
1553.935113 500.000000 0.000000
608.205769 500.000000 0.000000
1210.348355 500.000000 0.000000
1905.294277 500.000000 0.000000
2200.642686 500.000000 0.000000
2998.979508 500.000000 0.000000
3222.873270 500.000000 0.000000
2163.131083 500.000000 0.000000
2779.841310 500.000000 0.000000
3584.205840 500.000000 0.000000
3211.812574 500.000000 0.000000
3428.883627 500.000000 0.000000
480.790731 500.000000 0.000000
614.667318 500.000000 0.000000
284.987076 500.000000 0.000000
4100.360222 500.000000 0.000000
627.696429 500.000000 0.000000
1578.725354 500.000000 0.000000
902.834624 500.000000 0.000000
711.136097 500.000000 0.000000
3322.148066 500.000000 0.000000
3425.946115 500.000000 0.000000
955.009663 500.000000 0.000000
2181.715093 500.000000 0.000000
4822.296123 500.000000 0.000000
4340.817952 500.000000 0.000000
654.399827 500.000000 0.000000
2422.211398 500.000000 0.000000
1873.272256 500.000000 0.000000
4502.375611 500.000000 0.000000
893.283935 500.000000 0.000000
3398.175653 500.000000 0.000000
3114.371550 500.000000 0.000000
4918.279748 500.000000 0.000000
2203.573899 500.000000 0.000000
4023.686387 500.000000 0.000000
4974.225304 500.000000 0.000000
2707.754807 500.000000 0.000000
1279.527277 500.000000 0.000000
3194.728177 500.000000 0.000000
2879.551352 500.000000 0.000000
1293.607098 500.000000 0.000000
957.965006 500.000000 0.000000
2228.315234 500.000000 0.000000
746.332547 500.000000 0.000000
4983.618446 500.000000 0.000000
608.811111 500.000000 0.000000
3257.696398 500.000000 0.000000
138.975489 500.000000 0.000000
1949.888011 500.000000 0.000000
4139.565220 500.000000 0.000000
1419.069536 500.000000 0.000000
3051.018218 500.000000 0.000000
1182.063748 500.000000 0.000000
2054.105251 500.000000 0.000000
3388.573083 500.000000 0.000000
4235.632941 500.000000 0.000000
3246.281139 500.000000 0.000000
406.913256 500.000000 0.000000
604.152418 500.000000 0.000000
2395.996321 500.000000 0.000000
3889.391788 500.000000 0.000000
2359.888505 500.000000 0.000000
4716.687554 500.000000 0.000000
4904.004962 500.000000 0.000000
1672.773653 500.000000 0.000000
1013.339619 500.000000 0.000000
1714.206170 500.000000 0.000000
3267.721222 500.000000 0.000000
3413.793984 500.000000 0.000000
3049.680699 500.000000 0.000000
499.635515 500.000000 0.000000
3831.274905 500.000000 0.000000
3677.907641 500.000000 0.000000
1205.695700 500.000000 0.000000
1315.893556 500.000000 0.000000
4804.349493 500.000000 0.000000
2116.978683 500.000000 0.000000
1680.290729 500.000000 0.000000
1.247489 500.000000 0.000000
4344.205083 500.000000 0.000000
18.765752 500.000000 0.000000
829.231553 500.000000 0.000000
59.104206 500.000000 0.000000
3032.275368 500.000000 0.000000
3649.860095 500.000000 0.000000
3069.122785 500.000000 0.000000
4828.840921 500.000000 0.000000
2485.491306 500.000000 0.000000
2649.427014 500.000000 0.000000
2308.037659 500.000000 0.000000
3565.168503 500.000000 0.000000
2899.798838 500.000000 0.000000
3414.012777 500.000000 0.000000
4769.607570 500.000000 0.000000
118.276018 500.000000 0.000000
1400.550734 500.000000 0.000000
4347.631767 500.000000 0.000000
1496.666369 500.000000 0.000000
1597.768017 500.000000 0.000000
1504.758544 500.000000 0.000000
4705.557432 500.000000 0.000000
4240.635319 500.000000 0.000000
3766.730647 500.000000 0.000000
2691.220436 500.000000 0.000000
2042.406907 500.000000 0.000000
1061.856580 500.000000 0.000000
380.702011 500.000000 0.000000
1449.674541 500.000000 0.000000
98.909169 500.000000 0.000000
1206.239497 500.000000 0.000000
1923.095824 500.000000 0.000000
2274.534432 500.000000 0.000000
1869.912605 500.000000 0.000000
2200.943980 500.000000 0.000000
589.484039 500.000000 0.000000
4027.149223 500.000000 0.000000
824.463207 500.000000 0.000000
1412.649682 500.000000 0.000000
863.426997 500.000000 0.000000
4679.211648 500.000000 0.000000
3404.765298 500.000000 0.000000
668.483694 500.000000 0.000000
1273.806114 500.000000 0.000000
1997.224380 500.000000 0.000000
1846.176825 500.000000 0.000000
3631.809459 500.000000 0.000000
1389.187297 500.000000 0.000000
3467.845520 500.000000 0.000000
2501.773444 500.000000 0.000000
592.027691 500.000000 0.000000
756.516675 500.000000 0.000000
3407.234714 500.000000 0.000000
3603.329592 500.000000 0.000000
4898.234695 500.000000 0.000000
3483.895556 500.000000 0.000000
2786.050362 500.000000 0.000000
3404.107409 500.000000 0.000000
4776.760249 500.000000 0.000000
2991.044782 500.000000 0.000000
3852.269476 500.000000 0.000000
4567.987428 500.000000 0.000000
3294.793246 500.000000 0.000000
3354.873067 500.000000 0.000000
2890.925877 500.000000 0.000000
4765.196451 500.000000 0.000000
814.617290 500.000000 0.000000
1675.284930 500.000000 0.000000
4759.123520 500.000000 0.000000
548.308218 500.000000 0.000000
3096.511515 500.000000 0.000000
4784.083712 500.000000 0.000000
4926.215471 500.000000 0.000000
353.688744 500.000000 0.000000
2511.651950 500.000000 0.000000
3403.606130 500.000000 0.000000
2766.600328 500.000000 0.000000
2935.027907 500.000000 0.000000
3458.102808 500.000000 0.000000
2313.239549 500.000000 0.000000
2871.271468 500.000000 0.000000
364.450440 500.000000 0.000000
3191.332591 500.000000 0.000000
1938.786441 500.000000 0.000000
1104.801086 500.000000 0.000000
11.159012 500.000000 0.000000
2478.283877 500.000000 0.000000
956.582616 500.000000 0.000000
111.325040 500.000000 0.000000
4517.945104 500.000000 0.000000
3693.140877 500.000000 0.000000
2222.654449 500.000000 0.000000
2088.511216 500.000000 0.000000
3804.305611 500.000000 0.000000
2188.766111 500.000000 0.000000
954.914307 500.000000 0.000000
2885.564812 500.000000 0.000000
663.441715 500.000000 0.000000
1589.121735 500.000000 0.000000
2434.582451 500.000000 0.000000
4695.455346 500.000000 0.000000
4669.731404 500.000000 0.000000
368.300675 500.000000 0.000000
3062.181476 500.000000 0.000000
2573.743622 500.000000 0.000000
3123.317908 500.000000 0.000000
653.226310 500.000000 0.000000
3226.052204 500.000000 0.000000
670.742752 500.000000 0.000000
3264.629840 500.000000 0.000000
1326.050046 500.000000 0.000000
1909.026343 500.000000 0.000000
2951.075302 500.000000 0.000000
3348.520411 500.000000 0.000000
2771.662400 500.000000 0.000000
97.523801 500.000000 0.000000
921.734812 500.000000 0.000000
4955.902311 500.000000 0.000000
2868.388819 500.000000 0.000000
3188.810427 500.000000 0.000000
2974.287989 500.000000 0.000000
2576.223441 500.000000 0.000000
1653.467546 500.000000 0.000000
1983.712248 500.000000 0.000000
4419.827402 500.000000 0.000000
3857.426330 500.000000 0.000000
2995.376904 500.000000 0.000000
123.633149 500.000000 0.000000
61.293948 500.000000 0.000000
3492.261597 500.000000 0.000000
1329.955045 500.000000 0.000000
3683.503607 500.000000 0.000000
4999.863094 500.000000 0.000000
3748.961578 500.000000 0.000000
2424.777945 500.000000 0.000000
4118.502643 500.000000 0.000000
3113.885449 500.000000 0.000000
4512.560470 500.000000 0.000000
282.525644 500.000000 0.000000
3695.386946 500.000000 0.000000
1880.881099 500.000000 0.000000
184.003825 500.000000 0.000000
3880.991093 500.000000 0.000000
4186.770931 500.000000 0.000000
1725.409651 500.000000 0.000000
409.213238 500.000000 0.000000
1113.107724 500.000000 0.000000
762.381593 500.000000 0.000000
2005.885977 500.000000 0.000000
2658.063041 500.000000 0.000000
4058.533009 500.000000 0.000000
203.887831 500.000000 0.000000
589.445041 500.000000 0.000000
2875.949827 500.000000 0.000000
4161.811038 500.000000 0.000000
1023.209264 500.000000 0.000000
1193.608865 500.000000 0.000000
4984.643498 500.000000 0.000000
1292.952978 500.000000 0.000000
4460.279838 500.000000 0.000000
4234.298941 500.000000 0.000000
1532.918531 500.000000 0.000000
166.812459 500.000000 0.000000
3532.102492 500.000000 0.000000
968.078041 500.000000 0.000000
2544.890688 500.000000 0.000000
107.725734 500.000000 0.000000
3363.663966 500.000000 0.000000
4067.812222 500.000000 0.000000
4036.420260 500.000000 0.000000
2407.634216 500.000000 0.000000
2687.595476 500.000000 0.000000
3904.243031 500.000000 0.000000
1679.244541 500.000000 0.000000
3496.296856 500.000000 0.000000
2129.276497 500.000000 0.000000
4126.203316 500.000000 0.000000
4728.068459 500.000000 0.000000
2774.206251 500.000000 0.000000
3552.475942 500.000000 0.000000
1891.801829 500.000000 0.000000
3241.693653 500.000000 0.000000
228.363584 500.000000 0.000000
777.386617 500.000000 0.000000
4426.769838 500.000000 0.000000
3607.828623 500.000000 0.000000
4808.336007 500.000000 0.000000
2151.504426 500.000000 0.000000
660.156769 500.000000 0.000000
2196.656044 500.000000 0.000000
2335.938681 500.000000 0.000000
2050.416083 500.000000 0.000000
1385.983555 500.000000 0.000000
1392.547796 500.000000 0.000000
4773.104029 500.000000 0.000000
4021.787457 500.000000 0.000000
4842.552331 500.000000 0.000000
4998.613957 500.000000 0.000000
4735.801416 500.000000 0.000000
1242.755688 500.000000 0.000000
33.524930 500.000000 0.000000
2223.636576 500.000000 0.000000
3370.243891 500.000000 0.000000
2482.401804 500.000000 0.000000
105.046250 500.000000 0.000000
4158.816109 500.000000 0.000000
542.729261 500.000000 0.000000
465.758197 500.000000 0.000000
4451.028202 500.000000 0.000000
2229.726053 500.000000 0.000000
4534.533842 500.000000 0.000000
2770.199105 500.000000 0.000000
3797.171747 500.000000 0.000000
4077.756919 500.000000 0.000000
2664.842514 500.000000 0.000000
275.675731 500.000000 0.000000
269.928271 500.000000 0.000000
4495.940951 500.000000 0.000000
734.536869 500.000000 0.000000
2413.236571 500.000000 0.000000
336.514905 500.000000 0.000000
1405.809323 500.000000 0.000000
4664.245826 500.000000 0.000000
2536.589665 500.000000 0.000000
2822.515072 500.000000 0.000000
4003.566001 500.000000 0.000000
3229.437494 500.000000 0.000000
1546.097489 500.000000 0.000000
239.033033 500.000000 0.000000
1259.829149 500.000000 0.000000
3569.405711 500.000000 0.000000
3354.970086 500.000000 0.000000
3026.428799 500.000000 0.000000
741.359496 500.000000 0.000000
3976.251748 500.000000 0.000000
3326.386766 500.000000 0.000000
4271.510214 500.000000 0.000000
4052.668384 500.000000 0.000000
355.719919 500.000000 0.000000
343.967839 500.000000 0.000000
4452.332866 500.000000 0.000000
3790.229784 500.000000 0.000000
351.552936 500.000000 0.000000
4260.472390 500.000000 0.000000
3876.784508 500.000000 0.000000
3424.476013 500.000000 0.000000
1172.763936 500.000000 0.000000
2307.878472 500.000000 0.000000
4682.177287 500.000000 0.000000
3324.732095 500.000000 0.000000
2298.397949 500.000000 0.000000
4439.117552 500.000000 0.000000
2873.111303 500.000000 0.000000
150.843117 500.000000 0.000000
3836.773604 500.000000 0.000000
1727.392776 500.000000 0.000000
3045.615717 500.000000 0.000000
1087.714352 500.000000 0.000000
3218.802804 500.000000 0.000000
2856.963243 500.000000 0.000000
4011.555244 500.000000 0.000000
4811.677736 500.000000 0.000000
2008.849279 500.000000 0.000000
4982.767090 500.000000 0.000000
3729.729058 500.000000 0.000000
2242.055917 500.000000 0.000000
1978.921402 500.000000 0.000000
616.949630 500.000000 0.000000
2663.074564 500.000000 0.000000
4166.898011 500.000000 0.000000
4588.365648 500.000000 0.000000
4128.037833 500.000000 0.000000
2229.576998 500.000000 0.000000
1335.681006 500.000000 0.000000
3321.994498 500.000000 0.000000
3834.303471 500.000000 0.000000
3329.841375 500.000000 0.000000
2519.775525 500.000000 0.000000
4175.768509 500.000000 0.000000
3112.026893 500.000000 0.000000
2287.694591 500.000000 0.000000
2774.916389 500.000000 0.000000
1829.068550 500.000000 0.000000
3281.511156 500.000000 0.000000
4585.193347 500.000000 0.000000
1380.272957 500.000000 0.000000
606.072207 500.000000 0.000000
4830.891270 500.000000 0.000000
3487.195042 500.000000 0.000000
2217.738947 500.000000 0.000000
3150.979121 500.000000 0.000000
1841.733374 500.000000 0.000000
1190.959781 500.000000 0.000000
1501.369103 500.000000 0.000000
3551.660859 500.000000 0.000000
237.374190 500.000000 0.000000
2462.627217 500.000000 0.000000
406.269899 500.000000 0.000000
610.083910 500.000000 0.000000
4965.510900 500.000000 0.000000
1775.455136 500.000000 0.000000
3824.318653 500.000000 0.000000
4520.497714 500.000000 0.000000
1980.548063 500.000000 0.000000
4085.674281 500.000000 0.000000
1744.871108 500.000000 0.000000
1330.968168 500.000000 0.000000
1837.509788 500.000000 0.000000
3761.581066 500.000000 0.000000
2939.000119 500.000000 0.000000
2447.105474 500.000000 0.000000
3367.370304 500.000000 0.000000
1641.480696 500.000000 0.000000
4269.729196 500.000000 0.000000
4161.903682 500.000000 0.000000
797.943432 500.000000 0.000000
1612.055108 500.000000 0.000000
4750.868536 500.000000 0.000000
476.883560 500.000000 0.000000
1155.099276 500.000000 0.000000
4303.038762 500.000000 0.000000
1798.135961 500.000000 0.000000
4924.218495 500.000000 0.000000
159.878340 500.000000 0.000000
4143.249572 500.000000 0.000000
2584.047448 500.000000 0.000000
2447.039618 500.000000 0.000000
4819.886490 500.000000 0.000000
4800.658695 500.000000 0.000000
3409.083955 500.000000 0.000000
4303.940844 500.000000 0.000000
2279.146408 500.000000 0.000000
1661.953279 500.000000 0.000000
295.749021 500.000000 0.000000
2261.229884 500.000000 0.000000
1086.771080 500.000000 0.000000
1728.037200 500.000000 0.000000
2749.859967 500.000000 0.000000
1588.111258 500.000000 0.000000
4464.882213 500.000000 0.000000
2450.227252 500.000000 0.000000
1282.395048 500.000000 0.000000
4844.993191 500.000000 0.000000
4553.182324 500.000000 0.000000
1133.587989 500.000000 0.000000
1639.142861 500.000000 0.000000
1433.510450 500.000000 0.000000
712.575272 500.000000 0.000000
496.408696 500.000000 0.000000
961.662045 500.000000 0.000000
1541.884346 500.000000 0.000000
4357.079795 500.000000 0.000000
1955.743929 500.000000 0.000000
3943.304410 500.000000 0.000000
1004.080203 500.000000 0.000000
4932.379795 500.000000 0.000000
4414.310629 500.000000 0.000000
549.312255 500.000000 0.000000
1771.416275 500.000000 0.000000
2778.713410 500.000000 0.000000
3453.492289 500.000000 0.000000
3219.078761 500.000000 0.000000
1815.521425 500.000000 0.000000
394.313555 500.000000 0.000000
1004.102069 500.000000 0.000000
3584.867651 500.000000 0.000000
3721.768729 500.000000 0.000000
3838.182151 500.000000 0.000000
1227.212253 500.000000 0.000000
3340.045596 500.000000 0.000000
4434.946886 500.000000 0.000000
1834.249654 500.000000 0.000000
2657.783140 500.000000 0.000000
2514.219894 500.000000 0.000000
1572.718348 500.000000 0.000000
3112.706821 500.000000 0.000000
99.519291 500.000000 0.000000
3381.775672 500.000000 0.000000
2149.093108 500.000000 0.000000
1164.176059 500.000000 0.000000
4938.097285 500.000000 0.000000
1532.860677 500.000000 0.000000
2473.185188 500.000000 0.000000
3743.074466 500.000000 0.000000
4459.217804 500.000000 0.000000
226.427480 500.000000 0.000000
2137.805360 500.000000 0.000000
1134.892212 500.000000 0.000000
2420.364926 500.000000 0.000000
823.228150 500.000000 0.000000
449.037441 500.000000 0.000000
1921.318687 500.000000 0.000000
119.177361 500.000000 0.000000
1648.672734 500.000000 0.000000
2656.153679 500.000000 0.000000
2383.416804 500.000000 0.000000
4387.412368 500.000000 0.000000
2277.508138 500.000000 0.000000
2486.512475 500.000000 0.000000
1980.921503 500.000000 0.000000
4430.623640 500.000000 0.000000
3680.350460 500.000000 0.000000
544.587976 500.000000 0.000000
1989.609511 500.000000 0.000000
4212.875105 500.000000 0.000000
4131.001600 500.000000 0.000000
4683.275827 500.000000 0.000000
1227.948051 500.000000 0.000000
3198.443082 500.000000 0.000000
2466.675155 500.000000 0.000000
367.247534 500.000000 0.000000
3900.690506 500.000000 0.000000
210.560616 500.000000 0.000000
3505.582383 500.000000 0.000000
4702.616334 500.000000 0.000000
3502.740852 500.000000 0.000000
3883.801359 500.000000 0.000000
963.712904 500.000000 0.000000
34.626344 500.000000 0.000000
4214.918128 500.000000 0.000000
4596.620882 500.000000 0.000000
1210.416344 500.000000 0.000000
950.503370 500.000000 0.000000
3675.423195 500.000000 0.000000
822.611594 500.000000 0.000000
4951.532250 500.000000 0.000000
4914.239699 500.000000 0.000000
3285.847694 500.000000 0.000000
93.868221 500.000000 0.000000
3797.982412 500.000000 0.000000
1787.838053 500.000000 0.000000
2545.081719 500.000000 0.000000
3694.498405 500.000000 0.000000
2839.615818 500.000000 0.000000
1445.283170 500.000000 0.000000
2075.085702 500.000000 0.000000
4905.272806 500.000000 0.000000
1829.422395 500.000000 0.000000
2589.391307 500.000000 0.000000
4221.045109 500.000000 0.000000
4840.613264 500.000000 0.000000
1294.472642 500.000000 0.000000
2391.552204 500.000000 0.000000
2186.704932 500.000000 0.000000
1896.990003 500.000000 0.000000
1015.409419 500.000000 0.000000
2754.103742 500.000000 0.000000
1277.713613 500.000000 0.000000
2750.490153 500.000000 0.000000
4352.389695 500.000000 0.000000
1206.151068 500.000000 0.000000
785.541188 500.000000 0.000000
1091.304137 500.000000 0.000000
581.388687 500.000000 0.000000
3745.091377 500.000000 0.000000
791.453293 500.000000 0.000000
2381.769533 500.000000 0.000000
2726.636617 500.000000 0.000000
4394.890607 500.000000 0.000000
85.721085 500.000000 0.000000
2714.909937 500.000000 0.000000
1590.090408 500.000000 0.000000
3944.026714 500.000000 0.000000
4358.606871 500.000000 0.000000
3692.452047 500.000000 0.000000
461.665073 500.000000 0.000000
1506.993215 500.000000 0.000000
3185.516432 500.000000 0.000000
2857.821357 500.000000 0.000000
3564.051710 500.000000 0.000000
3221.446211 500.000000 0.000000
1152.380039 500.000000 0.000000
4858.477932 500.000000 0.000000
4830.797141 500.000000 0.000000
1459.419543 500.000000 0.000000
876.429089 500.000000 0.000000
1564.412761 500.000000 0.000000
4923.256399 500.000000 0.000000
2841.956771 500.000000 0.000000
4222.342819 500.000000 0.000000
722.169540 500.000000 0.000000
2299.703048 500.000000 0.000000
3039.489526 500.000000 0.000000
920.613526 500.000000 0.000000
1714.027465 500.000000 0.000000
3032.164988 500.000000 0.000000
4190.982927 500.000000 0.000000
930.942589 500.000000 0.000000
151.372345 500.000000 0.000000
1536.959289 500.000000 0.000000
626.430145 500.000000 0.000000
1351.974824 500.000000 0.000000
4370.807403 500.000000 0.000000
1852.547787 500.000000 0.000000
4471.166850 500.000000 0.000000
2039.978369 500.000000 0.000000
4409.392343 500.000000 0.000000
3239.756192 500.000000 0.000000
1184.933637 500.000000 0.000000
2644.036679 500.000000 0.000000
1468.657712 500.000000 0.000000
471.602126 500.000000 0.000000
4672.693129 500.000000 0.000000
608.396662 500.000000 0.000000
1748.408802 500.000000 0.000000
335.134289 500.000000 0.000000
3210.983846 500.000000 0.000000
3462.235688 500.000000 0.000000
1674.633666 500.000000 0.000000
1871.220968 500.000000 0.000000
1569.425256 500.000000 0.000000
2693.691473 500.000000 0.000000
492.962615 500.000000 0.000000
2452.571127 500.000000 0.000000
1643.678352 500.000000 0.000000
3548.628968 500.000000 0.000000
4408.490148 500.000000 0.000000
1965.002405 500.000000 0.000000
4271.216365 500.000000 0.000000
2318.882965 500.000000 0.000000
2635.281949 500.000000 0.000000
2466.549462 500.000000 0.000000
1338.921681 500.000000 0.000000
2915.387381 500.000000 0.000000
286.757083 500.000000 0.000000
4796.681842 500.000000 0.000000
3857.085867 500.000000 0.000000
213.592316 500.000000 0.000000
2492.166844 500.000000 0.000000
261.471351 500.000000 0.000000
2807.757248 500.000000 0.000000
4801.809547 500.000000 0.000000
3099.086570 500.000000 0.000000
2643.141841 500.000000 0.000000
3491.175893 500.000000 0.000000
930.810208 500.000000 0.000000
2769.990838 500.000000 0.000000
3330.601458 500.000000 0.000000
763.655243 500.000000 0.000000
4743.750787 500.000000 0.000000
934.128945 500.000000 0.000000
2902.563320 500.000000 0.000000
4255.122208 500.000000 0.000000
534.329218 500.000000 0.000000
3379.308684 500.000000 0.000000
3980.226200 500.000000 0.000000
3288.230515 500.000000 0.000000
46.747619 500.000000 0.000000
1031.337939 500.000000 0.000000
3182.101840 500.000000 0.000000
191.282302 500.000000 0.000000
3388.551251 500.000000 0.000000
3389.589627 500.000000 0.000000
3358.421343 500.000000 0.000000
1981.588580 500.000000 0.000000
3307.985237 500.000000 0.000000
3166.801917 500.000000 0.000000
4810.621194 500.000000 0.000000
4963.557089 500.000000 0.000000
496.724132 500.000000 0.000000
339.466371 500.000000 0.000000
2130.065758 500.000000 0.000000
4735.227511 500.000000 0.000000
3541.630047 500.000000 0.000000
2334.089231 500.000000 0.000000
224.181443 500.000000 0.000000
3742.904608 500.000000 0.000000
3391.853472 500.000000 0.000000
1054.606716 500.000000 0.000000
1992.451531 500.000000 0.000000
4768.377923 500.000000 0.000000
144.511424 500.000000 0.000000
4678.832847 500.000000 0.000000
4234.652368 500.000000 0.000000
3313.800879 500.000000 0.000000
4339.554517 500.000000 0.000000
3261.796618 500.000000 0.000000
2264.024701 500.000000 0.000000
1526.144912 500.000000 0.000000
1760.174935 500.000000 0.000000
1398.217011 500.000000 0.000000
1180.227970 500.000000 0.000000
135.017304 500.000000 0.000000
3260.311943 500.000000 0.000000
3560.001133 500.000000 0.000000
3099.654334 500.000000 0.000000
627.195388 500.000000 0.000000
2263.949817 500.000000 0.000000
4611.657548 500.000000 0.000000
604.221796 500.000000 0.000000
2019.044873 500.000000 0.000000
1301.452230 500.000000 0.000000
3894.218192 500.000000 0.000000
3339.205998 500.000000 0.000000
133.947186 500.000000 0.000000
2456.661504 500.000000 0.000000
4575.304438 500.000000 0.000000
3520.126733 500.000000 0.000000
3141.004265 500.000000 0.000000
2891.692333 500.000000 0.000000
3145.782078 500.000000 0.000000
3652.053245 500.000000 0.000000
3206.591670 500.000000 0.000000
2318.546673 500.000000 0.000000
3071.456196 500.000000 0.000000
1272.353278 500.000000 0.000000
4043.413459 500.000000 0.000000
1144.918652 500.000000 0.000000
2252.389981 500.000000 0.000000
4371.175709 500.000000 0.000000
1013.869529 500.000000 0.000000
2618.555961 500.000000 0.000000
632.591329 500.000000 0.000000
2897.014495 500.000000 0.000000
1309.423352 500.000000 0.000000
1038.845285 500.000000 0.000000
2764.190801 500.000000 0.000000
4256.976820 500.000000 0.000000
2567.972187 500.000000 0.000000
2791.299223 500.000000 0.000000
3330.742677 500.000000 0.000000
4994.873285 500.000000 0.000000
891.370372 500.000000 0.000000
583.698179 500.000000 0.000000
342.127716 500.000000 0.000000
3113.566887 500.000000 0.000000
1572.414752 500.000000 0.000000
4449.139666 500.000000 0.000000
4032.388300 500.000000 0.000000
2149.584745 500.000000 0.000000
2623.477288 500.000000 0.000000
2263.377651 500.000000 0.000000
3153.715607 500.000000 0.000000
2832.972427 500.000000 0.000000
4794.303316 500.000000 0.000000
4540.261432 500.000000 0.000000
3504.491311 500.000000 0.000000
1885.126921 500.000000 0.000000
3418.981129 500.000000 0.000000
990.442311 500.000000 0.000000
3087.003496 500.000000 0.000000
2068.630792 500.000000 0.000000
4117.942083 500.000000 0.000000
3777.889740 500.000000 0.000000
3515.486586 500.000000 0.000000
1821.471389 500.000000 0.000000
4098.934931 500.000000 0.000000
3757.908817 500.000000 0.000000
243.847545 500.000000 0.000000
2642.845016 500.000000 0.000000
3083.740962 500.000000 0.000000
1354.714155 500.000000 0.000000
4004.208733 500.000000 0.000000
1175.871113 500.000000 0.000000
4518.932762 500.000000 0.000000
1294.007846 500.000000 0.000000
956.682062 500.000000 0.000000
62.051710 500.000000 0.000000
4267.069991 500.000000 0.000000
3105.043558 500.000000 0.000000
4279.309656 500.000000 0.000000
700.531005 500.000000 0.000000
4363.439820 500.000000 0.000000
3544.198677 500.000000 0.000000
463.204946 500.000000 0.000000
103.752097 500.000000 0.000000
3913.182592 500.000000 0.000000
150.412618 500.000000 0.000000
2523.053160 500.000000 0.000000
408.110891 500.000000 0.000000
3867.468724 500.000000 0.000000
4362.886408 500.000000 0.000000
4400.156240 500.000000 0.000000
4417.621496 500.000000 0.000000
4362.136641 500.000000 0.000000
2293.611127 500.000000 0.000000
4511.494206 500.000000 0.000000
2739.524759 500.000000 0.000000
279.942176 500.000000 0.000000
2955.899439 500.000000 0.000000
2819.708547 500.000000 0.000000
3880.650379 500.000000 0.000000
1477.848892 500.000000 0.000000
204.268267 500.000000 0.000000
1992.835916 500.000000 0.000000
1411.373101 500.000000 0.000000
4033.581605 500.000000 0.000000
2535.796810 500.000000 0.000000
3440.754823 500.000000 0.000000
2473.320202 500.000000 0.000000
2272.730202 500.000000 0.000000
2107.400456 500.000000 0.000000
196.258664 500.000000 0.000000
455.981016 500.000000 0.000000
1969.076546 500.000000 0.000000
676.865974 500.000000 0.000000
4843.252915 500.000000 0.000000
4058.380554 500.000000 0.000000
1629.827055 500.000000 0.000000
4809.995890 500.000000 0.000000
501.406010 500.000000 0.000000
514.623062 500.000000 0.000000
1536.295452 500.000000 0.000000
1668.410298 500.000000 0.000000
4289.830668 500.000000 0.000000
2614.608681 500.000000 0.000000
3077.500205 500.000000 0.000000
4907.793419 500.000000 0.000000
3987.423693 500.000000 0.000000
994.048371 500.000000 0.000000
2283.520951 500.000000 0.000000
2854.853985 500.000000 0.000000
1074.543482 500.000000 0.000000
3432.166571 500.000000 0.000000
1393.010576 500.000000 0.000000
898.699241 500.000000 0.000000
1987.489731 500.000000 0.000000
814.294675 500.000000 0.000000
4013.108810 500.000000 0.000000
418.229566 500.000000 0.000000
3191.353761 500.000000 0.000000
1154.282592 500.000000 0.000000
2900.471897 500.000000 0.000000
4321.462569 500.000000 0.000000
4663.691436 500.000000 0.000000
4106.965618 500.000000 0.000000
2402.952363 500.000000 0.000000
3181.865079 500.000000 0.000000
907.543279 500.000000 0.000000
2346.002506 500.000000 0.000000
1546.382206 500.000000 0.000000
3344.052156 500.000000 0.000000
3611.705806 500.000000 0.000000
2874.283345 500.000000 0.000000
2639.272565 500.000000 0.000000
4046.157793 500.000000 0.000000
4934.413307 500.000000 0.000000
1619.302480 500.000000 0.000000
3031.982294 500.000000 0.000000
3797.794828 500.000000 0.000000
3954.840901 500.000000 0.000000
349.649071 500.000000 0.000000
2752.327070 500.000000 0.000000
46.491412 500.000000 0.000000
3923.147374 500.000000 0.000000
3445.220572 500.000000 0.000000
4817.940454 500.000000 0.000000
2582.207988 500.000000 0.000000
1785.891523 500.000000 0.000000
2411.684459 500.000000 0.000000
2149.798010 500.000000 0.000000
4981.530737 500.000000 0.000000
3005.880055 500.000000 0.000000
3925.021035 500.000000 0.000000
4852.710606 500.000000 0.000000
2439.272745 500.000000 0.000000
474.633761 500.000000 0.000000
4896.658866 500.000000 0.000000
604.388696 500.000000 0.000000
3151.301681 500.000000 0.000000
971.237698 500.000000 0.000000
1065.408515 500.000000 0.000000
72.993899 500.000000 0.000000
1833.355575 500.000000 0.000000
1700.503887 500.000000 0.000000
3608.931737 500.000000 0.000000
1837.665563 500.000000 0.000000
105.167686 500.000000 0.000000
658.439962 500.000000 0.000000
2933.798379 500.000000 0.000000
3668.023201 500.000000 0.000000
4318.175754 500.000000 0.000000
684.973228 500.000000 0.000000
262.134889 500.000000 0.000000
2031.117042 500.000000 0.000000
1208.284735 500.000000 0.000000
2362.253515 500.000000 0.000000
4361.079896 500.000000 0.000000
2273.596163 500.000000 0.000000
357.895348 500.000000 0.000000
1570.306221 500.000000 0.000000
2464.115571 500.000000 0.000000
3708.605669 500.000000 0.000000
3473.918317 500.000000 0.000000
4914.339359 500.000000 0.000000
1598.740686 500.000000 0.000000
4021.018520 500.000000 0.000000
267.339076 500.000000 0.000000
3730.776741 500.000000 0.000000
1517.374654 500.000000 0.000000
465.407569 500.000000 0.000000
4672.658321 500.000000 0.000000
3734.340931 500.000000 0.000000
500.242357 500.000000 0.000000
3601.482540 500.000000 0.000000
1053.768699 500.000000 0.000000
4815.483748 500.000000 0.000000
3745.947056 500.000000 0.000000
3698.109660 500.000000 0.000000
2550.361636 500.000000 0.000000
436.464932 500.000000 0.000000
3250.102347 500.000000 0.000000
411.824248 500.000000 0.000000
3634.603727 500.000000 0.000000
2663.091327 500.000000 0.000000
3746.529332 500.000000 0.000000
4306.334700 500.000000 0.000000
173.497241 500.000000 0.000000
465.612292 500.000000 0.000000
3276.285476 500.000000 0.000000
4797.589236 500.000000 0.000000
2435.286155 500.000000 0.000000
4299.478724 500.000000 0.000000
423.972105 500.000000 0.000000
3592.708575 500.000000 0.000000
4254.591640 500.000000 0.000000
4094.423908 500.000000 0.000000
3581.372299 500.000000 0.000000
2041.119649 500.000000 0.000000
3182.928350 500.000000 0.000000
2619.193515 500.000000 0.000000
1860.194362 500.000000 0.000000
1767.130484 500.000000 0.000000
2990.245235 500.000000 0.000000
487.434373 500.000000 0.000000
1381.765191 500.000000 0.000000
