4998.708745 900.000000 0.000000
814.549377 900.000000 0.000000
1413.089026 900.000000 0.000000
4736.005410 900.000000 0.000000
1158.282714 900.000000 0.000000
2424.868072 900.000000 0.000000
4787.384783 900.000000 0.000000
3721.526716 900.000000 0.000000
2700.218292 900.000000 0.000000
3699.764907 900.000000 0.000000
3799.718991 900.000000 0.000000
3293.183072 900.000000 0.000000
1578.188108 900.000000 0.000000
4022.015074 900.000000 0.000000
2598.360576 900.000000 0.000000
842.862109 900.000000 0.000000
2377.648652 900.000000 0.000000
1961.569970 900.000000 0.000000
1108.338436 900.000000 0.000000
1065.952295 900.000000 0.000000
151.676021 900.000000 0.000000
1667.696249 900.000000 0.000000
970.744253 900.000000 0.000000
4718.583904 900.000000 0.000000
2899.658375 900.000000 0.000000
4491.524289 900.000000 0.000000
3327.819657 900.000000 0.000000
2493.051549 900.000000 0.000000
2803.141286 900.000000 0.000000
911.423228 900.000000 0.000000
1482.627654 900.000000 0.000000
587.044667 900.000000 0.000000
314.588329 900.000000 0.000000
3240.627873 900.000000 0.000000
3627.092643 900.000000 0.000000
3185.655791 900.000000 0.000000
3569.425312 900.000000 0.000000
497.881216 900.000000 0.000000
3496.335981 900.000000 0.000000
539.062349 900.000000 0.000000
646.213756 900.000000 0.000000
2512.015193 900.000000 0.000000
1038.899532 900.000000 0.000000
1444.551529 900.000000 0.000000
415.873972 900.000000 0.000000
640.621077 900.000000 0.000000
2736.857055 900.000000 0.000000
411.597998 900.000000 0.000000
1460.707133 900.000000 0.000000
4458.118685 900.000000 0.000000
1135.589195 900.000000 0.000000
2159.227313 900.000000 0.000000
703.665004 900.000000 0.000000
2001.960675 900.000000 0.000000
3434.734505 900.000000 0.000000
853.354553 900.000000 0.000000
2204.104338 900.000000 0.000000
226.682825 900.000000 0.000000
1556.482069 900.000000 0.000000
2530.905257 900.000000 0.000000
912.054200 900.000000 0.000000
2555.160077 900.000000 0.000000
3703.941026 900.000000 0.000000
1829.943134 900.000000 0.000000
804.044184 900.000000 0.000000
2300.533926 900.000000 0.000000
3139.182358 900.000000 0.000000
3388.018440 900.000000 0.000000
3490.982613 900.000000 0.000000
2392.684339 900.000000 0.000000
450.537971 900.000000 0.000000
1693.642609 900.000000 0.000000
476.068984 900.000000 0.000000
2182.709819 900.000000 0.000000
2373.366762 900.000000 0.000000
2096.229632 900.000000 0.000000
3887.684260 900.000000 0.000000
3123.052823 900.000000 0.000000
4902.182749 900.000000 0.000000
1852.151006 900.000000 0.000000
4154.063181 900.000000 0.000000
704.032237 900.000000 0.000000
3720.426537 900.000000 0.000000
4148.698399 900.000000 0.000000
1955.521592 900.000000 0.000000
3109.781960 900.000000 0.000000
1733.497388 900.000000 0.000000
230.847623 900.000000 0.000000
3065.331607 900.000000 0.000000
2836.870240 900.000000 0.000000
2494.470129 900.000000 0.000000
3619.010394 900.000000 0.000000
722.752624 900.000000 0.000000
211.515817 900.000000 0.000000
1553.935113 900.000000 0.000000
608.205769 900.000000 0.000000
1210.348355 900.000000 0.000000
1905.294277 900.000000 0.000000
2200.642686 900.000000 0.000000
2998.979508 900.000000 0.000000
3222.873270 900.000000 0.000000
2163.131083 900.000000 0.000000
2779.841310 900.000000 0.000000
3584.205840 900.000000 0.000000
3211.812574 900.000000 0.000000
3428.883627 900.000000 0.000000
480.790731 900.000000 0.000000
614.667318 900.000000 0.000000
284.987076 900.000000 0.000000
4100.360222 900.000000 0.000000
627.696429 900.000000 0.000000
1578.725354 900.000000 0.000000
902.834624 900.000000 0.000000
711.136097 900.000000 0.000000
3322.148066 900.000000 0.000000
3425.946115 900.000000 0.000000
955.009663 900.000000 0.000000
2181.715093 900.000000 0.000000
4822.296123 900.000000 0.000000
4340.817952 900.000000 0.000000
654.399827 900.000000 0.000000
2422.211398 900.000000 0.000000
1873.272256 900.000000 0.000000
4502.375611 900.000000 0.000000
893.283935 900.000000 0.000000
3398.175653 900.000000 0.000000
3114.371550 900.000000 0.000000
4918.279748 900.000000 0.000000
2203.573899 900.000000 0.000000
4023.686387 900.000000 0.000000
4974.225304 900.000000 0.000000
2707.754807 900.000000 0.000000
1279.527277 900.000000 0.000000
3194.728177 900.000000 0.000000
2879.551352 900.000000 0.000000
1293.607098 900.000000 0.000000
957.965006 900.000000 0.000000
2228.315234 900.000000 0.000000
746.332547 900.000000 0.000000
4983.618446 900.000000 0.000000
608.811111 900.000000 0.000000
3257.696398 900.000000 0.000000
138.975489 900.000000 0.000000
1949.888011 900.000000 0.000000
4139.565220 900.000000 0.000000
1419.069536 900.000000 0.000000
3051.018218 900.000000 0.000000
1182.063748 900.000000 0.000000
2054.105251 900.000000 0.000000
3388.573083 900.000000 0.000000
4235.632941 900.000000 0.000000
3246.281139 900.000000 0.000000
406.913256 900.000000 0.000000
604.152418 900.000000 0.000000
2395.996321 900.000000 0.000000
3889.391788 900.000000 0.000000
2359.888505 900.000000 0.000000
4716.687554 900.000000 0.000000
4904.004962 900.000000 0.000000
1672.773653 900.000000 0.000000
1013.339619 900.000000 0.000000
1714.206170 900.000000 0.000000
3267.721222 900.000000 0.000000
3413.793984 900.000000 0.000000
3049.680699 900.000000 0.000000
499.635515 900.000000 0.000000
3831.274905 900.000000 0.000000
3677.907641 900.000000 0.000000
1205.695700 900.000000 0.000000
1315.893556 900.000000 0.000000
4804.349493 900.000000 0.000000
2116.978683 900.000000 0.000000
1680.290729 900.000000 0.000000
1.247489 900.000000 0.000000
4344.205083 900.000000 0.000000
18.765752 900.000000 0.000000
829.231553 900.000000 0.000000
59.104206 900.000000 0.000000
3032.275368 900.000000 0.000000
3649.860095 900.000000 0.000000
3069.122785 900.000000 0.000000
4828.840921 900.000000 0.000000
2485.491306 900.000000 0.000000
2649.427014 900.000000 0.000000
2308.037659 900.000000 0.000000
3565.168503 900.000000 0.000000
2899.798838 900.000000 0.000000
3414.012777 900.000000 0.000000
4769.607570 900.000000 0.000000
118.276018 900.000000 0.000000
1400.550734 900.000000 0.000000
4347.631767 900.000000 0.000000
1496.666369 900.000000 0.000000
1597.768017 900.000000 0.000000
1504.758544 900.000000 0.000000
4705.557432 900.000000 0.000000
4240.635319 900.000000 0.000000
3766.730647 900.000000 0.000000
2691.220436 900.000000 0.000000
2042.406907 900.000000 0.000000
1061.856580 900.000000 0.000000
380.702011 900.000000 0.000000
1449.674541 900.000000 0.000000
98.909169 900.000000 0.000000
1206.239497 900.000000 0.000000
1923.095824 900.000000 0.000000
2274.534432 900.000000 0.000000
1869.912605 900.000000 0.000000
2200.943980 900.000000 0.000000
589.484039 900.000000 0.000000
4027.149223 900.000000 0.000000
824.463207 900.000000 0.000000
1412.649682 900.000000 0.000000
863.426997 900.000000 0.000000
4679.211648 900.000000 0.000000
3404.765298 900.000000 0.000000
668.483694 900.000000 0.000000
1273.806114 900.000000 0.000000
1997.224380 900.000000 0.000000
1846.176825 900.000000 0.000000
3631.809459 900.000000 0.000000
1389.187297 900.000000 0.000000
3467.845520 900.000000 0.000000
2501.773444 900.000000 0.000000
592.027691 900.000000 0.000000
756.516675 900.000000 0.000000
3407.234714 900.000000 0.000000
3603.329592 900.000000 0.000000
4898.234695 900.000000 0.000000
3483.895556 900.000000 0.000000
2786.050362 900.000000 0.000000
3404.107409 900.000000 0.000000
4776.760249 900.000000 0.000000
2991.044782 900.000000 0.000000
3852.269476 900.000000 0.000000
4567.987428 900.000000 0.000000
3294.793246 900.000000 0.000000
3354.873067 900.000000 0.000000
2890.925877 900.000000 0.000000
4765.196451 900.000000 0.000000
814.617290 900.000000 0.000000
1675.284930 900.000000 0.000000
4759.123520 900.000000 0.000000
548.308218 900.000000 0.000000
3096.511515 900.000000 0.000000
4784.083712 900.000000 0.000000
4926.215471 900.000000 0.000000
353.688744 900.000000 0.000000
2511.651950 900.000000 0.000000
3403.606130 900.000000 0.000000
2766.600328 900.000000 0.000000
2935.027907 900.000000 0.000000
3458.102808 900.000000 0.000000
2313.239549 900.000000 0.000000
2871.271468 900.000000 0.000000
364.450440 900.000000 0.000000
3191.332591 900.000000 0.000000
1938.786441 900.000000 0.000000
1104.801086 900.000000 0.000000
11.159012 900.000000 0.000000
2478.283877 900.000000 0.000000
956.582616 900.000000 0.000000
111.325040 900.000000 0.000000
4517.945104 900.000000 0.000000
3693.140877 900.000000 0.000000
2222.654449 900.000000 0.000000
2088.511216 900.000000 0.000000
3804.305611 900.000000 0.000000
2188.766111 900.000000 0.000000
954.914307 900.000000 0.000000
2885.564812 900.000000 0.000000
663.441715 900.000000 0.000000
1589.121735 900.000000 0.000000
2434.582451 900.000000 0.000000
4695.455346 900.000000 0.000000
4669.731404 900.000000 0.000000
368.300675 900.000000 0.000000
3062.181476 900.000000 0.000000
2573.743622 900.000000 0.000000
3123.317908 900.000000 0.000000
653.226310 900.000000 0.000000
3226.052204 900.000000 0.000000
670.742752 900.000000 0.000000
3264.629840 900.000000 0.000000
1326.050046 900.000000 0.000000
1909.026343 900.000000 0.000000
2951.075302 900.000000 0.000000
3348.520411 900.000000 0.000000
2771.662400 900.000000 0.000000
97.523801 900.000000 0.000000
921.734812 900.000000 0.000000
4955.902311 900.000000 0.000000
2868.388819 900.000000 0.000000
3188.810427 900.000000 0.000000
2974.287989 900.000000 0.000000
2576.223441 900.000000 0.000000
1653.467546 900.000000 0.000000
1983.712248 900.000000 0.000000
4419.827402 900.000000 0.000000
3857.426330 900.000000 0.000000
2995.376904 900.000000 0.000000
123.633149 900.000000 0.000000
61.293948 900.000000 0.000000
3492.261597 900.000000 0.000000
1329.955045 900.000000 0.000000
3683.503607 900.000000 0.000000
4999.863094 900.000000 0.000000
3748.961578 900.000000 0.000000
2424.777945 900.000000 0.000000
4118.502643 900.000000 0.000000
3113.885449 900.000000 0.000000
4512.560470 900.000000 0.000000
282.525644 900.000000 0.000000
3695.386946 900.000000 0.000000
1880.881099 900.000000 0.000000
184.003825 900.000000 0.000000
3880.991093 900.000000 0.000000
4186.770931 900.000000 0.000000
1725.409651 900.000000 0.000000
409.213238 900.000000 0.000000
1113.107724 900.000000 0.000000
762.381593 900.000000 0.000000
2005.885977 900.000000 0.000000
2658.063041 900.000000 0.000000
4058.533009 900.000000 0.000000
203.887831 900.000000 0.000000
589.445041 900.000000 0.000000
2875.949827 900.000000 0.000000
4161.811038 900.000000 0.000000
1023.209264 900.000000 0.000000
1193.608865 900.000000 0.000000
4984.643498 900.000000 0.000000
1292.952978 900.000000 0.000000
4460.279838 900.000000 0.000000
4234.298941 900.000000 0.000000
1532.918531 900.000000 0.000000
166.812459 900.000000 0.000000
3532.102492 900.000000 0.000000
968.078041 900.000000 0.000000
2544.890688 900.000000 0.000000
107.725734 900.000000 0.000000
3363.663966 900.000000 0.000000
4067.812222 900.000000 0.000000
4036.420260 900.000000 0.000000
2407.634216 900.000000 0.000000
2687.595476 900.000000 0.000000
3904.243031 900.000000 0.000000
1679.244541 900.000000 0.000000
3496.296856 900.000000 0.000000
2129.276497 900.000000 0.000000
4126.203316 900.000000 0.000000
4728.068459 900.000000 0.000000
2774.206251 900.000000 0.000000
3552.475942 900.000000 0.000000
1891.801829 900.000000 0.000000
3241.693653 900.000000 0.000000
228.363584 900.000000 0.000000
777.386617 900.000000 0.000000
4426.769838 900.000000 0.000000
3607.828623 900.000000 0.000000
4808.336007 900.000000 0.000000
2151.504426 900.000000 0.000000
660.156769 900.000000 0.000000
2196.656044 900.000000 0.000000
2335.938681 900.000000 0.000000
2050.416083 900.000000 0.000000
1385.983555 900.000000 0.000000
1392.547796 900.000000 0.000000
4773.104029 900.000000 0.000000
4021.787457 900.000000 0.000000
4842.552331 900.000000 0.000000
4998.613957 900.000000 0.000000
4735.801416 900.000000 0.000000
1242.755688 900.000000 0.000000
33.524930 900.000000 0.000000
2223.636576 900.000000 0.000000
3370.243891 900.000000 0.000000
2482.401804 900.000000 0.000000
105.046250 900.000000 0.000000
4158.816109 900.000000 0.000000
542.729261 900.000000 0.000000
465.758197 900.000000 0.000000
4451.028202 900.000000 0.000000
2229.726053 900.000000 0.000000
4534.533842 900.000000 0.000000
2770.199105 900.000000 0.000000
3797.171747 900.000000 0.000000
4077.756919 900.000000 0.000000
2664.842514 900.000000 0.000000
275.675731 900.000000 0.000000
269.928271 900.000000 0.000000
4495.940951 900.000000 0.000000
734.536869 900.000000 0.000000
2413.236571 900.000000 0.000000
336.514905 900.000000 0.000000
1405.809323 900.000000 0.000000
4664.245826 900.000000 0.000000
2536.589665 900.000000 0.000000
2822.515072 900.000000 0.000000
4003.566001 900.000000 0.000000
3229.437494 900.000000 0.000000
1546.097489 900.000000 0.000000
239.033033 900.000000 0.000000
1259.829149 900.000000 0.000000
3569.405711 900.000000 0.000000
3354.970086 900.000000 0.000000
3026.428799 900.000000 0.000000
741.359496 900.000000 0.000000
3976.251748 900.000000 0.000000
3326.386766 900.000000 0.000000
4271.510214 900.000000 0.000000
4052.668384 900.000000 0.000000
355.719919 900.000000 0.000000
343.967839 900.000000 0.000000
4452.332866 900.000000 0.000000
3790.229784 900.000000 0.000000
351.552936 900.000000 0.000000
4260.472390 900.000000 0.000000
3876.784508 900.000000 0.000000
3424.476013 900.000000 0.000000
1172.763936 900.000000 0.000000
2307.878472 900.000000 0.000000
4682.177287 900.000000 0.000000
3324.732095 900.000000 0.000000
2298.397949 900.000000 0.000000
4439.117552 900.000000 0.000000
2873.111303 900.000000 0.000000
150.843117 900.000000 0.000000
3836.773604 900.000000 0.000000
1727.392776 900.000000 0.000000
3045.615717 900.000000 0.000000
1087.714352 900.000000 0.000000
3218.802804 900.000000 0.000000
2856.963243 900.000000 0.000000
4011.555244 900.000000 0.000000
4811.677736 900.000000 0.000000
2008.849279 900.000000 0.000000
4982.767090 900.000000 0.000000
3729.729058 900.000000 0.000000
2242.055917 900.000000 0.000000
1978.921402 900.000000 0.000000
616.949630 900.000000 0.000000
2663.074564 900.000000 0.000000
4166.898011 900.000000 0.000000
4588.365648 900.000000 0.000000
4128.037833 900.000000 0.000000
2229.576998 900.000000 0.000000
1335.681006 900.000000 0.000000
3321.994498 900.000000 0.000000
3834.303471 900.000000 0.000000
3329.841375 900.000000 0.000000
2519.775525 900.000000 0.000000
4175.768509 900.000000 0.000000
3112.026893 900.000000 0.000000
2287.694591 900.000000 0.000000
2774.916389 900.000000 0.000000
1829.068550 900.000000 0.000000
3281.511156 900.000000 0.000000
4585.193347 900.000000 0.000000
1380.272957 900.000000 0.000000
606.072207 900.000000 0.000000
4830.891270 900.000000 0.000000
3487.195042 900.000000 0.000000
2217.738947 900.000000 0.000000
3150.979121 900.000000 0.000000
1841.733374 900.000000 0.000000
1190.959781 900.000000 0.000000
1501.369103 900.000000 0.000000
3551.660859 900.000000 0.000000
237.374190 900.000000 0.000000
2462.627217 900.000000 0.000000
406.269899 900.000000 0.000000
610.083910 900.000000 0.000000
4965.510900 900.000000 0.000000
1775.455136 900.000000 0.000000
3824.318653 900.000000 0.000000
4520.497714 900.000000 0.000000
1980.548063 900.000000 0.000000
4085.674281 900.000000 0.000000
1744.871108 900.000000 0.000000
1330.968168 900.000000 0.000000
1837.509788 900.000000 0.000000
3761.581066 900.000000 0.000000
2939.000119 900.000000 0.000000
2447.105474 900.000000 0.000000
3367.370304 900.000000 0.000000
1641.480696 900.000000 0.000000
4269.729196 900.000000 0.000000
4161.903682 900.000000 0.000000
797.943432 900.000000 0.000000
1612.055108 900.000000 0.000000
4750.868536 900.000000 0.000000
476.883560 900.000000 0.000000
1155.099276 900.000000 0.000000
4303.038762 900.000000 0.000000
1798.135961 900.000000 0.000000
4924.218495 900.000000 0.000000
159.878340 900.000000 0.000000
4143.249572 900.000000 0.000000
2584.047448 900.000000 0.000000
2447.039618 900.000000 0.000000
4819.886490 900.000000 0.000000
4800.658695 900.000000 0.000000
3409.083955 900.000000 0.000000
4303.940844 900.000000 0.000000
2279.146408 900.000000 0.000000
1661.953279 900.000000 0.000000
295.749021 900.000000 0.000000
2261.229884 900.000000 0.000000
1086.771080 900.000000 0.000000
1728.037200 900.000000 0.000000
2749.859967 900.000000 0.000000
1588.111258 900.000000 0.000000
4464.882213 900.000000 0.000000
2450.227252 900.000000 0.000000
1282.395048 900.000000 0.000000
4844.993191 900.000000 0.000000
4553.182324 900.000000 0.000000
1133.587989 900.000000 0.000000
1639.142861 900.000000 0.000000
1433.510450 900.000000 0.000000
712.575272 900.000000 0.000000
496.408696 900.000000 0.000000
961.662045 900.000000 0.000000
1541.884346 900.000000 0.000000
4357.079795 900.000000 0.000000
1955.743929 900.000000 0.000000
3943.304410 900.000000 0.000000
1004.080203 900.000000 0.000000
4932.379795 900.000000 0.000000
4414.310629 900.000000 0.000000
549.312255 900.000000 0.000000
1771.416275 900.000000 0.000000
2778.713410 900.000000 0.000000
3453.492289 900.000000 0.000000
3219.078761 900.000000 0.000000
1815.521425 900.000000 0.000000
394.313555 900.000000 0.000000
1004.102069 900.000000 0.000000
3584.867651 900.000000 0.000000
3721.768729 900.000000 0.000000
3838.182151 900.000000 0.000000
1227.212253 900.000000 0.000000
3340.045596 900.000000 0.000000
4434.946886 900.000000 0.000000
1834.249654 900.000000 0.000000
2657.783140 900.000000 0.000000
2514.219894 900.000000 0.000000
1572.718348 900.000000 0.000000
3112.706821 900.000000 0.000000
99.519291 900.000000 0.000000
3381.775672 900.000000 0.000000
2149.093108 900.000000 0.000000
1164.176059 900.000000 0.000000
4938.097285 900.000000 0.000000
1532.860677 900.000000 0.000000
2473.185188 900.000000 0.000000
3743.074466 900.000000 0.000000
4459.217804 900.000000 0.000000
226.427480 900.000000 0.000000
2137.805360 900.000000 0.000000
1134.892212 900.000000 0.000000
2420.364926 900.000000 0.000000
823.228150 900.000000 0.000000
449.037441 900.000000 0.000000
1921.318687 900.000000 0.000000
119.177361 900.000000 0.000000
1648.672734 900.000000 0.000000
2656.153679 900.000000 0.000000
2383.416804 900.000000 0.000000
4387.412368 900.000000 0.000000
2277.508138 900.000000 0.000000
2486.512475 900.000000 0.000000
1980.921503 900.000000 0.000000
4430.623640 900.000000 0.000000
3680.350460 900.000000 0.000000
544.587976 900.000000 0.000000
1989.609511 900.000000 0.000000
4212.875105 900.000000 0.000000
4131.001600 900.000000 0.000000
4683.275827 900.000000 0.000000
1227.948051 900.000000 0.000000
3198.443082 900.000000 0.000000
2466.675155 900.000000 0.000000
367.247534 900.000000 0.000000
3900.690506 900.000000 0.000000
210.560616 900.000000 0.000000
3505.582383 900.000000 0.000000
4702.616334 900.000000 0.000000
3502.740852 900.000000 0.000000
3883.801359 900.000000 0.000000
963.712904 900.000000 0.000000
34.626344 900.000000 0.000000
4214.918128 900.000000 0.000000
4596.620882 900.000000 0.000000
1210.416344 900.000000 0.000000
950.503370 900.000000 0.000000
3675.423195 900.000000 0.000000
822.611594 900.000000 0.000000
4951.532250 900.000000 0.000000
4914.239699 900.000000 0.000000
3285.847694 900.000000 0.000000
93.868221 900.000000 0.000000
3797.982412 900.000000 0.000000
1787.838053 900.000000 0.000000
2545.081719 900.000000 0.000000
3694.498405 900.000000 0.000000
2839.615818 900.000000 0.000000
1445.283170 900.000000 0.000000
2075.085702 900.000000 0.000000
4905.272806 900.000000 0.000000
1829.422395 900.000000 0.000000
2589.391307 900.000000 0.000000
4221.045109 900.000000 0.000000
4840.613264 900.000000 0.000000
1294.472642 900.000000 0.000000
2391.552204 900.000000 0.000000
2186.704932 900.000000 0.000000
1896.990003 900.000000 0.000000
1015.409419 900.000000 0.000000
2754.103742 900.000000 0.000000
1277.713613 900.000000 0.000000
2750.490153 900.000000 0.000000
4352.389695 900.000000 0.000000
1206.151068 900.000000 0.000000
785.541188 900.000000 0.000000
1091.304137 900.000000 0.000000
581.388687 900.000000 0.000000
3745.091377 900.000000 0.000000
791.453293 900.000000 0.000000
2381.769533 900.000000 0.000000
2726.636617 900.000000 0.000000
4394.890607 900.000000 0.000000
85.721085 900.000000 0.000000
2714.909937 900.000000 0.000000
1590.090408 900.000000 0.000000
3944.026714 900.000000 0.000000
4358.606871 900.000000 0.000000
3692.452047 900.000000 0.000000
461.665073 900.000000 0.000000
1506.993215 900.000000 0.000000
3185.516432 900.000000 0.000000
2857.821357 900.000000 0.000000
3564.051710 900.000000 0.000000
3221.446211 900.000000 0.000000
1152.380039 900.000000 0.000000
4858.477932 900.000000 0.000000
4830.797141 900.000000 0.000000
1459.419543 900.000000 0.000000
876.429089 900.000000 0.000000
1564.412761 900.000000 0.000000
4923.256399 900.000000 0.000000
2841.956771 900.000000 0.000000
4222.342819 900.000000 0.000000
722.169540 900.000000 0.000000
2299.703048 900.000000 0.000000
3039.489526 900.000000 0.000000
920.613526 900.000000 0.000000
1714.027465 900.000000 0.000000
3032.164988 900.000000 0.000000
4190.982927 900.000000 0.000000
930.942589 900.000000 0.000000
151.372345 900.000000 0.000000
1536.959289 900.000000 0.000000
626.430145 900.000000 0.000000
1351.974824 900.000000 0.000000
4370.807403 900.000000 0.000000
1852.547787 900.000000 0.000000
4471.166850 900.000000 0.000000
2039.978369 900.000000 0.000000
4409.392343 900.000000 0.000000
3239.756192 900.000000 0.000000
1184.933637 900.000000 0.000000
2644.036679 900.000000 0.000000
1468.657712 900.000000 0.000000
471.602126 900.000000 0.000000
4672.693129 900.000000 0.000000
608.396662 900.000000 0.000000
1748.408802 900.000000 0.000000
335.134289 900.000000 0.000000
3210.983846 900.000000 0.000000
3462.235688 900.000000 0.000000
1674.633666 900.000000 0.000000
1871.220968 900.000000 0.000000
1569.425256 900.000000 0.000000
2693.691473 900.000000 0.000000
492.962615 900.000000 0.000000
2452.571127 900.000000 0.000000
1643.678352 900.000000 0.000000
3548.628968 900.000000 0.000000
4408.490148 900.000000 0.000000
1965.002405 900.000000 0.000000
4271.216365 900.000000 0.000000
2318.882965 900.000000 0.000000
2635.281949 900.000000 0.000000
2466.549462 900.000000 0.000000
1338.921681 900.000000 0.000000
2915.387381 900.000000 0.000000
286.757083 900.000000 0.000000
4796.681842 900.000000 0.000000
3857.085867 900.000000 0.000000
213.592316 900.000000 0.000000
2492.166844 900.000000 0.000000
261.471351 900.000000 0.000000
2807.757248 900.000000 0.000000
4801.809547 900.000000 0.000000
3099.086570 900.000000 0.000000
2643.141841 900.000000 0.000000
3491.175893 900.000000 0.000000
930.810208 900.000000 0.000000
2769.990838 900.000000 0.000000
3330.601458 900.000000 0.000000
763.655243 900.000000 0.000000
4743.750787 900.000000 0.000000
934.128945 900.000000 0.000000
2902.563320 900.000000 0.000000
4255.122208 900.000000 0.000000
534.329218 900.000000 0.000000
3379.308684 900.000000 0.000000
3980.226200 900.000000 0.000000
3288.230515 900.000000 0.000000
46.747619 900.000000 0.000000
1031.337939 900.000000 0.000000
3182.101840 900.000000 0.000000
191.282302 900.000000 0.000000
3388.551251 900.000000 0.000000
3389.589627 900.000000 0.000000
3358.421343 900.000000 0.000000
1981.588580 900.000000 0.000000
3307.985237 900.000000 0.000000
3166.801917 900.000000 0.000000
4810.621194 900.000000 0.000000
4963.557089 900.000000 0.000000
496.724132 900.000000 0.000000
339.466371 900.000000 0.000000
2130.065758 900.000000 0.000000
4735.227511 900.000000 0.000000
3541.630047 900.000000 0.000000
2334.089231 900.000000 0.000000
224.181443 900.000000 0.000000
3742.904608 900.000000 0.000000
3391.853472 900.000000 0.000000
1054.606716 900.000000 0.000000
1992.451531 900.000000 0.000000
4768.377923 900.000000 0.000000
144.511424 900.000000 0.000000
4678.832847 900.000000 0.000000
4234.652368 900.000000 0.000000
3313.800879 900.000000 0.000000
4339.554517 900.000000 0.000000
3261.796618 900.000000 0.000000
2264.024701 900.000000 0.000000
1526.144912 900.000000 0.000000
1760.174935 900.000000 0.000000
1398.217011 900.000000 0.000000
1180.227970 900.000000 0.000000
135.017304 900.000000 0.000000
3260.311943 900.000000 0.000000
3560.001133 900.000000 0.000000
3099.654334 900.000000 0.000000
627.195388 900.000000 0.000000
2263.949817 900.000000 0.000000
4611.657548 900.000000 0.000000
604.221796 900.000000 0.000000
2019.044873 900.000000 0.000000
1301.452230 900.000000 0.000000
3894.218192 900.000000 0.000000
3339.205998 900.000000 0.000000
133.947186 900.000000 0.000000
2456.661504 900.000000 0.000000
4575.304438 900.000000 0.000000
3520.126733 900.000000 0.000000
3141.004265 900.000000 0.000000
2891.692333 900.000000 0.000000
3145.782078 900.000000 0.000000
3652.053245 900.000000 0.000000
3206.591670 900.000000 0.000000
2318.546673 900.000000 0.000000
3071.456196 900.000000 0.000000
1272.353278 900.000000 0.000000
4043.413459 900.000000 0.000000
1144.918652 900.000000 0.000000
2252.389981 900.000000 0.000000
4371.175709 900.000000 0.000000
1013.869529 900.000000 0.000000
2618.555961 900.000000 0.000000
632.591329 900.000000 0.000000
2897.014495 900.000000 0.000000
1309.423352 900.000000 0.000000
1038.845285 900.000000 0.000000
2764.190801 900.000000 0.000000
4256.976820 900.000000 0.000000
2567.972187 900.000000 0.000000
2791.299223 900.000000 0.000000
3330.742677 900.000000 0.000000
4994.873285 900.000000 0.000000
891.370372 900.000000 0.000000
583.698179 900.000000 0.000000
342.127716 900.000000 0.000000
3113.566887 900.000000 0.000000
1572.414752 900.000000 0.000000
4449.139666 900.000000 0.000000
4032.388300 900.000000 0.000000
2149.584745 900.000000 0.000000
2623.477288 900.000000 0.000000
2263.377651 900.000000 0.000000
3153.715607 900.000000 0.000000
2832.972427 900.000000 0.000000
4794.303316 900.000000 0.000000
4540.261432 900.000000 0.000000
3504.491311 900.000000 0.000000
1885.126921 900.000000 0.000000
3418.981129 900.000000 0.000000
990.442311 900.000000 0.000000
3087.003496 900.000000 0.000000
2068.630792 900.000000 0.000000
4117.942083 900.000000 0.000000
3777.889740 900.000000 0.000000
3515.486586 900.000000 0.000000
1821.471389 900.000000 0.000000
4098.934931 900.000000 0.000000
3757.908817 900.000000 0.000000
243.847545 900.000000 0.000000
2642.845016 900.000000 0.000000
3083.740962 900.000000 0.000000
1354.714155 900.000000 0.000000
4004.208733 900.000000 0.000000
1175.871113 900.000000 0.000000
4518.932762 900.000000 0.000000
1294.007846 900.000000 0.000000
956.682062 900.000000 0.000000
62.051710 900.000000 0.000000
4267.069991 900.000000 0.000000
3105.043558 900.000000 0.000000
4279.309656 900.000000 0.000000
700.531005 900.000000 0.000000
4363.439820 900.000000 0.000000
3544.198677 900.000000 0.000000
463.204946 900.000000 0.000000
103.752097 900.000000 0.000000
3913.182592 900.000000 0.000000
150.412618 900.000000 0.000000
2523.053160 900.000000 0.000000
408.110891 900.000000 0.000000
3867.468724 900.000000 0.000000
4362.886408 900.000000 0.000000
4400.156240 900.000000 0.000000
4417.621496 900.000000 0.000000
4362.136641 900.000000 0.000000
2293.611127 900.000000 0.000000
4511.494206 900.000000 0.000000
2739.524759 900.000000 0.000000
279.942176 900.000000 0.000000
2955.899439 900.000000 0.000000
2819.708547 900.000000 0.000000
3880.650379 900.000000 0.000000
1477.848892 900.000000 0.000000
204.268267 900.000000 0.000000
1992.835916 900.000000 0.000000
1411.373101 900.000000 0.000000
4033.581605 900.000000 0.000000
2535.796810 900.000000 0.000000
3440.754823 900.000000 0.000000
2473.320202 900.000000 0.000000
2272.730202 900.000000 0.000000
2107.400456 900.000000 0.000000
196.258664 900.000000 0.000000
455.981016 900.000000 0.000000
1969.076546 900.000000 0.000000
676.865974 900.000000 0.000000
4843.252915 900.000000 0.000000
4058.380554 900.000000 0.000000
1629.827055 900.000000 0.000000
4809.995890 900.000000 0.000000
501.406010 900.000000 0.000000
514.623062 900.000000 0.000000
1536.295452 900.000000 0.000000
1668.410298 900.000000 0.000000
4289.830668 900.000000 0.000000
2614.608681 900.000000 0.000000
3077.500205 900.000000 0.000000
4907.793419 900.000000 0.000000
3987.423693 900.000000 0.000000
994.048371 900.000000 0.000000
2283.520951 900.000000 0.000000
2854.853985 900.000000 0.000000
1074.543482 900.000000 0.000000
3432.166571 900.000000 0.000000
1393.010576 900.000000 0.000000
898.699241 900.000000 0.000000
1987.489731 900.000000 0.000000
814.294675 900.000000 0.000000
4013.108810 900.000000 0.000000
418.229566 900.000000 0.000000
3191.353761 900.000000 0.000000
1154.282592 900.000000 0.000000
2900.471897 900.000000 0.000000
4321.462569 900.000000 0.000000
4663.691436 900.000000 0.000000
4106.965618 900.000000 0.000000
2402.952363 900.000000 0.000000
3181.865079 900.000000 0.000000
907.543279 900.000000 0.000000
2346.002506 900.000000 0.000000
1546.382206 900.000000 0.000000
3344.052156 900.000000 0.000000
3611.705806 900.000000 0.000000
2874.283345 900.000000 0.000000
2639.272565 900.000000 0.000000
4046.157793 900.000000 0.000000
4934.413307 900.000000 0.000000
1619.302480 900.000000 0.000000
3031.982294 900.000000 0.000000
3797.794828 900.000000 0.000000
3954.840901 900.000000 0.000000
349.649071 900.000000 0.000000
2752.327070 900.000000 0.000000
46.491412 900.000000 0.000000
3923.147374 900.000000 0.000000
3445.220572 900.000000 0.000000
4817.940454 900.000000 0.000000
2582.207988 900.000000 0.000000
1785.891523 900.000000 0.000000
2411.684459 900.000000 0.000000
2149.798010 900.000000 0.000000
4981.530737 900.000000 0.000000
3005.880055 900.000000 0.000000
3925.021035 900.000000 0.000000
4852.710606 900.000000 0.000000
2439.272745 900.000000 0.000000
474.633761 900.000000 0.000000
4896.658866 900.000000 0.000000
604.388696 900.000000 0.000000
3151.301681 900.000000 0.000000
971.237698 900.000000 0.000000
1065.408515 900.000000 0.000000
72.993899 900.000000 0.000000
1833.355575 900.000000 0.000000
1700.503887 900.000000 0.000000
3608.931737 900.000000 0.000000
1837.665563 900.000000 0.000000
105.167686 900.000000 0.000000
658.439962 900.000000 0.000000
2933.798379 900.000000 0.000000
3668.023201 900.000000 0.000000
4318.175754 900.000000 0.000000
684.973228 900.000000 0.000000
262.134889 900.000000 0.000000
2031.117042 900.000000 0.000000
1208.284735 900.000000 0.000000
2362.253515 900.000000 0.000000
4361.079896 900.000000 0.000000
2273.596163 900.000000 0.000000
357.895348 900.000000 0.000000
1570.306221 900.000000 0.000000
2464.115571 900.000000 0.000000
3708.605669 900.000000 0.000000
3473.918317 900.000000 0.000000
4914.339359 900.000000 0.000000
1598.740686 900.000000 0.000000
4021.018520 900.000000 0.000000
267.339076 900.000000 0.000000
3730.776741 900.000000 0.000000
1517.374654 900.000000 0.000000
465.407569 900.000000 0.000000
4672.658321 900.000000 0.000000
3734.340931 900.000000 0.000000
500.242357 900.000000 0.000000
3601.482540 900.000000 0.000000
1053.768699 900.000000 0.000000
4815.483748 900.000000 0.000000
3745.947056 900.000000 0.000000
3698.109660 900.000000 0.000000
2550.361636 900.000000 0.000000
436.464932 900.000000 0.000000
3250.102347 900.000000 0.000000
411.824248 900.000000 0.000000
3634.603727 900.000000 0.000000
2663.091327 900.000000 0.000000
3746.529332 900.000000 0.000000
4306.334700 900.000000 0.000000
173.497241 900.000000 0.000000
465.612292 900.000000 0.000000
3276.285476 900.000000 0.000000
4797.589236 900.000000 0.000000
2435.286155 900.000000 0.000000
4299.478724 900.000000 0.000000
423.972105 900.000000 0.000000
3592.708575 900.000000 0.000000
4254.591640 900.000000 0.000000
4094.423908 900.000000 0.000000
3581.372299 900.000000 0.000000
2041.119649 900.000000 0.000000
3182.928350 900.000000 0.000000
2619.193515 900.000000 0.000000
1860.194362 900.000000 0.000000
1767.130484 900.000000 0.000000
2990.245235 900.000000 0.000000
487.434373 900.000000 0.000000
1381.765191 900.000000 0.000000
