0.000000 0.000200
0.000000 0.000400
0.000000 0.000600
0.000000 0.000800
0.000000 0.001000
0.000000 0.001200
0.000000 0.001400
0.000000 0.001600
0.000000 0.001800
0.000000 0.002000
0.000000 0.002200
0.000000 0.002400
0.000200 0.002400
0.000200 0.002600
0.000200 0.002800
0.000400 0.002800
0.000400 0.003000
0.000400 0.003200
0.000400 0.003400
0.000400 0.003600
0.000400 0.003800
0.000400 0.004000
0.000400 0.004200
0.000600 0.004200
0.000600 0.004400
0.000600 0.004600
0.000600 0.004800
0.000600 0.005000
0.000600 0.005200
0.000800 0.005200
0.000800 0.005400
0.000800 0.005600
0.000800 0.005800
0.000800 0.006000
0.000800 0.006200
0.000800 0.006400
0.000800 0.006600
0.000800 0.006800
0.000800 0.007000
0.000800 0.007200
0.001000 0.007200
0.001000 0.007400
0.001000 0.007600
0.001000 0.007800
0.001200 0.007800
0.001200 0.008000
0.001200 0.008200
0.001200 0.008400
0.001200 0.008600
0.001200 0.008800
0.001200 0.009000
0.001200 0.009200
0.001200 0.009400
0.001200 0.009600
0.001400 0.009600
0.001400 0.009800
0.001400 0.010000
0.001400 0.010200
0.001400 0.010400
0.001400 0.010600
0.001400 0.010800
0.001600 0.010800
0.001800 0.010800
0.001800 0.011000
0.002000 0.011000
0.002000 0.011200
0.002000 0.011400
0.002000 0.011600
0.002000 0.011800
0.002000 0.012000
0.002000 0.012200
0.002200 0.012200
0.002200 0.012400
0.002200 0.012600
0.002200 0.012800
0.002400 0.012800
0.002400 0.013000
0.002400 0.013200
0.002400 0.013400
0.002400 0.013600
0.002400 0.013800
0.002400 0.014000
0.002400 0.014200
0.002400 0.014400
0.002600 0.014400
0.002600 0.014600
0.002600 0.014800
0.002600 0.015000
0.002600 0.015200
0.002600 0.015400
0.002600 0.015600
0.002600 0.015800
0.002600 0.016000
0.002600 0.016200
0.002800 0.016200
0.003000 0.016200
0.003000 0.016400
0.003000 0.016600
0.003000 0.016800
0.003000 0.017000
0.003000 0.017200
0.003000 0.017400
0.003200 0.017400
0.003200 0.017600
0.003200 0.017800
0.003200 0.018000
0.003200 0.018200
0.003200 0.018400
0.003200 0.018600
0.003200 0.018800
0.003200 0.019000
0.003400 0.019000
0.003400 0.019200
0.003400 0.019400
0.003400 0.019600
0.003400 0.019800
0.003600 0.019800
0.003800 0.019800
0.004000 0.019800
0.004000 0.020000
0.004000 0.020200
0.004000 0.020400
0.004000 0.020600
0.004000 0.020800
0.004000 0.021000
0.004000 0.021200
0.004000 0.021400
0.004000 0.021600
0.004000 0.021800
0.004000 0.022000
0.004000 0.022200
0.004200 0.022200
0.004200 0.022400
0.004400 0.022400
0.004400 0.022600
0.004400 0.022800
0.004400 0.023000
0.004600 0.023000
0.004600 0.023200
0.004600 0.023400
0.004600 0.023600
0.004600 0.023800
0.004600 0.024000
0.004600 0.024200
0.004600 0.024400
0.004800 0.024400
0.004800 0.024600
0.004800 0.024800
0.004800 0.025000
0.004800 0.025200
0.004800 0.025400
0.005000 0.025400
0.005000 0.025600
0.005000 0.025800
0.005000 0.026000
0.005000 0.026200
0.005000 0.026400
0.005000 0.026600
0.005000 0.026800
0.005000 0.027000
0.005000 0.027200
0.005200 0.027200
0.005200 0.027400
0.005200 0.027600
0.005200 0.027800
0.005200 0.028000
0.005200 0.028200
0.005200 0.028400
0.005400 0.028400
0.005400 0.028600
0.005600 0.028600
0.005600 0.028800
0.005600 0.029000
0.005600 0.029200
0.005600 0.029400
0.005600 0.029600
0.005600 0.029800
0.005600 0.030000
0.005600 0.030200
0.005600 0.030400
0.005600 0.030600
0.005800 0.030600
0.006000 0.030600
0.006000 0.030800
0.006000 0.031000
0.006000 0.031200
0.006000 0.031400
0.006000 0.031600
0.006000 0.031800
0.006000 0.032000
0.006000 0.032200
0.006000 0.032400
0.006000 0.032600
0.006200 0.032600
0.006400 0.032600
0.006600 0.032600
0.006600 0.032800
0.006600 0.033000
0.006600 0.033200
0.006600 0.033400
0.006600 0.033600
0.006600 0.033800
0.006600 0.034000
0.006600 0.034200
0.006800 0.034200
0.007000 0.034400
0.007000 0.034600
0.007000 0.034800
0.007000 0.035000
0.007200 0.035000
0.007200 0.035200
0.007400 0.035200
0.007400 0.035400
0.007400 0.035600
0.007600 0.035600
0.007600 0.035800
0.007800 0.035800
0.007800 0.036000
0.007800 0.036200
0.007800 0.036400
0.007800 0.036600
0.007800 0.036800
0.008000 0.036800
0.008000 0.037000
0.008000 0.037200
0.008000 0.037400
0.008200 0.037400
0.008200 0.037600
0.008200 0.037800
0.008400 0.037800
0.008400 0.038000
0.008400 0.038200
0.008400 0.038400
0.008600 0.038400
0.008600 0.038600
0.008600 0.038800
0.008600 0.039000
0.008600 0.039200
0.008800 0.039200
0.009000 0.039200
0.009000 0.039400
0.009000 0.039600
0.009200 0.039600
0.009200 0.039800
0.009400 0.039800
0.009400 0.040000
0.009400 0.040200
0.009400 0.040400
0.009400 0.040600
0.009600 0.040600
0.009600 0.040800
0.009600 0.041000
0.009600 0.041200
0.009800 0.041200
0.009800 0.041400
0.009800 0.041600
0.009800 0.041800
0.009800 0.042000
0.009800 0.042200
0.010000 0.042200
0.010000 0.042400
0.010200 0.042400
0.010400 0.042400
0.010600 0.042400
0.010600 0.042600
0.010600 0.042800
0.010600 0.043000
0.010600 0.043200
0.010800 0.043200
0.010800 0.043400
0.010800 0.043600
0.010800 0.043800
0.011000 0.043800
0.011000 0.044000
0.011000 0.044200
0.011000 0.044400
0.011000 0.044600
0.011200 0.044600
0.011200 0.044800
0.011200 0.045000
0.011200 0.045200
0.011200 0.045400
0.011200 0.045600
0.011200 0.045800
0.011400 0.045800
0.011600 0.045800
0.011600 0.046000
0.011600 0.046200
0.011600 0.046400
0.011600 0.046600
0.011600 0.046800
0.011600 0.047000
0.011800 0.047000
0.011800 0.047200
0.011800 0.047400
0.012000 0.047400
0.012000 0.047600
0.012000 0.047800
0.012200 0.047800
0.012200 0.048000
0.012200 0.048200
0.012400 0.048200
0.012400 0.048400
0.012600 0.048400
0.012600 0.048600
0.012800 0.048600
0.012800 0.048800
0.013000 0.048800
0.013000 0.049000
0.013000 0.049200
0.013000 0.049400
0.013200 0.049400
0.013400 0.049400
0.013600 0.049400
0.013800 0.049400
0.013800 0.049600
0.013800 0.049800
0.014000 0.049800
0.014200 0.049800
0.014400 0.049800
0.014400 0.050000
0.014400 0.050200
0.014600 0.050200
0.014800 0.050200
0.014800 0.050400
0.014800 0.050600
0.015000 0.050600
0.015200 0.050600
0.015400 0.050600
0.015600 0.050600
0.015800 0.050600
0.015800 0.050800
0.015800 0.051000
0.015800 0.051200
0.015800 0.051400
0.015800 0.051600
0.015800 0.051800
0.015800 0.052000
0.015800 0.052200
0.015800 0.052400
0.016000 0.052400
0.016200 0.052400
0.016200 0.052600
0.016400 0.052600
0.016400 0.052800
0.016600 0.052800
0.016600 0.053000
0.016600 0.053200
0.016800 0.053200
0.016800 0.053400
0.017000 0.053400
0.017200 0.053400
0.017200 0.053600
0.017400 0.053600
0.017400 0.053800
0.017400 0.054000
0.017400 0.054200
0.017400 0.054400
0.017400 0.054600
0.017400 0.054800
0.017400 0.055000
0.017400 0.055200
0.017400 0.055400
0.017600 0.055400
0.017600 0.055600
0.017600 0.055800
0.017600 0.056000
0.017600 0.056200
0.017600 0.056400
0.017800 0.056400
0.018000 0.056400
0.018200 0.056400
0.018200 0.056600
0.018400 0.056600
0.018400 0.056800
0.018400 0.057000
0.018400 0.057200
0.018400 0.057400
0.018600 0.057400
0.018600 0.057600
0.018800 0.057600
0.018800 0.057800
0.018800 0.058000
0.019200 0.058000
0.019200 0.058200
0.019200 0.058400
0.019200 0.058600
0.019400 0.058600
0.019400 0.058800
0.019600 0.058800
0.019600 0.059000
0.019800 0.059000
0.020000 0.059000
0.020200 0.059000
0.020200 0.059200
0.020200 0.059400
0.020200 0.059600
0.020400 0.059600
0.020600 0.059600
0.020800 0.059600
0.021000 0.059600
0.021000 0.059800
0.021000 0.060000
0.021200 0.060000
0.021200 0.060200
0.021200 0.060400
0.021400 0.060400
0.021600 0.060400
0.021600 0.060600
0.021600 0.060800
0.021800 0.060800
0.021800 0.061000
0.021800 0.061200
0.022000 0.061400
0.022000 0.061600
0.022000 0.061800
0.022200 0.061800
0.022400 0.061800
0.022400 0.062000
0.022400 0.062200
0.022400 0.062400
0.022400 0.062600
0.022400 0.062800
0.022400 0.063000
0.022400 0.063200
0.022400 0.063400
0.022400 0.063600
0.022400 0.063800
0.022400 0.064000
0.022400 0.064200
0.022400 0.064400
0.022400 0.064600
0.022400 0.064800
0.022400 0.065000
0.022600 0.065000
0.022800 0.065000
0.023000 0.065000
0.023200 0.065000
0.023200 0.065200
0.023400 0.065200
0.023600 0.065200
0.023800 0.065200
0.024000 0.065200
0.024000 0.065400
0.024000 0.065600
0.024000 0.065800
0.024200 0.065800
0.024200 0.066000
0.024400 0.066000
0.024400 0.066200
0.024600 0.066200
0.024800 0.066200
0.024800 0.066400
0.024800 0.066600
0.024800 0.066800
0.025000 0.066800
0.025200 0.066800
0.025200 0.067000
0.025200 0.067200
0.025400 0.067200
0.025400 0.067400
0.025600 0.067400
0.025800 0.067400
0.025800 0.067600
0.026000 0.067600
0.026000 0.067800
0.026200 0.067800
0.026200 0.068000
0.026400 0.068000
0.026400 0.068200
0.026400 0.068400
0.026400 0.068600
0.026400 0.068800
0.026400 0.069000
0.026400 0.069200
0.026400 0.069400
0.026600 0.069400
0.026800 0.069400
0.027000 0.069600
0.027000 0.069800
0.027200 0.069800
0.027200 0.070000
0.027400 0.070000
0.027400 0.070200
0.027400 0.070400
0.027400 0.070600
0.027400 0.070800
0.027400 0.071000
0.027400 0.071200
0.027400 0.071400
0.027600 0.071400
0.027800 0.071400
0.028000 0.071400
0.028200 0.071400
0.028400 0.071400
0.028600 0.071400
0.028800 0.071400
0.028800 0.071600
0.028800 0.071800
0.029000 0.071800
0.029000 0.072000
0.029000 0.072200
0.029000 0.072400
0.029200 0.072400
0.029400 0.072400
0.029400 0.072600
0.029400 0.072800
0.029400 0.073000
0.029400 0.073200
0.029600 0.073200
0.029800 0.073200
0.029800 0.073400
0.030000 0.073400
0.030000 0.073600
0.030000 0.073800
0.030200 0.073800
0.030400 0.073800
0.030400 0.074000
0.030400 0.074200
0.030600 0.074200
0.030600 0.074400
0.030800 0.074400
0.030800 0.074600
0.031000 0.074600
0.031200 0.074600
0.031400 0.074600
0.031400 0.074800
0.031400 0.075000
0.031600 0.075000
0.031800 0.075000
0.031800 0.075200
0.032000 0.075200
0.032000 0.075400
0.032200 0.075400
0.032400 0.075400
0.032400 0.075600
0.032400 0.075800
0.032600 0.075800
0.032800 0.075800
0.032800 0.076000
0.033000 0.076000
0.033000 0.076200
0.033000 0.076400
0.033200 0.076400
0.033200 0.076600
0.033200 0.076800
0.033400 0.076800
0.033400 0.077000
0.033400 0.077200
0.033400 0.077400
0.033600 0.077400
0.033800 0.077400
0.033800 0.077600
0.034000 0.077600
0.034200 0.077800
0.034400 0.078000
0.034600 0.078000
0.034800 0.078000
0.035000 0.078000
0.035200 0.078000
0.035200 0.078200
0.035400 0.078200
0.035400 0.078400
0.035600 0.078400
0.035800 0.078400
0.035800 0.078600
0.035800 0.078800
0.035800 0.079000
0.036000 0.079000
0.036200 0.079000
0.036400 0.079000
0.036400 0.079200
0.036600 0.079200
0.036800 0.079200
0.037000 0.079200
0.037000 0.079400
0.037000 0.079600
0.037000 0.079800
0.037200 0.079800
0.037400 0.079800
0.037600 0.079800
0.037800 0.079800
0.038000 0.079800
0.038000 0.080000
0.038200 0.080000
0.038400 0.080000
0.038400 0.080200
0.038400 0.080400
0.038600 0.080400
0.038800 0.080400
0.038800 0.080600
0.039000 0.080600
0.039000 0.080800
0.039000 0.081000
0.039200 0.081000
0.039200 0.081200
0.039400 0.081200
0.039600 0.081400
0.039800 0.081400
0.040000 0.081400
0.040000 0.081600
0.040000 0.081800
0.040000 0.082200
0.040000 0.082400
0.040200 0.082400
0.040400 0.082400
0.040600 0.082400
0.040600 0.082600
0.040800 0.082600
0.041000 0.082600
0.041200 0.082600
0.041400 0.082600
0.041400 0.082800
0.041600 0.082800
0.041600 0.083000
0.041800 0.083000
0.042000 0.083000
0.042000 0.083200
0.042200 0.083200
0.042400 0.083200
0.042400 0.083400
0.042600 0.083400
0.042800 0.083400
0.042800 0.083600
0.043000 0.083600
0.043000 0.083800
0.043200 0.083800
0.043200 0.084000
0.043200 0.084200
0.043200 0.084400
0.043400 0.084400
0.043400 0.084600
0.043400 0.084800
0.043600 0.084800
0.043800 0.085000
0.044000 0.085000
0.044200 0.085000
0.044400 0.085000
0.044600 0.085000
0.044800 0.085000
0.045000 0.085000
0.045200 0.085000
0.045400 0.085000
0.045400 0.085200
0.045400 0.085400
0.045600 0.085400
0.045600 0.085600
0.045600 0.085800
0.045800 0.085800
0.046000 0.085800
0.046200 0.085800
0.046200 0.086000
0.046400 0.086000
0.046600 0.086000
0.046800 0.086000
0.047000 0.086000
0.047200 0.086000
0.047200 0.086200
0.047200 0.086400
0.047400 0.086400
0.047400 0.086600
0.047600 0.086600
0.047800 0.086600
0.048000 0.086600
0.048200 0.086600
0.048400 0.086600
0.048400 0.086800
0.048400 0.087000
0.048600 0.087000
0.048600 0.087200
0.048800 0.087200
0.048800 0.087400
0.049000 0.087400
0.049200 0.087400
0.049400 0.087400
0.049400 0.087600
0.049600 0.087800
0.049800 0.087800
0.050000 0.087800
0.050200 0.087800
0.050400 0.087800
0.050800 0.087800
0.051000 0.087800
0.051000 0.088000
0.051000 0.088200
0.051200 0.088200
0.051400 0.088200
0.051400 0.088400
0.051800 0.088400
0.052000 0.088400
0.052200 0.088400
0.052400 0.088400
0.052600 0.088400
0.052800 0.088400
0.052800 0.088600
0.052800 0.088800
0.052800 0.089000
0.053000 0.089000
0.053200 0.089000
0.053400 0.089000
0.053400 0.089200
0.053600 0.089200
0.053800 0.089200
0.054000 0.089200
0.054200 0.089200
0.054400 0.089200
0.054600 0.089200
0.054600 0.089400
0.054800 0.089600
0.055000 0.089600
0.055000 0.089800
0.055200 0.089800
0.055200 0.090000
0.055200 0.090200
0.055600 0.090200
0.055600 0.090400
0.055800 0.090400
0.056200 0.090400
0.056400 0.090400
0.056400 0.090600
0.056600 0.090600
0.056800 0.090600
0.057200 0.090600
0.057200 0.090800
0.057400 0.090800
0.057600 0.090800
0.057600 0.091000
0.057800 0.091000
0.058000 0.091000
0.058400 0.091000
0.058400 0.091200
0.058600 0.091200
0.058800 0.091200
0.058800 0.091400
0.058800 0.091600
0.059200 0.091600
0.059400 0.091800
0.059600 0.091800
0.059800 0.091800
0.060000 0.091800
0.060000 0.092000
0.060200 0.092000
0.060400 0.092000
0.060600 0.092000
0.060800 0.092000
0.061000 0.092000
0.061000 0.092200
0.061200 0.092200
0.061400 0.092200
0.061600 0.092200
0.061800 0.092200
0.062000 0.092200
0.062200 0.092200
0.062400 0.092200
0.062600 0.092200
0.062800 0.092200
0.062800 0.092400
0.062800 0.092600
0.062800 0.092800
0.063000 0.093000
0.063200 0.093000
0.063200 0.093400
0.063400 0.093400
0.063400 0.093600
0.063600 0.093600
0.063800 0.093600
0.064000 0.093600
0.064200 0.093600
0.064400 0.093600
0.064600 0.093600
0.064600 0.093800
0.064800 0.093800
0.065000 0.093800
0.065000 0.094000
0.065200 0.094000
0.065400 0.094000
0.065400 0.094200
0.065400 0.094400
0.065600 0.094400
0.065800 0.094400
0.066000 0.094400
0.066200 0.094400
0.066400 0.094400
0.066800 0.094400
0.067000 0.094400
0.067200 0.094400
0.067600 0.094400
0.067600 0.094600
0.067800 0.094800
0.068000 0.094800
0.068200 0.094800
0.068400 0.094800
0.068600 0.094800
0.068600 0.095000
0.068800 0.095000
0.069000 0.095000
0.069200 0.095000
0.069400 0.095000
0.069600 0.095000
0.069800 0.095000
0.070000 0.095000
0.070200 0.095000
0.070400 0.095000
0.070600 0.095000
0.070800 0.095000
0.071000 0.095000
0.071200 0.095000
0.071400 0.095000
0.071600 0.095000
0.071600 0.095200
0.071800 0.095200
0.071800 0.095400
0.072000 0.095400
0.072200 0.095400
0.072200 0.095600
0.072400 0.095600
0.072400 0.095800
0.072600 0.095800
0.072800 0.096000
0.073000 0.096000
0.073200 0.096000
0.073400 0.096000
0.073600 0.096000
0.073800 0.096000
0.073800 0.096200
0.074000 0.096400
0.074200 0.096400
0.074200 0.096600
0.074200 0.096800
0.074400 0.096800
0.074600 0.096800
0.074600 0.097000
0.074800 0.097000
0.075200 0.097000
0.075400 0.097000
0.075600 0.097000
0.075800 0.097000
0.076000 0.097200
0.076200 0.097200
0.076400 0.097200
0.076400 0.097400
0.076600 0.097400
0.076800 0.097400
0.077000 0.097400
0.077000 0.097600
0.077000 0.097800
0.077200 0.097800
0.077400 0.097800
0.077400 0.098000
0.077600 0.098000
0.077600 0.098200
0.077800 0.098200
0.077800 0.098400
0.078000 0.098400
0.078000 0.098600
0.078200 0.098600
0.078400 0.098600
0.078400 0.098800
0.078800 0.098800
0.079000 0.098800
0.079200 0.098800
0.079400 0.098800
0.079400 0.099000
0.079600 0.099000
0.079600 0.099200
0.079800 0.099200
0.080200 0.099400
0.080600 0.099400
0.080800 0.099400
0.081000 0.099400
0.081200 0.099400
0.081400 0.099400
0.081600 0.099400
0.081600 0.099600
0.081600 0.099800
0.081800 0.099800
0.082000 0.099800
0.082200 0.099800
0.082200 0.100000
0.082400 0.100000
0.082600 0.100000
0.082800 0.100000
0.083000 0.100000
0.083200 0.100000
0.083400 0.100000
0.083600 0.100000
0.083800 0.100000
0.084000 0.100000
0.084200 0.100200
0.084200 0.100400
0.084200 0.100600
0.084200 0.100800
0.084400 0.101000
0.084400 0.101200
0.084600 0.101200
0.084600 0.101400
0.085000 0.101600
0.085000 0.101800
0.085200 0.102000
0.085200 0.102200
0.085200 0.102400
0.085400 0.102400
0.085800 0.102400
0.085800 0.102600
0.085800 0.102800
0.086000 0.103000
0.086000 0.103200
0.086200 0.103200
0.086400 0.103200
0.086800 0.103200
0.087000 0.103400
0.087200 0.103400
0.087400 0.103400
0.087600 0.103400
0.087800 0.103400
0.088000 0.103400
0.088000 0.103600
0.088000 0.103800
0.088200 0.103800
0.088400 0.103800
0.088600 0.103800
0.088800 0.103800
0.088800 0.104200
0.088800 0.104400
0.089000 0.104400
0.089200 0.104400
0.089400 0.104400
0.089600 0.104400
0.089800 0.104400
0.090000 0.104600
0.090000 0.104800
0.090200 0.104800
0.090400 0.104800
0.090400 0.105000
0.090600 0.105000
0.090600 0.105200
0.090800 0.105200
0.091000 0.105200
0.091000 0.105400
0.091200 0.105400
0.091400 0.105400
0.091600 0.105400
0.091800 0.105400
0.092000 0.105400
0.092200 0.105400
0.092400 0.105400
0.092600 0.105600
0.092800 0.105600
0.093000 0.105600
0.093200 0.105600
0.093400 0.105600
0.093600 0.105800
0.093800 0.106000
0.093800 0.106200
0.094000 0.106200
0.094400 0.106200
0.094800 0.106200
0.094800 0.106400
0.095000 0.106400
0.095200 0.106600
0.095200 0.106800
0.095200 0.107000
0.095400 0.107000
0.095400 0.107200
0.095600 0.107400
0.095600 0.107600
0.095800 0.107600
0.095800 0.107800
0.096000 0.107800
0.096200 0.107800
0.096400 0.107800
0.096800 0.107800
0.097000 0.107800
0.097200 0.107800
0.097400 0.107800
0.097400 0.108000
0.097800 0.108000
0.097800 0.108200
0.098200 0.108200
0.098400 0.108200
0.098600 0.108200
0.098800 0.108200
0.098800 0.108400
0.099200 0.108400
0.099400 0.108400
0.099400 0.108600
0.099600 0.108600
0.099600 0.108800
0.099800 0.108800
0.100000 0.108800
0.100200 0.108800
0.100400 0.109000
0.100600 0.109000
0.101000 0.109000
0.101400 0.109000
0.101400 0.109200
0.101600 0.109200
0.101800 0.109400
0.102000 0.109400
0.102200 0.109400
0.102200 0.109600
0.102400 0.109600
0.102600 0.109600
0.102800 0.109600
0.103000 0.109600
0.103200 0.109600
0.103200 0.109800
0.103200 0.110000
0.103200 0.110200
0.103400 0.110600
0.103600 0.110600
0.104000 0.110600
0.104000 0.110800
0.104200 0.110800
0.104400 0.110800
0.104600 0.110800
0.104600 0.111000
0.104800 0.111000
0.105000 0.111000
0.105000 0.111200
0.105200 0.111400
0.105400 0.111400
0.105600 0.111400
0.105800 0.111400
0.105800 0.111600
0.106000 0.111600
0.106000 0.111800
0.106400 0.111800
0.106600 0.111800
0.106600 0.112000
0.106800 0.112000
0.107000 0.112200
0.107200 0.112200
0.107400 0.112200
0.107400 0.112400
0.107400 0.112600
0.107600 0.112600
0.107800 0.112600
0.108000 0.112600
0.108200 0.112600
0.108400 0.112600
0.108600 0.112600
0.108800 0.112600
0.109000 0.112600
0.109000 0.112800
0.109200 0.112800
0.109200 0.113000
0.109200 0.113200
0.109600 0.113200
0.109800 0.113200
0.109800 0.113400
0.109800 0.113600
0.110000 0.113600
0.110000 0.113800
0.110200 0.113800
0.111000 0.113800
0.111200 0.113800
0.111400 0.113800
0.111400 0.114000
0.111600 0.114000
0.111800 0.114200
0.111800 0.114400
0.112000 0.114400
0.112200 0.114400
0.112400 0.114400
0.112400 0.114600
0.112600 0.114600
0.112600 0.114800
0.112800 0.114800
0.113000 0.114800
0.113400 0.114800
0.113400 0.115000
0.113600 0.115000
0.113800 0.115000
0.114000 0.115200
0.114000 0.115400
0.114000 0.115600
0.114200 0.115600
0.114200 0.115800
0.114400 0.115800
0.114600 0.115800
0.114800 0.115800
0.115000 0.115800
0.115200 0.115800
0.115400 0.115800
0.115600 0.115800
0.115800 0.115800
0.115800 0.116000
0.116000 0.116000
0.116200 0.116000
0.116400 0.116000
0.116600 0.116000
0.116600 0.116200
0.116800 0.116200
0.117000 0.116200
0.117200 0.116200
0.117400 0.116200
0.117400 0.116400
0.117600 0.116400
0.117800 0.116400
0.118000 0.116800
0.118200 0.117000
0.118200 0.117200
0.118200 0.117400
0.118400 0.117400
0.118400 0.117600
0.118600 0.117600
0.118800 0.117600
0.118800 0.117800
0.119000 0.117800
0.119200 0.117800
0.119400 0.117800
0.119600 0.117800
0.119600 0.118000
0.119800 0.118000
0.120000 0.118000
0.120200 0.118000
0.120200 0.118200
0.121000 0.118200
0.121400 0.118200
0.121600 0.118200
0.121800 0.118400
0.122000 0.118400
0.122200 0.118400
0.122200 0.118600
0.122600 0.118600
0.122800 0.118600
0.123000 0.118600
0.123200 0.118800
0.123400 0.119000
0.123800 0.119200
0.123800 0.119400
0.123800 0.119600
0.123800 0.119800
0.124000 0.120000
0.124600 0.120000
0.124600 0.120200
0.124800 0.120200
0.124800 0.120400
0.124800 0.120600
0.125000 0.120600
0.125000 0.120800
0.125200 0.120800
0.125400 0.120800
0.125600 0.120800
0.125800 0.121000
0.126000 0.121000
0.126000 0.121200
0.126200 0.121200
0.126400 0.121200
0.126600 0.121200
0.126800 0.121200
0.127000 0.121200
0.127200 0.121200
0.127400 0.121200
0.127400 0.121400
0.127600 0.121400
0.127800 0.121400
0.128000 0.121400
0.128000 0.121600
0.128200 0.121600
0.128400 0.121600
0.128600 0.121600
0.128800 0.121600
0.129000 0.121600
0.129000 0.122000
0.129400 0.122200
0.129600 0.122200
0.129600 0.122400
0.129800 0.122400
0.130000 0.122800
0.130200 0.122800
0.130400 0.122800
0.130600 0.122800
0.130800 0.122800
0.130800 0.123000
0.131000 0.123000
0.131000 0.123200
0.131200 0.123200
0.131200 0.123400
0.131400 0.123400
0.131600 0.123400
0.132200 0.123400
0.132400 0.123400
0.132600 0.123400
0.132800 0.123400
0.133000 0.123400
0.133200 0.123400
0.133200 0.123600
0.133400 0.123600
0.133800 0.123800
0.134000 0.123800
0.134200 0.123800
0.134400 0.123800
0.134600 0.123800
0.134800 0.123800
0.135000 0.123800
0.135000 0.124000
0.135200 0.124000
0.135200 0.124200
0.135600 0.124200
0.135800 0.124200
0.136200 0.124200
0.136600 0.124200
0.136800 0.124200
0.137000 0.124200
0.137200 0.124200
0.137400 0.124200
0.137400 0.124400
0.137600 0.124400
0.137800 0.124400
0.138200 0.124600
0.138200 0.124800
0.138400 0.124800
0.138600 0.124800
0.138800 0.124800
0.139000 0.124800
0.139200 0.124800
0.139200 0.125000
0.139400 0.125000
0.139400 0.125200
0.139600 0.125200
0.140000 0.125400
0.140200 0.125400
0.140200 0.125600
0.140400 0.125600
0.140600 0.125600
0.140800 0.125600
0.141000 0.125800
0.141200 0.125800
0.141200 0.126000
0.141400 0.126000
0.141600 0.126000
0.141800 0.126000
0.141800 0.126200
0.142000 0.126200
0.142200 0.126400
0.142200 0.126600
0.142400 0.126800
0.142800 0.126800
0.143000 0.126800
0.143400 0.126800
0.143600 0.126800
0.143800 0.126800
0.144200 0.126800
0.144400 0.127000
0.144600 0.127000
0.144600 0.127200
0.144800 0.127200
0.145200 0.127200
0.145200 0.127400
0.145600 0.127600
0.145800 0.127600
0.146200 0.127600
0.146400 0.127600
0.146600 0.127600
0.146800 0.127800
0.147000 0.128000
0.147200 0.128000
0.147200 0.128200
0.147400 0.128200
0.147600 0.128200
0.147600 0.128400
0.147800 0.128400
0.147800 0.128600
0.147800 0.128800
0.148000 0.129000
0.148200 0.129200
0.148800 0.129200
0.149000 0.129400
0.149200 0.129400
0.149200 0.129600
0.149400 0.130000
0.149800 0.130200
0.150000 0.130400
0.150400 0.130400
0.150800 0.130600
0.151400 0.130600
0.151600 0.130600
0.152000 0.130600
0.152200 0.130600
0.152400 0.130600
0.152400 0.130800
0.152400 0.131000
0.152600 0.131400
0.152800 0.132000
0.153000 0.132000
0.153200 0.132000
0.153400 0.132000
0.153600 0.132000
0.153600 0.132200
0.153600 0.132400
0.153800 0.132400
0.154000 0.132400
0.154200 0.132400
0.154400 0.132400
0.154800 0.132400
0.154800 0.132600
0.155000 0.132600
0.155000 0.132800
0.155400 0.132800
0.155600 0.132800
0.155800 0.132800
0.156200 0.133000
0.156600 0.133000
0.156800 0.133000
0.157000 0.133000
0.157200 0.133200
0.157200 0.133400
0.157200 0.133600
0.157400 0.133600
0.157600 0.133600
0.158000 0.133600
0.158000 0.133800
0.158000 0.134000
0.158400 0.134000
0.158600 0.134000
0.159000 0.134200
0.159200 0.134200
0.159400 0.134200
0.159400 0.134400
0.159600 0.134800
0.159800 0.134800
0.160000 0.134800
0.160200 0.134800
0.160400 0.134800
0.160600 0.134800
0.160800 0.134800
0.161000 0.134800
0.161200 0.134800
0.161400 0.134800
0.161800 0.134800
0.161800 0.135000
0.162000 0.135000
0.162000 0.135200
0.162200 0.135200
0.162400 0.135200
0.162600 0.135200
0.162800 0.135200
0.163000 0.135200
0.163200 0.135200
0.163800 0.135200
0.163800 0.135400
0.164000 0.135400
0.164200 0.135400
0.164200 0.135600
0.164400 0.135600
0.164600 0.135600
0.164800 0.135600
0.165000 0.135600
0.165200 0.135600
0.165400 0.136000
0.165400 0.136200
0.165800 0.136200
0.166000 0.136200
0.166200 0.136200
0.166400 0.136400
0.166400 0.136800
0.166600 0.136800
0.166800 0.136800
0.167000 0.136800
0.167200 0.136800
0.167400 0.136800
0.167400 0.137000
0.167600 0.137000
0.167800 0.137000
0.167800 0.137200
0.167800 0.137400
0.168000 0.137600
0.168200 0.137600
0.168200 0.137800
0.168400 0.138000
0.168800 0.138200
0.168800 0.138400
0.169000 0.138400
0.169200 0.138400
0.169600 0.138600
0.169600 0.138800
0.169800 0.138800
0.170000 0.138800
0.170200 0.138800
0.170800 0.138800
0.171600 0.138800
0.171800 0.138800
0.172000 0.139000
0.172000 0.139200
0.172000 0.139400
0.172000 0.139600
0.172200 0.139600
0.172200 0.139800
0.172400 0.140200
0.172600 0.140200
0.173200 0.140200
0.173200 0.140600
0.173600 0.140600
0.174000 0.140600
0.174000 0.140800
0.174200 0.140800
0.174400 0.140800
0.174400 0.141200
0.174600 0.141200
0.174800 0.141200
0.174800 0.141600
0.175000 0.141600
0.175000 0.141800
0.175000 0.142000
0.175200 0.142000
0.175800 0.142000
0.176000 0.142000
0.176200 0.142000
0.176400 0.142000
0.176600 0.142000
0.176800 0.142000
0.177000 0.142000
0.177000 0.142800
0.177200 0.142800
0.177200 0.143000
0.177400 0.143000
0.177600 0.143000
0.177800 0.143000
0.178200 0.143200
0.178400 0.143200
0.178600 0.143200
0.178800 0.143200
0.179000 0.143400
0.179000 0.143600
0.179200 0.143600
0.179200 0.143800
0.179400 0.143800
0.179600 0.144000
0.179600 0.144200
0.179800 0.144200
0.180000 0.144200
0.180200 0.144200
0.180400 0.144400
0.180600 0.144400
0.180800 0.144600
0.181000 0.144800
0.181600 0.144800
0.181800 0.144800
0.181800 0.145200
0.182000 0.145200
0.182200 0.145200
0.182400 0.145200
0.182600 0.145200
0.182800 0.145200
0.183000 0.145200
0.183000 0.145400
0.183000 0.145600
0.183200 0.146200
0.183400 0.146200
0.183600 0.146200
0.183600 0.146400
0.183600 0.146600
0.183600 0.146800
0.183600 0.147000
0.183600 0.147200
0.183800 0.147200
0.184000 0.147600
0.184200 0.147800
0.184800 0.148000
0.185200 0.148200
0.185200 0.148400
0.185600 0.148400
0.186000 0.148400
0.186400 0.148600
0.186800 0.148600
0.187000 0.148800
0.187000 0.149000
0.187200 0.149400
0.187400 0.149400
0.187800 0.149400
0.188000 0.149400
0.188200 0.149600
0.188400 0.149600
0.188600 0.149800
0.188800 0.150200
0.189000 0.150200
0.189200 0.150200
0.189800 0.150600
0.190000 0.150600
0.190200 0.150600
0.190400 0.150600
0.190600 0.150800
0.190800 0.150800
0.191000 0.150800
0.191200 0.150800
0.191400 0.150800
0.191400 0.151200
0.191800 0.151200
0.192000 0.151200
0.192400 0.151200
0.193000 0.151200
0.193200 0.151200
0.193400 0.151200
0.193600 0.151200
0.193800 0.151400
0.194000 0.151400
0.194800 0.151400
0.195000 0.151400
0.195400 0.151400
0.195800 0.151400
0.196000 0.151400
0.196200 0.151400
0.196400 0.151400
0.196600 0.151400
0.196600 0.151600
0.197000 0.151600
0.197200 0.151600
0.197200 0.152000
0.197600 0.152000
0.197800 0.152000
0.198000 0.152000
0.198200 0.152000
0.199000 0.152600
0.199200 0.152600
0.199400 0.152800
0.199800 0.152800
0.200000 0.152800
0.200200 0.152800
0.200400 0.152800
0.200400 0.153000
0.200400 0.153200
0.200600 0.153200
0.200800 0.153200
0.200800 0.153400
0.201200 0.153400
0.201600 0.153600
0.201800 0.153600
0.202200 0.154000
0.202400 0.154400
0.202600 0.154400
0.202600 0.154600
0.203000 0.154600
0.203200 0.154600
0.203400 0.155000
0.203600 0.155000
0.203600 0.155200
0.203800 0.155200
0.204000 0.155200
0.204200 0.155200
0.204200 0.155400
0.204400 0.155600
0.204600 0.155600
0.204800 0.155600
0.205000 0.155600
0.205600 0.155800
0.205800 0.155800
0.205800 0.156000
0.205800 0.156200
0.206000 0.156400
0.206000 0.156600
0.206200 0.156600
0.206200 0.156800
0.206400 0.156800
0.206600 0.156800
0.206800 0.157000
0.207000 0.157000
0.207200 0.157000
0.207400 0.157000
0.207800 0.157200
0.208000 0.157200
0.208200 0.157200
0.208800 0.157400
0.209000 0.157400
0.209200 0.157400
0.209400 0.157800
0.209800 0.157800
0.210000 0.157800
0.210200 0.157800
0.210400 0.157800
0.211200 0.157800
0.211400 0.157800
0.211800 0.157800
0.211800 0.158000
0.212000 0.158000
0.212000 0.158200
0.212200 0.158600
0.212200 0.159000
0.212400 0.159000
0.212600 0.159000
0.212800 0.159000
0.213000 0.159000
0.213600 0.159000
0.213800 0.159200
0.214000 0.159200
0.214400 0.159200
0.214600 0.159400
0.214800 0.159400
0.214800 0.159600
0.214800 0.159800
0.215400 0.159800
0.215800 0.159800
0.216000 0.160200
0.216200 0.160200
0.216400 0.160200
0.216400 0.160400
0.216600 0.160400
0.216600 0.160600
0.217000 0.160600
0.217000 0.160800
0.217200 0.160800
0.217400 0.161200
0.217600 0.161200
0.217600 0.161400
0.217800 0.161600
0.218000 0.161600
0.218400 0.161600
0.218800 0.161600
0.219000 0.161600
0.219000 0.162000
0.219200 0.162000
0.219400 0.162400
0.219400 0.162600
0.219600 0.162600
0.219600 0.162800
0.220000 0.162800
0.220200 0.162800
0.220400 0.162800
0.220800 0.162800
0.221000 0.163000
0.221400 0.163200
0.221600 0.163200
0.221800 0.163200
0.222200 0.163400
0.223000 0.163600
0.223200 0.163800
0.223200 0.164200
0.223600 0.164200
0.223600 0.164400
0.223600 0.164600
0.224000 0.164600
0.224000 0.165000
0.224200 0.165000
0.224600 0.165000
0.224800 0.165000
0.225000 0.165000
0.225400 0.165400
0.225600 0.165400
0.225800 0.165600
0.226600 0.165600
0.226600 0.165800
0.226600 0.166000
0.227200 0.166000
0.227400 0.166000
0.227800 0.166200
0.228200 0.166200
0.228400 0.166200
0.228800 0.166400
0.229000 0.166400
0.229200 0.166400
0.229200 0.166600
0.229400 0.166600
0.229600 0.166800
0.230200 0.166800
0.230600 0.166800
0.231000 0.166800
0.231000 0.167000
0.231200 0.167000
0.231400 0.167000
0.231800 0.167400
0.232200 0.167600
0.232200 0.167800
0.232400 0.167800
0.232800 0.167800
0.232800 0.168000
0.233400 0.168000
0.234000 0.168000
0.234200 0.168000
0.234200 0.168200
0.234400 0.168400
0.234800 0.168600
0.235200 0.168800
0.235600 0.168800
0.235800 0.168800
0.236200 0.168800
0.236600 0.168800
0.236800 0.168800
0.236800 0.169000
0.237000 0.169000
0.237200 0.169000
0.237400 0.169000
0.237600 0.169400
0.237800 0.169400
0.238400 0.170000
0.238600 0.170000
0.238800 0.170000
0.238800 0.170200
0.239400 0.170200
0.240200 0.170200
0.240400 0.170200
0.240600 0.170200
0.240800 0.170400
0.240800 0.170600
0.241000 0.170600
0.241200 0.170600
0.241800 0.170600
0.241800 0.170800
0.242000 0.171200
0.242400 0.171200
0.242600 0.171200
0.242800 0.171600
0.243000 0.172200
0.243400 0.172200
0.243800 0.172200
0.244000 0.172200
0.244400 0.172400
0.244600 0.172600
0.244800 0.172800
0.245200 0.172800
0.245800 0.173000
0.246000 0.173000
0.246200 0.173000
0.246400 0.173000
0.246800 0.173000
0.247000 0.173000
0.247000 0.173200
0.247200 0.173400
0.247200 0.173600
0.248200 0.173600
0.248600 0.173600
0.248600 0.173800
0.248600 0.174000
0.248800 0.174000
0.249000 0.174000
0.249600 0.174000
0.249800 0.174200
0.250200 0.174400
0.250400 0.174400
0.250400 0.174600
0.250600 0.175000
0.250800 0.175200
0.250800 0.175400
0.251400 0.175600
0.251600 0.175600
0.251800 0.175600
0.252200 0.175800
0.252200 0.176000
0.252200 0.176200
0.252400 0.176400
0.252600 0.176400
0.252600 0.176600
0.252600 0.177000
0.252800 0.177000
0.253200 0.177000
0.253400 0.177000
0.254000 0.177200
0.254000 0.177400
0.254400 0.177600
0.254400 0.178200
0.254400 0.178400
0.254600 0.178400
0.254800 0.178400
0.255000 0.178400
0.255400 0.178600
0.256200 0.178600
0.256400 0.178600
0.256600 0.178600
0.256800 0.178600
0.257200 0.178600
0.257400 0.178600
0.257400 0.178800
0.257800 0.179200
0.258400 0.179400
0.258600 0.179400
0.259000 0.179400
0.259000 0.179600
0.259200 0.179800
0.259200 0.180000
0.259200 0.180400
0.259200 0.181000
0.259400 0.181000
0.259600 0.181200
0.259800 0.181400
0.260000 0.181400
0.260200 0.181400
0.260800 0.181400
0.260800 0.181600
0.260800 0.181800
0.261000 0.181800
0.261200 0.182000
0.261200 0.182400
0.262000 0.182800
0.262200 0.182800
0.262600 0.182800
0.262600 0.183200
0.262800 0.183200
0.263000 0.183200
0.263400 0.183200
0.263600 0.183200
0.263600 0.183600
0.263800 0.183800
0.263800 0.184000
0.263800 0.184200
0.264000 0.184400
0.264200 0.184800
0.264400 0.185000
0.264600 0.185200
0.264800 0.185200
0.265000 0.185200
0.265800 0.185200
0.266000 0.185200
0.266200 0.185400
0.266200 0.185600
0.266400 0.186000
0.266600 0.186000
0.266600 0.186200
0.266600 0.186400
0.267000 0.186800
0.267200 0.187000
0.267200 0.187200
0.267400 0.187200
0.267600 0.187200
0.267600 0.187400
0.267800 0.187400
0.268200 0.187400
0.268200 0.187600
0.268400 0.187800
0.268800 0.188600
0.269200 0.188600
0.269400 0.188600
0.269400 0.188800
0.269600 0.189000
0.270000 0.189400
0.270400 0.189600
0.270600 0.189600
0.270600 0.189800
0.270800 0.189800
0.271000 0.190000
0.271000 0.190200
0.271200 0.190200
0.271200 0.190400
0.271800 0.190400
0.272400 0.190400
0.272600 0.190400
0.272800 0.190400
0.273200 0.190400
0.273400 0.190400
0.273800 0.190400
0.274000 0.190400
0.274000 0.190600
0.274200 0.190800
0.274400 0.191000
0.275000 0.191000
0.275200 0.191000
0.275200 0.191200
0.275600 0.191200
0.275800 0.191200
0.276000 0.191200
0.276000 0.191400
0.276000 0.191600
0.276400 0.191600
0.276800 0.191800
0.277200 0.191800
0.277400 0.191800
0.277800 0.192000
0.277800 0.192400
0.278000 0.192600
0.278000 0.192800
0.278200 0.192800
0.278400 0.192800
0.278600 0.193000
0.279000 0.193000
0.279400 0.193000
0.279600 0.193000
0.279800 0.193000
0.280000 0.193200
0.280400 0.193200
0.280600 0.193200
0.281000 0.193200
0.281400 0.193200
0.281400 0.193400
0.281600 0.193400
0.281800 0.193800
0.281800 0.194200
0.282000 0.194600
0.282000 0.194800
0.282200 0.194800
0.282200 0.195000
0.282400 0.195000
0.282600 0.195000
0.283000 0.195000
0.283000 0.195200
0.283200 0.195200
0.283600 0.195400
0.283800 0.195600
0.284000 0.195600
0.284200 0.195800
0.284600 0.195800
0.284800 0.195800
0.285400 0.195800
0.285400 0.196000
0.286200 0.196400
0.286400 0.196400
0.286400 0.196600
0.286600 0.196800
0.286600 0.197000
0.287200 0.197000
0.287400 0.197400
0.287600 0.197400
0.288400 0.197600
0.288800 0.197800
0.289000 0.197800
0.289600 0.197800
0.289800 0.198000
0.290000 0.198200
0.290400 0.198400
0.290600 0.198400
0.290800 0.198400
0.291400 0.199200
0.292000 0.199200
0.292600 0.199400
0.293200 0.199400
0.293200 0.199600
0.293400 0.199800
0.293600 0.200000
0.294400 0.200000
0.294600 0.200000
0.294600 0.200200
0.294800 0.200600
0.295600 0.200800
0.295800 0.200800
0.295800 0.201000
0.296000 0.201200
0.296200 0.201400
0.297200 0.201800
0.298000 0.201800
0.298000 0.202000
0.298000 0.202200
0.299000 0.202400
0.299200 0.202600
0.299600 0.202600
0.300200 0.202800
0.300400 0.203000
0.301000 0.203200
0.301000 0.203400
0.301000 0.203600
0.301200 0.203600
0.301400 0.203600
0.302200 0.203800
0.302200 0.204000
0.302400 0.204200
0.302400 0.204400
0.302600 0.204600
0.302800 0.205000
0.303000 0.205200
0.303400 0.205200
0.303400 0.205400
0.303600 0.205600
0.303800 0.206000
0.304400 0.206000
0.304800 0.206200
0.305000 0.206200
0.305000 0.206400
0.305200 0.206600
0.305400 0.206600
0.305600 0.207200
0.305800 0.207200
0.306400 0.207600
0.307000 0.207600
0.307200 0.207600
0.307600 0.207800
0.308200 0.208200
0.308400 0.208400
0.308600 0.208400
0.308800 0.208800
0.309200 0.209200
0.309200 0.209600
0.309200 0.209800
0.309200 0.210000
0.309400 0.210200
0.310000 0.210600
0.310200 0.210800
0.310200 0.211000
0.310400 0.211000
0.311000 0.211400
0.311200 0.211600
0.311600 0.212000
0.312000 0.212000
0.312200 0.212000
0.313000 0.212200
0.313000 0.212600
0.313400 0.212800
0.313400 0.213400
0.313800 0.213800
0.313800 0.214000
0.314600 0.214200
0.314600 0.214400
0.315000 0.214400
0.315200 0.214800
0.315200 0.215000
0.315600 0.215200
0.315800 0.215400
0.315800 0.215600
0.316400 0.216000
0.316800 0.216000
0.317000 0.216200
0.317200 0.216200
0.317600 0.216400
0.317800 0.216600
0.318200 0.216800
0.318600 0.217000
0.319200 0.217400
0.319200 0.217600
0.319400 0.217600
0.319600 0.217600
0.319600 0.217800
0.319800 0.217800
0.320400 0.217800
0.320400 0.218000
0.320600 0.218400
0.320800 0.218400
0.321400 0.218400
0.321400 0.218600
0.321800 0.218800
0.322000 0.218800
0.322000 0.219000
0.322800 0.219200
0.323000 0.219400
0.323200 0.219400
0.323400 0.219800
0.323600 0.220400
0.324000 0.220600
0.324600 0.220600
0.325200 0.220800
0.325400 0.220800
0.325600 0.220800
0.326200 0.221600
0.326400 0.221600
0.326600 0.221600
0.326800 0.221600
0.327000 0.221600
0.327200 0.221600
0.327200 0.221800
0.327400 0.221800
0.327600 0.221800
0.328200 0.221800
0.328400 0.222000
0.329000 0.222200
0.329400 0.222200
0.330200 0.222400
0.330400 0.222400
0.330400 0.222800
0.331600 0.223000
0.331800 0.223000
0.333600 0.223400
0.336400 0.224200
0.336600 0.224200
0.336600 0.224400
0.337200 0.224600
0.337600 0.224800
0.338600 0.225200
0.338600 0.225600
0.338800 0.225600
0.339000 0.225600
0.339000 0.225800
0.339800 0.226000
0.340800 0.226200
0.341800 0.226400
0.342400 0.226400
0.342400 0.226600
0.342400 0.227000
0.343000 0.227000
0.343000 0.227200
0.343200 0.227400
0.344200 0.227800
0.344400 0.228400
0.345000 0.228600
0.345000 0.229000
0.346000 0.229600
0.346200 0.229600
0.346200 0.230000
0.346600 0.230200
0.347000 0.230800
0.348000 0.231000
0.348200 0.231000
0.348400 0.231000
0.349200 0.231200
0.349800 0.231800
0.350800 0.231800
0.351000 0.232000
0.351600 0.232000
0.351600 0.232200
0.352400 0.232800
0.352400 0.233000
0.352800 0.233000
0.352800 0.233200
0.353400 0.233200
0.353600 0.233200
0.354400 0.233200
0.355200 0.234000
0.355400 0.234000
0.355800 0.234200
0.356000 0.234200
0.356400 0.234200
0.357200 0.235400
0.357600 0.235400
0.358000 0.236400
0.358200 0.236600
0.359000 0.236600
0.362000 0.236800
0.363200 0.237000
0.363400 0.237000
0.363800 0.237200
0.364000 0.237200
0.364400 0.237200
0.364600 0.237600
0.365000 0.238000
0.365400 0.238000
0.366200 0.238200
0.366600 0.238400
0.366800 0.238400
0.367800 0.238800
0.368400 0.238800
0.368400 0.239000
0.369200 0.239200
0.370400 0.239400
0.370600 0.239400
0.372000 0.239600
0.372600 0.240000
0.373600 0.240200
0.373800 0.240400
0.374800 0.241400
0.375600 0.241600
0.376400 0.241600
0.376800 0.241600
0.377200 0.241800
0.377400 0.242200
0.377600 0.242200
0.378200 0.242200
0.378400 0.242200
0.379000 0.242800
0.379000 0.243400
0.379200 0.243400
0.379800 0.244000
0.380000 0.244200
0.380000 0.244400
0.380400 0.244400
0.380400 0.244600
0.381000 0.245600
0.381800 0.245600
0.382000 0.245600
0.384600 0.245800
0.385000 0.245800
0.385200 0.245800
0.385600 0.245800
0.386400 0.245800
0.386600 0.246200
0.386800 0.246200
0.388400 0.246800
0.389000 0.246800
0.389200 0.246800
0.389400 0.246800
0.389800 0.247000
0.390000 0.247000
0.391600 0.247600
0.392600 0.247800
0.393000 0.248000
0.393400 0.248400
0.393800 0.248600
0.394200 0.249000
0.395200 0.249400
0.396000 0.249600
0.396600 0.249800
0.397400 0.250200
0.397600 0.250200
0.397800 0.250400
0.398400 0.250600
0.400000 0.250800
0.400200 0.251000
0.400200 0.251200
0.401000 0.251200
0.401600 0.251400
0.402200 0.251400
0.402200 0.252000
0.402800 0.252200
0.403000 0.252200
0.403200 0.252200
0.403400 0.252200
0.403600 0.252400
0.404200 0.252400
0.405000 0.252800
0.405400 0.252800
0.405600 0.253000
0.407400 0.253600
0.408000 0.253600
0.408000 0.253800
0.408400 0.253800
0.408800 0.254400
0.409400 0.254600
0.409600 0.254800
0.410000 0.254800
0.410400 0.255000
0.411000 0.255000
0.412000 0.255600
0.413200 0.256200
0.413600 0.256200
0.413800 0.256200
0.414000 0.256200
0.414200 0.256200
0.414800 0.256200
0.415200 0.256200
0.416400 0.256600
0.416600 0.256600
0.416800 0.256800
0.417000 0.257200
0.417200 0.257200
0.417400 0.257600
0.419000 0.258000
0.419200 0.258000
0.419400 0.258000
0.419800 0.258400
0.420400 0.258400
0.421600 0.258400
0.423200 0.259200
0.424000 0.259600
0.425200 0.260200
0.426600 0.260600
0.427000 0.260600
0.427600 0.260600
0.427800 0.261200
0.427800 0.261400
0.428200 0.261600
0.428400 0.262200
0.428600 0.262200
0.430000 0.262400
0.431400 0.263000
0.433800 0.263800
0.434800 0.263800
0.435000 0.263800
0.435800 0.263800
0.437000 0.264000
0.437400 0.264000
0.438400 0.264000
0.439000 0.264000
0.439000 0.264200
0.439800 0.264600
0.440000 0.264800
0.440600 0.264800
0.442400 0.264800
0.442800 0.264800
0.443400 0.265200
0.443800 0.265200
0.443800 0.265400
0.444000 0.265400
0.444800 0.265400
0.445200 0.265600
0.446200 0.266000
0.446400 0.266000
0.447000 0.266800
0.448200 0.267200
0.449000 0.267200
0.449400 0.267400
0.449600 0.267400
0.451200 0.268200
0.451400 0.268400
0.452000 0.268400
0.452200 0.268400
0.453600 0.268600
0.455800 0.269600
0.456000 0.269800
0.456600 0.270200
0.457200 0.270400
0.457200 0.270800
0.457800 0.271000
0.458000 0.271200
0.459000 0.271800
0.459600 0.272200
0.460200 0.272600
0.461200 0.272800
0.461400 0.272800
0.461400 0.273000
0.462400 0.273200
0.462600 0.273400
0.463200 0.273600
0.463800 0.274000
0.464800 0.274200
0.465600 0.274200
0.465800 0.274200
0.466200 0.274200
0.467000 0.275000
0.467400 0.275400
0.467600 0.275400
0.467800 0.275400
0.468600 0.275400
0.471200 0.275600
0.471800 0.275600
0.472200 0.276000
0.473200 0.276200
0.476400 0.277200
0.477000 0.277800
0.477600 0.278000
0.478200 0.278600
0.478400 0.278600
0.479000 0.278800
0.479800 0.279000
0.480000 0.279000
0.482000 0.279600
0.482400 0.279600
0.483800 0.280400
0.484200 0.280400
0.486000 0.281000
0.486400 0.281400
0.487000 0.281400
0.488000 0.281400
0.488800 0.281600
0.489000 0.281600
0.489800 0.282000
0.489800 0.282200
0.490400 0.282200
0.491400 0.282600
0.493000 0.283000
0.494200 0.283200
0.495600 0.284200
0.496200 0.284200
0.496600 0.284400
0.496800 0.284400
0.497000 0.284600
0.497200 0.284600
0.498200 0.285000
0.499200 0.285000
0.499400 0.285200
0.500000 0.285400
0.500200 0.286000
0.500800 0.286400
0.501200 0.286400
0.503200 0.287400
0.504400 0.287600
0.504600 0.287800
0.505000 0.288000
0.506000 0.288200
0.506000 0.288400
0.508200 0.289400
0.511200 0.290200
0.511400 0.290600
0.511400 0.290800
0.512200 0.291000
0.514000 0.291400
0.515000 0.292200
0.515800 0.292200
0.517000 0.292600
0.518200 0.293200
0.518400 0.293600
0.518600 0.293800
0.519600 0.294400
0.519800 0.294400
0.519800 0.294600
0.519800 0.294800
0.520000 0.295400
0.523000 0.297400
0.523000 0.297600
0.523000 0.297800
0.523200 0.297800
0.523400 0.298200
0.525600 0.299000
0.526200 0.299000
0.526800 0.299400
0.527400 0.299600
0.530600 0.300600
0.531400 0.300600
0.531800 0.300600
0.532800 0.300600
0.534800 0.301000
0.534800 0.301400
0.535000 0.301800
0.537400 0.302600
0.537600 0.302800
0.539600 0.303800
0.539800 0.303800
0.540200 0.304000
0.542200 0.304600
0.542800 0.304600
0.542800 0.305000
0.544200 0.305800
0.544600 0.306200
0.545600 0.306800
0.546800 0.306800
0.547400 0.307200
0.547400 0.307400
0.548400 0.307800
0.550200 0.308400
0.551000 0.309400
0.553600 0.309800
0.554200 0.310000
0.554400 0.310000
0.555400 0.310600
0.557000 0.311200
0.557200 0.311200
0.557600 0.311600
0.560400 0.312000
0.560400 0.312200
0.561200 0.312200
0.561400 0.312200
0.562200 0.312200
0.562400 0.312200
0.564000 0.312200
0.564200 0.312400
0.564800 0.312400
0.565000 0.312400
0.567600 0.313800
0.568800 0.314000
0.571400 0.315000
0.571600 0.315000
0.572000 0.315000
0.573200 0.315800
0.574000 0.316000
0.576200 0.316600
0.576400 0.317200
0.578200 0.317800
0.578400 0.317800
0.580000 0.318800
0.581400 0.319000
0.581800 0.319200
0.582800 0.319600
0.584800 0.321000
0.586600 0.321800
0.589800 0.322400
0.590200 0.322400
0.590800 0.322400
0.592600 0.323200
0.593200 0.324000
0.595800 0.325000
0.596000 0.325000
0.598200 0.325800
0.600800 0.326200
0.603000 0.326400
0.603400 0.326400
0.605000 0.326400
0.605400 0.326400
0.605800 0.326400
0.607400 0.327600
0.607800 0.327800
0.608000 0.328000
0.609400 0.328200
0.614000 0.331200
0.615000 0.331600
0.615600 0.332200
0.618400 0.333800
0.621200 0.335400
0.621400 0.335400
0.622200 0.335400
0.622200 0.335800
0.625400 0.337000
0.625600 0.337400
0.625600 0.337800
0.626200 0.338200
0.627600 0.339200
0.627800 0.339400
0.628200 0.339800
0.628800 0.340000
0.629200 0.340000
0.632600 0.341600
0.633200 0.341800
0.633200 0.342000
0.633200 0.342200
0.633400 0.342400
0.634600 0.343000
0.634600 0.343200
0.634800 0.343600
0.635400 0.344400
0.636800 0.344800
0.637600 0.345200
0.638200 0.345200
0.639200 0.345600
0.640000 0.346000
0.641000 0.346600
0.641600 0.346800
0.642000 0.346800
0.642200 0.347200
0.642600 0.347800
0.642800 0.348000
0.643200 0.348200
0.643600 0.348400
0.645000 0.349000
0.646400 0.349600
0.648200 0.350800
0.648600 0.350800
0.649400 0.351200
0.652400 0.352400
0.654600 0.353000
0.658400 0.355200
0.659200 0.355600
0.659600 0.355600
0.659800 0.355600
0.663400 0.356800
0.664000 0.357600
0.664200 0.357800
0.664200 0.358000
0.664600 0.358200
0.666000 0.358600
0.666400 0.358800
0.669200 0.360200
0.670000 0.360200
0.670400 0.360200
0.672800 0.361200
0.675600 0.363000
0.675800 0.363200
0.677400 0.363800
0.680200 0.365400
0.681400 0.365800
0.681600 0.366000
0.682800 0.367000
0.683400 0.367400
0.684600 0.367800
0.684800 0.367800
0.685800 0.368200
0.686600 0.368200
0.687000 0.368200
0.687400 0.368200
0.687800 0.368200
0.688000 0.368200
0.689000 0.369600
0.689200 0.369600
0.689400 0.369600
0.691400 0.370000
0.691600 0.370200
0.693000 0.371000
0.695000 0.372600
0.695400 0.373000
0.696000 0.373400
0.696600 0.373400
0.696600 0.373600
0.697800 0.373600
0.698000 0.373600
0.699000 0.373800
0.699400 0.374000
0.700600 0.375000
0.700800 0.375000
0.701200 0.375000
0.701200 0.375200
0.701600 0.375200
0.702200 0.375600
0.702600 0.375800
0.703000 0.376000
0.703600 0.376400
0.704200 0.376400
0.706200 0.377400
0.706200 0.377600
0.706400 0.377600
0.707800 0.378000
0.709800 0.378400
0.710400 0.379000
0.713000 0.380000
0.713800 0.381000
0.715200 0.381800
0.715400 0.381800
0.715800 0.381800
0.717600 0.382200
0.718000 0.382200
0.720200 0.383400
0.720600 0.383600
0.721000 0.383600
0.721000 0.383800
0.721400 0.383800
0.722800 0.383800
0.725600 0.385000
0.725800 0.385200
0.727400 0.386400
0.728400 0.386600
0.728800 0.386600
0.729000 0.387000
0.729200 0.387400
0.730000 0.388000
0.731800 0.390400
0.733200 0.390600
0.734600 0.390800
0.737000 0.392400
0.739400 0.394200
0.739400 0.394400
0.740000 0.395200
0.743600 0.398400
0.743800 0.398600
0.744400 0.399200
0.744600 0.399400
0.745000 0.400000
0.745600 0.400600
0.745800 0.401000
0.747400 0.401600
0.747600 0.401800
0.747800 0.402200
0.750000 0.403000
0.750800 0.404000
0.751600 0.404200
0.752400 0.404600
0.753400 0.405000
0.753400 0.405400
0.754800 0.405400
0.755400 0.406000
0.758000 0.407800
0.758200 0.407800
0.760200 0.409200
0.761800 0.410400
0.762200 0.410600
0.762800 0.410600
0.764400 0.411400
0.765000 0.411800
0.765400 0.412800
0.765600 0.413200
0.766400 0.413800
0.768400 0.415200
0.769600 0.415200
0.772200 0.417000
0.772600 0.417000
0.773200 0.417000
0.775200 0.418800
0.775600 0.418800
0.776200 0.419200
0.776800 0.419400
0.777800 0.419800
0.778000 0.419800
0.778600 0.420400
0.779200 0.422400
0.780000 0.422600
0.780000 0.423000
0.780000 0.423200
0.782800 0.425200
0.783600 0.425400
0.784400 0.425600
0.787400 0.428200
0.788200 0.429200
0.788800 0.429600
0.790200 0.431000
0.790400 0.431000
0.791200 0.431600
0.791200 0.432200
0.791600 0.432800
0.792800 0.433600
0.793000 0.434000
0.793000 0.434600
0.793400 0.435000
0.794200 0.435800
0.794400 0.436400
0.796400 0.437800
0.797200 0.437800
0.797400 0.438000
0.797600 0.438600
0.799200 0.439400
0.800000 0.440400
0.800200 0.440600
0.801800 0.441600
0.802400 0.441800
0.802800 0.441800
0.804400 0.443000
0.806800 0.445600
0.807000 0.446600
0.807400 0.447200
0.807800 0.447200
0.808600 0.447400
0.809400 0.447600
0.810200 0.448000
0.810400 0.448200
0.810400 0.448400
0.810800 0.448600
0.811200 0.448800
0.811600 0.449000
0.813800 0.450000
0.814400 0.451600
0.814600 0.451600
0.815400 0.452600
0.816400 0.454000
0.819000 0.456200
0.819400 0.456200
0.820600 0.457200
0.821400 0.458600
0.822400 0.459200
0.822400 0.459600
0.823600 0.459800
0.824200 0.460200
0.824600 0.461400
0.825000 0.462600
0.825200 0.462800
0.828400 0.464200
0.828800 0.464600
0.830600 0.467000
0.830600 0.467800
0.834600 0.470200
0.836000 0.471200
0.836200 0.471200
0.837600 0.472600
0.837600 0.472800
0.837800 0.473400
0.838200 0.474400
0.838600 0.474600
0.839800 0.475400
0.840400 0.475600
0.840800 0.475600
0.845200 0.482400
0.845800 0.483400
0.846600 0.483800
0.847400 0.484400
0.848200 0.484400
0.848400 0.484600
0.848800 0.484800
0.849000 0.484800
0.850800 0.488800
0.851600 0.489600
0.851600 0.489800
0.851800 0.490600
0.852400 0.490600
0.853000 0.492000
0.853200 0.492200
0.854000 0.493200
0.855200 0.495800
0.855200 0.497600
0.855800 0.498800
0.857400 0.500400
0.859600 0.502000
0.861600 0.504400
0.862200 0.504800
0.862800 0.506200
0.864200 0.509000
0.864400 0.509400
0.864800 0.510000
0.865600 0.510800
0.867200 0.512600
0.867200 0.514400
0.867400 0.514800
0.867600 0.515400
0.867600 0.515600
0.868400 0.516200
0.868600 0.516800
0.869000 0.517400
0.871200 0.519600
0.872200 0.521200
0.872400 0.522000
0.873400 0.523400
0.875200 0.524800
0.875400 0.525000
0.878400 0.527600
0.879200 0.527800
0.879800 0.528200
0.879800 0.528600
0.880000 0.529200
0.881400 0.531400
0.881600 0.531600
0.881600 0.531800
0.882400 0.534000
0.883400 0.536000
0.883400 0.536600
0.883800 0.536600
0.885800 0.539200
0.886000 0.540200
0.886800 0.542600
0.887800 0.545000
0.888600 0.549200
0.889400 0.552800
0.889600 0.553600
0.889800 0.554000
0.890000 0.554200
0.890400 0.556000
0.890600 0.557000
0.890800 0.558600
0.894200 0.563400
0.894600 0.564800
0.896400 0.567000
0.896600 0.567000
0.896800 0.567000
0.896800 0.567200
0.900000 0.574800
0.900400 0.575600
0.900400 0.575800
0.900600 0.576000
0.902600 0.579400
0.902800 0.579800
0.903400 0.580800
0.905200 0.581600
0.906400 0.583400
0.906400 0.583600
0.906400 0.584200
0.907400 0.585600
0.907400 0.585800
0.907600 0.585800
0.907600 0.587000
0.909000 0.588600
0.910400 0.591000
0.912200 0.592800
0.913000 0.593400
0.913200 0.594200
0.914000 0.595600
0.914600 0.596000
0.915200 0.601000
0.918000 0.605000
0.918600 0.606200
0.919000 0.607200
0.919200 0.608200
0.920400 0.611400
0.921400 0.612400
0.921600 0.612800
0.922200 0.614200
0.924000 0.620600
0.924200 0.621800
0.924600 0.622000
0.925000 0.623200
0.925000 0.623400
0.925200 0.623400
0.925200 0.626200
0.926400 0.631200
0.926600 0.632000
0.926600 0.632200
0.926800 0.633200
0.929000 0.636600
0.929200 0.637000
0.929800 0.638200
0.929800 0.639400
0.930000 0.639600
0.930000 0.639800
0.930600 0.643000
0.930800 0.643000
0.930800 0.643600
0.930800 0.644000
0.931400 0.644600
0.931800 0.645600
0.932200 0.646600
0.932600 0.647600
0.933000 0.650000
0.933000 0.650200
0.933800 0.652800
0.933800 0.653400
0.934000 0.655000
0.934400 0.656600
0.934800 0.657600
0.936000 0.661600
0.936200 0.662200
0.936400 0.662600
0.936400 0.662800
0.937000 0.665200
0.938800 0.669200
0.938800 0.671000
0.938800 0.671800
0.939800 0.675600
0.940400 0.677200
0.940600 0.678200
0.941600 0.682600
0.942600 0.685600
0.943000 0.686200
0.943200 0.686200
0.944000 0.689000
0.944400 0.690200
0.944600 0.690600
0.945200 0.693800
0.945400 0.695800
0.945400 0.696400
0.945600 0.696600
0.946200 0.699800
0.947000 0.702400
0.947600 0.703600
0.947600 0.704000
0.947800 0.707400
0.948000 0.707400
0.948000 0.707600
0.948600 0.708600
0.949000 0.709400
0.949200 0.709800
0.950200 0.712400
0.951000 0.715800
0.951200 0.715800
0.951200 0.716200
0.951600 0.716600
0.951800 0.717200
0.953200 0.719400
0.955600 0.723200
0.955800 0.724600
0.955800 0.724800
0.956400 0.726000
0.956600 0.726800
0.956600 0.727600
0.957000 0.728800
0.957000 0.729400
0.957200 0.730200
0.958200 0.732800
0.959200 0.736200
0.959400 0.736600
0.959800 0.737600
0.959800 0.738000
0.959800 0.738400
0.960200 0.740600
0.960400 0.741400
0.960800 0.742800
0.961400 0.746200
0.961600 0.747400
0.961600 0.748200
0.962000 0.754000
0.962600 0.755000
0.962800 0.755200
0.962800 0.755800
0.962800 0.756000
0.962800 0.756400
0.963000 0.756800
0.963200 0.759200
0.963400 0.760400
0.963400 0.760600
0.963600 0.762200
0.963600 0.762600
0.963600 0.762800
0.963800 0.764800
0.964400 0.767400
0.964600 0.768400
0.964800 0.768400
0.965000 0.770000
0.965200 0.773000
0.965400 0.773200
0.965800 0.775200
0.966000 0.775400
0.967000 0.777200
0.967000 0.777600
0.967200 0.778200
0.967200 0.780400
0.967400 0.781400
0.967400 0.782000
0.967400 0.782200
0.967800 0.783600
0.967800 0.783800
0.968000 0.784600
0.968200 0.785800
0.968400 0.786200
0.968400 0.786800
0.969600 0.789800
0.969600 0.790400
0.969600 0.794600
0.970200 0.797000
0.970400 0.797600
0.970400 0.798200
0.970400 0.798400
0.970600 0.798600
0.970600 0.798800
0.970800 0.799000
0.971200 0.799800
0.971200 0.800400
0.971400 0.801000
0.972000 0.805000
0.972000 0.805600
0.972800 0.808200
0.973200 0.810200
0.973200 0.810400
0.973200 0.810800
0.973400 0.811600
0.973400 0.812000
0.973600 0.812600
0.973800 0.813800
0.974800 0.816400
0.975000 0.817400
0.975000 0.818000
0.975200 0.818000
0.975200 0.818800
0.975200 0.819000
0.975200 0.819200
0.975200 0.820000
0.975200 0.820800
0.975400 0.821200
0.975800 0.823200
0.976000 0.824000
0.976600 0.824800
0.976600 0.826800
0.976800 0.827800
0.977000 0.829400
0.977000 0.830000
0.977200 0.830200
0.977400 0.831200
0.977600 0.831400
0.977600 0.831800
0.978200 0.833200
0.978200 0.833600
0.978200 0.833800
0.978600 0.835200
0.978800 0.835600
0.979200 0.836400
0.979200 0.836600
0.979400 0.838400
0.979400 0.838600
0.979400 0.838800
0.979400 0.839800
0.979400 0.840600
0.979400 0.841000
0.979800 0.842000
0.980200 0.843800
0.980400 0.845000
0.980800 0.845600
0.980800 0.846800
0.980800 0.847000
0.980800 0.847200
0.981000 0.848600
0.981600 0.850600
0.981800 0.852600
0.982000 0.854200
0.982000 0.854400
0.982000 0.854600
0.982000 0.854800
0.982200 0.854800
0.982200 0.855600
0.982200 0.855800
0.982400 0.856600
0.982600 0.857200
0.982600 0.857600
0.982600 0.858200
0.982800 0.858400
0.982800 0.859200
0.983200 0.860600
0.983400 0.861200
0.983400 0.861800
0.983600 0.861800
0.983600 0.862000
0.983600 0.862800
0.983600 0.863200
0.983600 0.863400
0.984400 0.866800
0.984600 0.867400
0.984600 0.868400
0.984600 0.869600
0.984800 0.869800
0.984800 0.870400
0.984800 0.870800
0.985000 0.872200
0.985000 0.872400
0.985200 0.873000
0.985400 0.874000
0.985400 0.874600
0.985600 0.875200
0.985600 0.876200
0.985600 0.876600
0.985600 0.876800
0.985600 0.877000
0.985600 0.877400
0.985800 0.877800
0.985800 0.878600
0.985800 0.879600
0.986200 0.881000
0.986200 0.881800
0.986200 0.882600
0.986200 0.883200
0.986400 0.884200
0.986400 0.884600
0.986400 0.885000
0.986400 0.885800
0.986800 0.886800
0.986800 0.887000
0.987000 0.887600
0.987200 0.888600
0.987200 0.891200
0.987200 0.891600
0.987600 0.892000
0.987800 0.892800
0.987800 0.893400
0.988200 0.893600
0.988200 0.893800
0.988200 0.894200
0.988400 0.894400
0.988400 0.894600
0.988400 0.895000
0.988400 0.895400
0.988600 0.896000
0.988600 0.896400
0.988600 0.898000
0.988800 0.898800
0.988800 0.899000
0.989000 0.899000
0.989000 0.899400
0.989000 0.899600
0.989000 0.900600
0.989000 0.901000
0.989000 0.902000
0.989000 0.903200
0.989000 0.903400
0.989000 0.904000
0.989000 0.904600
0.989200 0.904800
0.989200 0.905600
0.989200 0.905800
0.989200 0.907800
0.989200 0.909800
0.989200 0.910200
0.989400 0.910600
0.989600 0.911600
0.989600 0.911800
0.989600 0.913600
0.989800 0.913800
0.989800 0.914400
0.989800 0.914800
0.989800 0.915200
0.989800 0.915400
0.989800 0.915600
0.989800 0.915800
0.989800 0.916600
0.989800 0.917200
0.989800 0.917600
0.989800 0.918400
0.990000 0.918400
0.990000 0.918800
0.990000 0.919200
0.990000 0.919400
0.990000 0.919600
0.990000 0.920000
0.990000 0.920200
0.990200 0.920800
0.990200 0.921200
0.990200 0.921400
0.990200 0.921600
0.990200 0.922200
0.990200 0.922400
0.990200 0.922800
0.990600 0.923600
0.991000 0.924000
0.991200 0.924800
0.991400 0.924800
0.991400 0.925400
0.991400 0.926400
0.991400 0.926800
0.991800 0.927000
0.991800 0.927400
0.992000 0.927400
0.992000 0.927600
0.992400 0.928200
0.992400 0.929000
0.992400 0.930000
0.992400 0.930400
0.992600 0.930600
0.992600 0.931000
0.992800 0.931400
0.992800 0.931600
0.992800 0.932000
0.992800 0.932600
0.993000 0.932600
0.993000 0.933000
0.993200 0.933400
0.993200 0.933600
0.993200 0.934200
0.993200 0.934400
0.993400 0.934800
0.993600 0.935000
0.993800 0.935600
0.993800 0.935800
0.993800 0.936000
0.994000 0.936400
0.994200 0.936400
0.994200 0.936600
0.994200 0.937200
0.994400 0.937800
0.994400 0.938200
0.994600 0.938800
0.994600 0.939000
0.994600 0.939400
0.994600 0.939600
0.994600 0.939800
0.994600 0.940000
0.994800 0.940400
0.995000 0.941000
0.995000 0.941600
0.995000 0.941800
0.995000 0.942200
0.995000 0.943000
0.995400 0.944000
0.995600 0.944000
0.995800 0.944000
0.995800 0.944200
0.995800 0.945000
0.996000 0.945400
0.996000 0.945800
0.996000 0.946000
0.996200 0.946000
0.996200 0.946400
0.996200 0.946600
0.996200 0.947400
0.996200 0.947600
0.996400 0.948000
0.996800 0.948800
0.996800 0.949200
0.996800 0.949400
0.996800 0.949800
0.996800 0.950600
0.996800 0.950800
0.996800 0.952000
0.996800 0.953000
0.997000 0.953800
0.997000 0.954200
0.997200 0.954200
0.997200 0.954400
0.997200 0.954800
0.997200 0.955000
0.997200 0.955800
0.997200 0.956000
0.997200 0.956200
0.997200 0.956400
0.997200 0.956600
0.997200 0.957000
0.997200 0.957200
0.997200 0.957400
0.997200 0.958200
0.997400 0.958800
0.997400 0.959000
0.997600 0.959600
0.997600 0.960000
0.997800 0.960400
0.998000 0.960400
0.998200 0.960400
0.998200 0.960600
0.998200 0.961200
0.998200 0.961400
0.998200 0.961800
0.998200 0.962000
0.998200 0.962600
0.998400 0.962600
0.998400 0.962800
0.998600 0.963000
0.998600 0.963200
0.998600 0.963600
0.998600 0.963800
0.998600 0.964000
0.998600 0.964200
0.998800 0.964400
0.998800 0.965000
0.998800 0.965200
0.998800 0.965400
0.998800 0.966200
0.998800 0.967000
0.998800 0.967200
0.998800 0.967400
0.998800 0.967600
0.998800 0.967800
0.998800 0.968000
0.998800 0.968400
0.998800 0.968800
0.998800 0.969200
0.998800 0.969600
0.998800 0.969800
0.999000 0.969800
0.999000 0.970200
0.999000 0.970400
0.999000 0.971200
0.999000 0.971800
0.999000 0.972200
0.999000 0.972400
0.999000 0.973000
0.999000 0.973200
0.999000 0.973800
0.999000 0.974000
0.999000 0.974200
0.999000 0.974600
0.999000 0.974800
0.999000 0.975000
0.999000 0.975400
0.999000 0.975800
0.999000 0.976000
0.999000 0.976400
0.999200 0.976600
0.999200 0.976800
0.999200 0.977000
0.999200 0.977200
0.999200 0.977600
0.999200 0.977800
0.999200 0.978200
0.999200 0.978400
0.999200 0.978600
0.999200 0.979000
0.999200 0.979200
0.999200 0.979400
0.999200 0.979800
0.999200 0.980000
0.999200 0.980800
0.999200 0.981200
0.999200 0.981600
0.999200 0.982000
0.999200 0.982200
0.999200 0.982400
0.999200 0.982800
0.999200 0.983000
0.999200 0.983400
0.999200 0.983800
0.999200 0.984000
0.999200 0.984200
0.999200 0.985400
0.999200 0.985800
0.999200 0.986000
0.999200 0.986200
0.999200 0.986800
0.999200 0.987000
0.999200 0.987200
0.999200 0.987400
0.999200 0.987800
0.999200 0.988000
0.999200 0.988200
0.999200 0.988400
0.999400 0.988400
0.999400 0.988600
0.999400 0.989000
0.999400 0.989600
0.999600 0.989600
0.999600 0.989800
0.999600 0.990000
0.999600 0.990400
0.999600 0.990600
0.999600 0.990800
0.999600 0.991200
0.999600 0.991400
0.999600 0.991600
0.999600 0.991800
0.999600 0.992200
0.999600 0.992400
0.999600 0.992600
0.999600 0.992800
0.999600 0.993400
0.999600 0.993600
0.999600 0.993800
0.999600 0.994000
0.999600 0.994600
0.999600 0.994800
0.999600 0.995200
0.999600 0.995400
0.999600 0.995600
0.999600 0.995800
0.999600 0.996000
0.999600 0.996200
0.999600 0.996600
0.999600 0.996800
0.999600 0.997000
0.999600 0.997200
0.999800 0.997200
0.999800 0.997400
0.999800 0.997600
0.999800 0.997800
1.000000 0.997800
1.000000 0.998000
1.000000 0.998200
1.000000 0.998400
1.000000 0.998600
1.000000 0.998800
1.000000 0.999000
1.000000 0.999200
1.000000 0.999400
1.000000 0.999600
1.000000 0.999800
1.000000 1.000000
