0.000000 0.000200
0.000000 0.000400
0.000000 0.000600
0.000000 0.000800
0.000000 0.001000
0.000000 0.001200
0.000000 0.001400
0.000000 0.001600
0.000000 0.001800
0.000000 0.002000
0.000000 0.002200
0.000000 0.002400
0.000200 0.002400
0.000200 0.002600
0.000200 0.002800
0.000400 0.002800
0.000400 0.003000
0.000400 0.003200
0.000400 0.003400
0.000400 0.003600
0.000400 0.003800
0.000400 0.004000
0.000400 0.004200
0.000600 0.004200
0.000600 0.004400
0.000600 0.004600
0.000600 0.004800
0.000600 0.005000
0.000600 0.005200
0.000800 0.005200
0.000800 0.005400
0.000800 0.005600
0.000800 0.005800
0.000800 0.006000
0.000800 0.006200
0.000800 0.006400
0.000800 0.006600
0.000800 0.006800
0.000800 0.007000
0.000800 0.007200
0.000800 0.007400
0.001000 0.007400
0.001000 0.007600
0.001000 0.007800
0.001200 0.007800
0.001200 0.008000
0.001200 0.008200
0.001200 0.008400
0.001200 0.008600
0.001200 0.008800
0.001200 0.009000
0.001200 0.009200
0.001200 0.009400
0.001200 0.009600
0.001200 0.009800
0.001400 0.009800
0.001400 0.010000
0.001400 0.010200
0.001400 0.010400
0.001400 0.010600
0.001400 0.010800
0.001600 0.010800
0.001800 0.010800
0.001800 0.011000
0.002000 0.011000
0.002000 0.011200
0.002000 0.011400
0.002000 0.011600
0.002000 0.011800
0.002000 0.012000
0.002000 0.012200
0.002200 0.012200
0.002200 0.012400
0.002200 0.012600
0.002200 0.012800
0.002400 0.012800
0.002400 0.013000
0.002400 0.013200
0.002400 0.013400
0.002400 0.013600
0.002400 0.013800
0.002400 0.014000
0.002400 0.014200
0.002600 0.014200
0.002600 0.014400
0.002600 0.014600
0.002600 0.014800
0.002800 0.014800
0.002800 0.015000
0.002800 0.015200
0.002800 0.015400
0.002800 0.015600
0.002800 0.015800
0.002800 0.016000
0.002800 0.016200
0.002800 0.016400
0.002800 0.016600
0.003000 0.016600
0.003000 0.016800
0.003000 0.017000
0.003000 0.017200
0.003000 0.017400
0.003200 0.017400
0.003200 0.017600
0.003200 0.017800
0.003200 0.018000
0.003200 0.018200
0.003200 0.018400
0.003200 0.018600
0.003200 0.018800
0.003200 0.019000
0.003200 0.019200
0.003400 0.019200
0.003400 0.019400
0.003400 0.019600
0.003400 0.019800
0.003600 0.019800
0.003800 0.019800
0.004000 0.019800
0.004000 0.020000
0.004000 0.020200
0.004000 0.020400
0.004000 0.020600
0.004000 0.020800
0.004000 0.021000
0.004000 0.021200
0.004000 0.021400
0.004000 0.021600
0.004000 0.021800
0.004000 0.022000
0.004000 0.022200
0.004000 0.022400
0.004200 0.022400
0.004400 0.022400
0.004400 0.022600
0.004400 0.022800
0.004400 0.023000
0.004600 0.023000
0.004600 0.023200
0.004600 0.023400
0.004600 0.023600
0.004600 0.023800
0.004600 0.024000
0.004600 0.024200
0.004600 0.024400
0.004800 0.024400
0.004800 0.024600
0.004800 0.024800
0.004800 0.025000
0.004800 0.025200
0.004800 0.025400
0.004800 0.025600
0.004800 0.025800
0.004800 0.026000
0.004800 0.026200
0.005000 0.026200
0.005000 0.026400
0.005000 0.026600
0.005000 0.026800
0.005000 0.027000
0.005000 0.027200
0.005000 0.027400
0.005000 0.027600
0.005200 0.027600
0.005200 0.027800
0.005200 0.028000
0.005200 0.028200
0.005200 0.028400
0.005200 0.028600
0.005200 0.028800
0.005400 0.028800
0.005400 0.029000
0.005400 0.029200
0.005600 0.029200
0.005600 0.029400
0.005600 0.029600
0.005600 0.029800
0.005600 0.030000
0.005600 0.030200
0.005600 0.030400
0.005600 0.030600
0.005800 0.030600
0.006000 0.030600
0.006000 0.030800
0.006000 0.031000
0.006000 0.031200
0.006000 0.031400
0.006000 0.031600
0.006000 0.031800
0.006000 0.032000
0.006000 0.032200
0.006000 0.032400
0.006000 0.032600
0.006000 0.032800
0.006200 0.032800
0.006200 0.033000
0.006400 0.033000
0.006600 0.033000
0.006600 0.033200
0.006600 0.033400
0.006600 0.033600
0.006600 0.033800
0.006600 0.034000
0.006600 0.034200
0.006600 0.034400
0.006800 0.034400
0.006800 0.034600
0.007000 0.034600
0.007000 0.034800
0.007000 0.035000
0.007000 0.035200
0.007200 0.035200
0.007400 0.035200
0.007400 0.035400
0.007400 0.035600
0.007400 0.035800
0.007600 0.035800
0.007600 0.036000
0.007800 0.036000
0.007800 0.036200
0.007800 0.036400
0.007800 0.036600
0.007800 0.036800
0.007800 0.037000
0.007800 0.037200
0.007800 0.037400
0.008000 0.037400
0.008000 0.037600
0.008000 0.037800
0.008000 0.038000
0.008200 0.038000
0.008400 0.038000
0.008400 0.038200
0.008400 0.038400
0.008400 0.038600
0.008400 0.038800
0.008600 0.038800
0.008800 0.038800
0.008800 0.039000
0.009000 0.039000
0.009000 0.039200
0.009000 0.039400
0.009000 0.039800
0.009000 0.040000
0.009200 0.040000
0.009200 0.040200
0.009400 0.040400
0.009400 0.040600
0.009400 0.040800
0.009400 0.041000
0.009400 0.041200
0.009600 0.041200
0.009600 0.041400
0.009600 0.041600
0.009800 0.041600
0.009800 0.041800
0.009800 0.042000
0.009800 0.042200
0.009800 0.042400
0.009800 0.042600
0.009800 0.042800
0.009800 0.043000
0.009800 0.043200
0.010000 0.043200
0.010200 0.043200
0.010200 0.043400
0.010400 0.043400
0.010400 0.043600
0.010600 0.043600
0.010800 0.043600
0.010800 0.043800
0.010800 0.044000
0.010800 0.044200
0.010800 0.044400
0.010800 0.044600
0.010800 0.044800
0.010800 0.045000
0.011000 0.045000
0.011000 0.045200
0.011000 0.045400
0.011000 0.045600
0.011000 0.045800
0.011000 0.046000
0.011200 0.046000
0.011400 0.046000
0.011400 0.046200
0.011400 0.046400
0.011400 0.046600
0.011400 0.046800
0.011600 0.046800
0.011600 0.047000
0.011600 0.047200
0.011600 0.047400
0.011600 0.047600
0.011800 0.047600
0.011800 0.047800
0.012000 0.047800
0.012000 0.048000
0.012000 0.048200
0.012200 0.048200
0.012400 0.048200
0.012600 0.048200
0.012800 0.048200
0.012800 0.048400
0.012800 0.048600
0.012800 0.048800
0.013000 0.048800
0.013000 0.049000
0.013000 0.049200
0.013000 0.049400
0.013200 0.049400
0.013200 0.049600
0.013400 0.049600
0.013400 0.049800
0.013600 0.049800
0.013800 0.049800
0.013800 0.050000
0.014000 0.050000
0.014200 0.050000
0.014200 0.050200
0.014200 0.050400
0.014200 0.050600
0.014400 0.050600
0.014600 0.050600
0.014800 0.050600
0.015000 0.050600
0.015000 0.050800
0.015200 0.050800
0.015200 0.051000
0.015400 0.051000
0.015600 0.051000
0.015600 0.051200
0.015600 0.051400
0.015800 0.051400
0.015800 0.051600
0.015800 0.051800
0.015800 0.052000
0.015800 0.052200
0.015800 0.052400
0.015800 0.052600
0.015800 0.052800
0.015800 0.053000
0.016000 0.053000
0.016000 0.053200
0.016000 0.053400
0.016000 0.053600
0.016000 0.053800
0.016200 0.053800
0.016200 0.054000
0.016200 0.054200
0.016200 0.054400
0.016400 0.054400
0.016600 0.054400
0.016800 0.054400
0.016800 0.054600
0.016800 0.054800
0.016800 0.055000
0.016800 0.055200
0.017000 0.055200
0.017200 0.055200
0.017400 0.055200
0.017600 0.055200
0.017600 0.055400
0.017600 0.055600
0.017600 0.055800
0.017600 0.056000
0.017600 0.056200
0.017600 0.056400
0.017600 0.056600
0.017600 0.056800
0.017800 0.056800
0.017800 0.057000
0.017800 0.057200
0.018000 0.057200
0.018000 0.057400
0.018200 0.057400
0.018200 0.057600
0.018400 0.057600
0.018400 0.057800
0.018400 0.058000
0.018600 0.058000
0.018800 0.058000
0.018800 0.058200
0.018800 0.058400
0.019000 0.058400
0.019000 0.058600
0.019200 0.058600
0.019200 0.058800
0.019200 0.059000
0.019200 0.059200
0.019200 0.059400
0.019200 0.059600
0.019400 0.059600
0.019400 0.059800
0.019400 0.060000
0.019400 0.060200
0.019600 0.060200
0.019800 0.060200
0.019800 0.060400
0.019800 0.060600
0.020000 0.060600
0.020200 0.060800
0.020400 0.060800
0.020800 0.060800
0.021000 0.061000
0.021000 0.061200
0.021200 0.061200
0.021200 0.061400
0.021200 0.061600
0.021200 0.061800
0.021200 0.062000
0.021400 0.062000
0.021600 0.062000
0.021800 0.062000
0.022200 0.062000
0.022200 0.062200
0.022200 0.062400
0.022200 0.062600
0.022200 0.062800
0.022200 0.063000
0.022400 0.063000
0.022400 0.063200
0.022400 0.063400
0.022400 0.063600
0.022400 0.063800
0.022400 0.064000
0.022400 0.064200
0.022400 0.064400
0.022400 0.064800
0.022400 0.065000
0.022600 0.065000
0.022600 0.065200
0.022600 0.065400
0.022800 0.065400
0.022800 0.065600
0.022800 0.065800
0.023000 0.065800
0.023000 0.066000
0.023200 0.066000
0.023200 0.066200
0.023400 0.066200
0.023600 0.066200
0.023800 0.066200
0.023800 0.066400
0.024000 0.066400
0.024200 0.066400
0.024200 0.066600
0.024400 0.066800
0.024600 0.066800
0.024800 0.066800
0.024800 0.067000
0.024800 0.067200
0.025000 0.067200
0.025000 0.067400
0.025000 0.067600
0.025000 0.067800
0.025000 0.068000
0.025200 0.068000
0.025400 0.068000
0.025400 0.068200
0.025400 0.068400
0.025600 0.068600
0.025800 0.068600
0.026000 0.068800
0.026000 0.069000
0.026000 0.069200
0.026200 0.069200
0.026200 0.069400
0.026200 0.069600
0.026200 0.069800
0.026200 0.070000
0.026200 0.070200
0.026400 0.070200
0.026400 0.070400
0.026400 0.070600
0.026400 0.070800
0.026400 0.071000
0.026600 0.071000
0.027000 0.071400
0.027200 0.071400
0.027200 0.071600
0.027200 0.071800
0.027400 0.071800
0.027600 0.071800
0.027600 0.072000
0.027600 0.072200
0.027600 0.072400
0.027600 0.072600
0.027800 0.072600
0.027800 0.072800
0.028000 0.072800
0.028200 0.072800
0.028200 0.073000
0.028200 0.073200
0.028600 0.073200
0.028600 0.073400
0.028800 0.073400
0.029000 0.073400
0.029200 0.073400
0.029200 0.073600
0.029200 0.073800
0.029400 0.074000
0.029400 0.074200
0.029600 0.074200
0.029800 0.074200
0.030000 0.074200
0.030000 0.074400
0.030200 0.074400
0.030400 0.074400
0.030600 0.074400
0.030600 0.074600
0.030600 0.074800
0.030600 0.075000
0.030600 0.075200
0.030800 0.075200
0.031000 0.075200
0.031000 0.075400
0.031000 0.075600
0.031200 0.075600
0.031400 0.075600
0.031400 0.075800
0.031400 0.076000
0.031600 0.076000
0.031600 0.076200
0.031800 0.076200
0.032000 0.076200
0.032200 0.076200
0.032200 0.076400
0.032200 0.076600
0.032200 0.076800
0.032200 0.077000
0.032400 0.077000
0.032400 0.077200
0.032400 0.077400
0.032400 0.077600
0.032600 0.077600
0.032800 0.077600
0.032800 0.078000
0.032800 0.078200
0.033000 0.078200
0.033200 0.078200
0.033200 0.078400
0.033400 0.078400
0.033600 0.078400
0.033600 0.078600
0.033800 0.078600
0.034000 0.078600
0.034000 0.078800
0.034000 0.079000
0.034200 0.079200
0.034200 0.079600
0.034400 0.079600
0.034400 0.079800
0.034800 0.079800
0.035000 0.079800
0.035000 0.080000
0.035200 0.080000
0.035400 0.080000
0.035600 0.080000
0.035600 0.080200
0.035800 0.080200
0.036000 0.080200
0.036000 0.080400
0.036200 0.080600
0.036400 0.080600
0.036400 0.081000
0.036600 0.081000
0.036600 0.081200
0.036800 0.081200
0.037000 0.081200
0.037000 0.081400
0.037200 0.081400
0.037200 0.081600
0.037400 0.081800
0.037400 0.082000
0.037600 0.082400
0.037600 0.082600
0.037600 0.082800
0.037800 0.082800
0.038000 0.082800
0.038200 0.082800
0.038400 0.082800
0.038400 0.083000
0.038600 0.083000
0.038600 0.083200
0.038800 0.083200
0.038800 0.083400
0.039000 0.083400
0.039200 0.083400
0.039600 0.083400
0.039600 0.083600
0.039600 0.083800
0.039800 0.083800
0.040000 0.083800
0.040200 0.084000
0.040400 0.084000
0.040600 0.084000
0.040800 0.084200
0.041000 0.084400
0.041000 0.084600
0.041200 0.084600
0.041200 0.084800
0.041200 0.085000
0.041400 0.085000
0.041800 0.085000
0.042000 0.085000
0.042000 0.085200
0.042200 0.085200
0.042400 0.085200
0.042400 0.085400
0.042600 0.085400
0.043000 0.085400
0.043000 0.085600
0.043000 0.085800
0.043000 0.086000
0.043200 0.086000
0.043400 0.086000
0.043400 0.086200
0.043400 0.086400
0.043800 0.086400
0.044000 0.086400
0.044200 0.086400
0.044400 0.086600
0.044600 0.086600
0.044600 0.086800
0.044800 0.086800
0.045000 0.087200
0.045200 0.087200
0.045200 0.087400
0.045600 0.087400
0.045600 0.087600
0.046000 0.087600
0.046200 0.087600
0.046200 0.087800
0.046400 0.087800
0.046400 0.088000
0.046600 0.088000
0.046600 0.088200
0.046600 0.088400
0.046800 0.088400
0.046800 0.088800
0.047200 0.089000
0.047600 0.089000
0.047800 0.089000
0.048000 0.089000
0.048200 0.089000
0.048200 0.089200
0.048400 0.089200
0.048800 0.089200
0.049000 0.089200
0.049200 0.089200
0.049400 0.089200
0.049600 0.089200
0.049600 0.089400
0.049800 0.089400
0.049800 0.089600
0.050000 0.089600
0.050200 0.089600
0.050400 0.089600
0.050800 0.089600
0.051200 0.089600
0.051400 0.089600
0.051600 0.089800
0.051600 0.090000
0.052000 0.090000
0.052000 0.090200
0.052200 0.090200
0.052400 0.090200
0.052600 0.090200
0.052800 0.090200
0.053000 0.090200
0.053200 0.090200
0.053200 0.090400
0.053400 0.090400
0.053400 0.090600
0.053400 0.090800
0.053600 0.090800
0.054200 0.091000
0.054400 0.091000
0.054400 0.091400
0.054800 0.091400
0.055000 0.091400
0.055200 0.091600
0.055400 0.091600
0.055600 0.091800
0.055600 0.092000
0.055800 0.092000
0.056000 0.092000
0.056200 0.092000
0.056400 0.092000
0.056600 0.092000
0.056800 0.092000
0.056800 0.092200
0.057000 0.092200
0.057200 0.092200
0.057400 0.092200
0.057600 0.092200
0.057600 0.092400
0.057800 0.092600
0.058000 0.092600
0.058200 0.092600
0.058200 0.093200
0.058400 0.093200
0.059000 0.093400
0.059200 0.093400
0.059400 0.093400
0.059600 0.093400
0.060000 0.093400
0.060000 0.093800
0.060200 0.093800
0.060400 0.093800
0.060400 0.094000
0.060600 0.094000
0.060600 0.094400
0.061000 0.094600
0.061200 0.094600
0.061400 0.094600
0.061600 0.094600
0.061800 0.094600
0.061800 0.094800
0.062000 0.094800
0.062200 0.094800
0.062600 0.094800
0.062800 0.094800
0.063200 0.094800
0.063200 0.095000
0.063400 0.095000
0.063600 0.095000
0.064000 0.095000
0.064200 0.095000
0.064600 0.095000
0.064800 0.095000
0.064800 0.095400
0.065400 0.095800
0.065400 0.096000
0.065600 0.096000
0.065800 0.096000
0.065800 0.096200
0.066000 0.096600
0.066200 0.096600
0.066400 0.096600
0.066400 0.096800
0.066600 0.096800
0.066600 0.097000
0.066800 0.097000
0.067000 0.097200
0.067200 0.097400
0.067400 0.097400
0.067600 0.097400
0.067800 0.097400
0.068000 0.097400
0.068600 0.097400
0.068600 0.097600
0.068800 0.097600
0.069200 0.097600
0.069400 0.097600
0.069400 0.097800
0.069800 0.098000
0.069800 0.098400
0.070000 0.098400
0.070200 0.098400
0.070400 0.098400
0.070600 0.098400
0.071000 0.098400
0.071200 0.098400
0.071600 0.098400
0.072000 0.098400
0.072200 0.098600
0.072400 0.098600
0.073000 0.098800
0.073400 0.098800
0.073600 0.098800
0.073800 0.098800
0.073800 0.099000
0.074400 0.099000
0.075000 0.099200
0.075200 0.099200
0.075600 0.099600
0.075600 0.100000
0.075800 0.100000
0.076200 0.100000
0.076400 0.100200
0.076800 0.100200
0.077000 0.100200
0.077200 0.100200
0.077200 0.100400
0.077200 0.100600
0.077400 0.100600
0.077600 0.100600
0.077800 0.100600
0.078000 0.100600
0.078400 0.100600
0.078400 0.100800
0.078600 0.101000
0.078800 0.101200
0.079000 0.101400
0.079200 0.101400
0.079400 0.101600
0.079600 0.101800
0.079600 0.102200
0.080200 0.102400
0.080400 0.102400
0.080600 0.102600
0.080800 0.102600
0.081400 0.102800
0.081600 0.102800
0.082200 0.102800
0.082600 0.103200
0.083000 0.103400
0.083000 0.103800
0.083200 0.103800
0.083200 0.104000
0.083600 0.104000
0.083600 0.104200
0.083800 0.104200
0.084000 0.104200
0.084400 0.104400
0.084400 0.104600
0.084400 0.104800
0.084600 0.104800
0.084800 0.105000
0.085000 0.105000
0.085200 0.105000
0.085400 0.105200
0.085400 0.105400
0.085600 0.105400
0.086000 0.105400
0.086000 0.105600
0.086000 0.105800
0.086200 0.105800
0.086400 0.105800
0.086600 0.105800
0.086800 0.105800
0.087200 0.105800
0.087400 0.105800
0.087600 0.105800
0.087800 0.105800
0.088000 0.105800
0.088000 0.106000
0.088200 0.106000
0.088400 0.106000
0.088800 0.106200
0.089000 0.106400
0.089000 0.106600
0.089400 0.106600
0.089600 0.106600
0.089800 0.106600
0.090000 0.106600
0.090200 0.106600
0.090200 0.106800
0.090600 0.107000
0.090800 0.107000
0.091000 0.107200
0.091200 0.107600
0.091400 0.107600
0.091400 0.107800
0.091400 0.108000
0.091600 0.108000
0.092400 0.108200
0.092400 0.108400
0.093400 0.108400
0.093400 0.108600
0.093400 0.108800
0.093600 0.108800
0.093800 0.108800
0.093800 0.109000
0.094000 0.109000
0.094000 0.109200
0.094200 0.109200
0.094200 0.109400
0.094400 0.109400
0.094600 0.109400
0.094800 0.109400
0.095000 0.109400
0.095200 0.109400
0.095400 0.109400
0.095600 0.109400
0.095800 0.109600
0.096400 0.109600
0.096600 0.109600
0.096600 0.109800
0.096800 0.109800
0.097200 0.110000
0.097400 0.110000
0.097800 0.110000
0.098200 0.110200
0.098400 0.110200
0.098600 0.110200
0.099000 0.110200
0.099400 0.110200
0.099800 0.110400
0.100200 0.110600
0.100600 0.110600
0.100600 0.111000
0.100800 0.111000
0.101000 0.111000
0.101200 0.111000
0.101600 0.111200
0.101600 0.111400
0.101600 0.111600
0.101800 0.111600
0.102000 0.111600
0.102000 0.111800
0.102200 0.111800
0.102400 0.112000
0.102600 0.112000
0.102800 0.112000
0.103000 0.112200
0.103000 0.112400
0.103000 0.112600
0.103400 0.112600
0.103600 0.112600
0.103800 0.112600
0.103800 0.112800
0.103800 0.113200
0.104200 0.113400
0.104400 0.113400
0.104800 0.113400
0.105200 0.113400
0.105600 0.113600
0.105800 0.113600
0.105800 0.113800
0.106000 0.114000
0.106000 0.114200
0.106400 0.114400
0.107000 0.114400
0.107200 0.114400
0.107400 0.114400
0.107400 0.114800
0.107600 0.114800
0.107800 0.114800
0.108000 0.114800
0.108400 0.114800
0.108600 0.114800
0.108600 0.115000
0.108800 0.115000
0.109000 0.115000
0.109200 0.115200
0.109200 0.116000
0.109600 0.116200
0.109800 0.116400
0.109800 0.116600
0.110000 0.116800
0.110000 0.117000
0.110200 0.117000
0.110400 0.117000
0.110800 0.117000
0.111400 0.117000
0.111800 0.117000
0.112200 0.117400
0.112200 0.117600
0.112800 0.117600
0.113000 0.118000
0.113200 0.118200
0.113400 0.118200
0.113800 0.118400
0.114400 0.118600
0.114600 0.118600
0.115200 0.118800
0.115600 0.119000
0.115800 0.119000
0.116000 0.119000
0.116400 0.119200
0.116600 0.119200
0.116800 0.119400
0.117000 0.119400
0.117200 0.119400
0.117600 0.119400
0.117800 0.119400
0.118000 0.119400
0.118000 0.119600
0.118200 0.119600
0.118400 0.119800
0.118600 0.119800
0.118600 0.120000
0.119200 0.120400
0.119400 0.120600
0.119600 0.120600
0.119800 0.120800
0.120000 0.120800
0.120400 0.120800
0.120600 0.121200
0.121600 0.121600
0.121600 0.121800
0.122000 0.121800
0.122200 0.121800
0.122200 0.122000
0.122400 0.122000
0.122600 0.122000
0.123400 0.122000
0.123600 0.122000
0.123800 0.122200
0.124000 0.122200
0.124200 0.122400
0.124400 0.122400
0.124400 0.122600
0.124600 0.122600
0.125200 0.122800
0.125400 0.122800
0.125800 0.122800
0.126000 0.122800
0.126000 0.123400
0.126400 0.123400
0.126600 0.123400
0.126800 0.123400
0.126800 0.123600
0.127000 0.123800
0.127200 0.124000
0.127600 0.124000
0.128000 0.124000
0.128400 0.124000
0.128600 0.124000
0.128800 0.124000
0.129000 0.124000
0.129200 0.124000
0.129200 0.124200
0.129200 0.124400
0.129200 0.124600
0.129400 0.124600
0.129400 0.124800
0.129800 0.125000
0.131200 0.125000
0.131400 0.125000
0.131600 0.125000
0.131800 0.125000
0.132000 0.125000
0.132000 0.125200
0.132600 0.125600
0.132600 0.126000
0.132800 0.126000
0.133000 0.126200
0.133200 0.126200
0.133400 0.126200
0.133600 0.126200
0.134200 0.126400
0.134400 0.126600
0.134800 0.126800
0.135400 0.127200
0.135600 0.127200
0.135800 0.127200
0.136200 0.127200
0.136600 0.127200
0.137000 0.127200
0.137600 0.127200
0.138800 0.127400
0.138800 0.127600
0.139200 0.128000
0.139600 0.128200
0.139800 0.128200
0.140000 0.128600
0.140200 0.129200
0.140400 0.129200
0.141000 0.129200
0.141200 0.129400
0.141400 0.129400
0.142200 0.129400
0.142600 0.129400
0.143000 0.129800
0.143600 0.130200
0.144000 0.130800
0.144000 0.131000
0.144000 0.131200
0.144600 0.131600
0.145000 0.131600
0.146200 0.131800
0.146800 0.131800
0.147400 0.132000
0.147400 0.132200
0.147800 0.132400
0.148400 0.132600
0.148600 0.132600
0.149400 0.133000
0.150000 0.133200
0.150000 0.133800
0.150200 0.133800
0.150600 0.135000
0.151000 0.135400
0.151200 0.135600
0.151600 0.135600
0.152000 0.135600
0.152600 0.135600
0.153000 0.135600
0.153800 0.135600
0.154400 0.135800
0.154400 0.136000
0.155200 0.136000
0.155200 0.136200
0.155200 0.136400
0.155800 0.136600
0.156200 0.136800
0.156400 0.136800
0.157200 0.137000
0.157400 0.137000
0.157600 0.137000
0.157800 0.137000
0.158600 0.137000
0.159200 0.137400
0.159400 0.137800
0.159800 0.138000
0.160000 0.138000
0.160200 0.138000
0.160400 0.138200
0.160400 0.138400
0.161400 0.138800
0.161600 0.138800
0.162000 0.138800
0.163000 0.139800
0.163200 0.139800
0.163400 0.139800
0.163400 0.140600
0.163600 0.140600
0.164200 0.141200
0.165600 0.141600
0.165600 0.142200
0.166000 0.142600
0.166400 0.143000
0.167600 0.143200
0.167800 0.143200
0.168200 0.144400
0.168400 0.144400
0.168600 0.144400
0.168800 0.144400
0.169400 0.144600
0.169800 0.144600
0.170000 0.144600
0.170600 0.144600
0.171200 0.145000
0.171400 0.145200
0.171600 0.145200
0.171800 0.145400
0.172600 0.145400
0.172600 0.145600
0.172800 0.145800
0.173400 0.146000
0.174400 0.146200
0.174600 0.146800
0.176000 0.147200
0.176800 0.147600
0.177200 0.147600
0.178200 0.147600
0.178200 0.148000
0.178600 0.148400
0.179800 0.149000
0.180000 0.149200
0.180200 0.149200
0.180800 0.149400
0.181000 0.149400
0.181200 0.149600
0.181400 0.150000
0.182000 0.150400
0.182200 0.150400
0.182200 0.150600
0.182800 0.151000
0.183000 0.151200
0.183200 0.151600
0.183800 0.151600
0.184000 0.151600
0.184800 0.151800
0.185000 0.152000
0.185600 0.152200
0.187000 0.152400
0.187400 0.152400
0.187600 0.152400
0.189200 0.152800
0.189400 0.153000
0.189600 0.153000
0.189600 0.153200
0.190600 0.153800
0.191000 0.154400
0.192200 0.154600
0.192800 0.155000
0.192800 0.155400
0.193200 0.155400
0.193200 0.155600
0.193400 0.156000
0.193600 0.156400
0.193600 0.156800
0.195200 0.157400
0.195400 0.157600
0.196200 0.157600
0.197000 0.157600
0.197400 0.157600
0.198600 0.157800
0.198800 0.158000
0.201400 0.158000
0.201800 0.158200
0.202000 0.158200
0.202200 0.158200
0.202800 0.158400
0.203600 0.158800
0.204800 0.159600
0.205000 0.159600
0.205000 0.159800
0.205200 0.160000
0.205400 0.160200
0.205800 0.160400
0.206200 0.161200
0.206200 0.161400
0.206400 0.161400
0.206600 0.161800
0.207000 0.162000
0.208200 0.162400
0.208400 0.162400
0.208800 0.163000
0.210000 0.163600
0.210200 0.163600
0.211400 0.164400
0.212600 0.165000
0.212800 0.165200
0.212800 0.165800
0.212800 0.166000
0.213800 0.166200
0.216000 0.166800
0.217000 0.167400
0.218000 0.167600
0.219600 0.167800
0.220400 0.167800
0.220600 0.167800
0.220800 0.168400
0.221200 0.168600
0.221200 0.169000
0.222400 0.169800
0.223000 0.169800
0.223000 0.170000
0.223600 0.170400
0.224200 0.170400
0.224600 0.171000
0.226000 0.171600
0.226600 0.172000
0.228000 0.172200
0.228600 0.172400
0.228800 0.172400
0.231200 0.173600
0.232200 0.173800
0.233000 0.174000
0.234000 0.174400
0.234800 0.174600
0.235600 0.174800
0.236000 0.174800
0.236200 0.174800
0.237600 0.175000
0.238800 0.175800
0.241800 0.176800
0.244000 0.178400
0.244200 0.178600
0.246600 0.178800
0.248600 0.179400
0.248800 0.179400
0.251200 0.181400
0.251600 0.181600
0.251600 0.182000
0.251800 0.182600
0.252200 0.182800
0.252200 0.183200
0.252600 0.183600
0.252800 0.183800
0.254600 0.185400
0.255200 0.185600
0.255200 0.185800
0.255400 0.185800
0.256600 0.186800
0.256600 0.187000
0.256800 0.187000
0.257600 0.187400
0.259200 0.187800
0.259400 0.188000
0.260600 0.190000
0.261200 0.190200
0.261600 0.190200
0.262400 0.190200
0.262400 0.190400
0.262800 0.190400
0.264400 0.191600
0.265200 0.191800
0.265600 0.192000
0.267600 0.192800
0.268600 0.192800
0.268600 0.193600
0.268800 0.194200
0.269000 0.194400
0.270200 0.194600
0.271800 0.194800
0.274400 0.198200
0.275200 0.198400
0.275600 0.198400
0.275800 0.198400
0.276400 0.198800
0.276600 0.199000
0.276800 0.199000
0.277000 0.199200
0.282400 0.201600
0.282600 0.201800
0.283600 0.203000
0.285800 0.205200
0.287400 0.205800
0.288200 0.206800
0.288400 0.206800
0.289200 0.207200
0.292000 0.208000
0.296400 0.211200
0.296600 0.211600
0.298800 0.212800
0.304000 0.216000
0.305800 0.217600
0.306000 0.218000
0.312000 0.221400
0.313800 0.221800
0.320000 0.226000
0.321200 0.227000
0.322000 0.227800
0.322600 0.227800
0.323200 0.227800
0.323800 0.228000
0.332600 0.234400
0.342400 0.239200
0.350600 0.243400
0.351000 0.243400
0.356600 0.245000
0.361200 0.247000
0.361800 0.247000
0.382800 0.254400
0.385600 0.255200
0.389200 0.257200
0.394200 0.258200
0.402400 0.259600
0.411200 0.262600
0.419000 0.267600
0.420000 0.268000
0.435800 0.274400
0.458000 0.280600
0.502400 0.301000
0.525000 0.310200
0.583200 0.331400
0.636600 0.355400
0.693800 0.380000
0.924800 0.630800
0.934200 0.664200
0.962200 0.758400
0.973800 0.814000
0.974800 0.817800
0.977600 0.831400
0.986000 0.882600
0.988400 0.898000
0.989000 0.901200
0.989000 0.906800
0.989600 0.913400
0.990000 0.917000
0.991200 0.925000
0.991800 0.928400
0.991800 0.928800
0.992600 0.931000
0.992800 0.932800
0.993200 0.933200
0.993200 0.934800
0.993600 0.935400
0.994400 0.937400
0.996000 0.946800
0.996000 0.947000
0.996400 0.948600
0.996400 0.949000
0.996800 0.951800
0.997200 0.954000
0.997200 0.954400
0.997200 0.957000
0.997200 0.957600
0.997600 0.959400
0.997600 0.959800
0.998200 0.961600
0.998200 0.961800
0.998200 0.962400
0.998200 0.962600
0.998400 0.962600
0.998400 0.963200
0.998600 0.963400
0.998800 0.966400
0.998800 0.967600
0.999000 0.970800
0.999000 0.972000
0.999000 0.972600
0.999000 0.972800
0.999000 0.973200
0.999000 0.974000
0.999000 0.974400
0.999000 0.975000
0.999000 0.976400
0.999000 0.976800
0.999000 0.977000
0.999200 0.977600
0.999200 0.978400
0.999200 0.978800
0.999200 0.979800
0.999200 0.980400
0.999200 0.981000
0.999200 0.981400
0.999200 0.983000
0.999200 0.983200
0.999200 0.984200
0.999200 0.984800
0.999200 0.986400
0.999200 0.986600
0.999200 0.986800
0.999200 0.987200
0.999200 0.987400
0.999200 0.987800
0.999400 0.988200
0.999400 0.989400
0.999600 0.989800
0.999600 0.990000
0.999600 0.990200
0.999600 0.990400
0.999600 0.990800
0.999600 0.991000
0.999600 0.991400
0.999600 0.991600
0.999600 0.991800
0.999600 0.992200
0.999600 0.992600
0.999600 0.992800
0.999600 0.993600
0.999600 0.994000
0.999600 0.994600
0.999600 0.995000
0.999600 0.995200
0.999600 0.996200
0.999600 0.996800
0.999600 0.997000
0.999600 0.997200
0.999800 0.997200
0.999800 0.997400
0.999800 0.997600
0.999800 0.997800
1.000000 0.997800
1.000000 0.998000
1.000000 0.998200
1.000000 0.998800
1.000000 0.999000
1.000000 0.999200
1.000000 0.999400
1.000000 0.999600
1.000000 0.999800
1.000000 1.000000
