878.863037 1400.000000 0.000000
505.913208 1400.000000 0.000000
908.590820 1400.000000 0.000000
747.795715 1400.000000 0.000000
513.053284 1400.000000 0.000000
472.560730 1400.000000 0.000000
475.221985 1400.000000 0.000000
500.125732 1400.000000 0.000000
514.377197 1400.000000 0.000000
454.481232 1400.000000 0.000000
405.019684 1400.000000 0.000000
591.054626 1400.000000 0.000000
541.469055 1400.000000 0.000000
542.223083 1400.000000 0.000000
1928.838989 1400.000000 0.000000
363.099213 1400.000000 0.000000
438.900391 1400.000000 0.000000
385.869751 1400.000000 0.000000
683.988647 1400.000000 0.000000
814.509705 1400.000000 0.000000
615.089722 1400.000000 0.000000
603.359497 1400.000000 0.000000
462.078491 1400.000000 0.000000
790.353210 1400.000000 0.000000
663.507996 1400.000000 0.000000
698.944763 1400.000000 0.000000
437.842590 1400.000000 0.000000
564.282471 1400.000000 0.000000
505.175018 1400.000000 0.000000
608.000732 1400.000000 0.000000
596.283447 1400.000000 0.000000
500.701569 1400.000000 0.000000
474.701202 1400.000000 0.000000
413.774323 1400.000000 0.000000
755.122681 1400.000000 0.000000
954.819885 1400.000000 0.000000
542.736267 1400.000000 0.000000
1263.316284 1400.000000 0.000000
389.741394 1400.000000 0.000000
860.778198 1400.000000 0.000000
657.208862 1400.000000 0.000000
489.394165 1400.000000 0.000000
704.987854 1400.000000 0.000000
890.787476 1400.000000 0.000000
713.495789 1400.000000 0.000000
500.878296 1400.000000 0.000000
621.693237 1400.000000 0.000000
776.161987 1400.000000 0.000000
424.015533 1400.000000 0.000000
930.128235 1400.000000 0.000000
1022.615295 1400.000000 0.000000
562.698608 1400.000000 0.000000
757.371399 1400.000000 0.000000
817.364136 1400.000000 0.000000
614.962524 1400.000000 0.000000
1395.661987 1400.000000 0.000000
421.073914 1400.000000 0.000000
453.542023 1400.000000 0.000000
488.161255 1400.000000 0.000000
546.504944 1400.000000 0.000000
565.230774 1400.000000 0.000000
527.178650 1400.000000 0.000000
1125.640015 1400.000000 0.000000
438.671173 1400.000000 0.000000
596.151001 1400.000000 0.000000
959.681885 1400.000000 0.000000
568.244385 1400.000000 0.000000
1678.949219 1400.000000 0.000000
1006.690613 1400.000000 0.000000
447.552460 1400.000000 0.000000
581.671143 1400.000000 0.000000
694.354370 1400.000000 0.000000
898.762634 1400.000000 0.000000
466.827209 1400.000000 0.000000
358.330536 1400.000000 0.000000
978.835876 1400.000000 0.000000
441.729309 1400.000000 0.000000
535.661926 1400.000000 0.000000
611.689209 1400.000000 0.000000
463.567780 1400.000000 0.000000
415.433929 1400.000000 0.000000
865.317871 1400.000000 0.000000
630.472778 1400.000000 0.000000
1653.249268 1400.000000 0.000000
676.998413 1400.000000 0.000000
472.812714 1400.000000 0.000000
395.888702 1400.000000 0.000000
331.880035 1400.000000 0.000000
618.313660 1400.000000 0.000000
508.005646 1400.000000 0.000000
729.833801 1400.000000 0.000000
419.926514 1400.000000 0.000000
726.602600 1400.000000 0.000000
1590.509521 1400.000000 0.000000
583.279724 1400.000000 0.000000
314.632690 1400.000000 0.000000
388.349884 1400.000000 0.000000
516.722107 1400.000000 0.000000
1068.440552 1400.000000 0.000000
1781.867188 1400.000000 0.000000
407.777771 1400.000000 0.000000
388.644379 1400.000000 0.000000
541.056824 1400.000000 0.000000
890.132629 1400.000000 0.000000
377.672455 1400.000000 0.000000
376.773590 1400.000000 0.000000
504.478180 1400.000000 0.000000
449.240997 1400.000000 0.000000
734.313660 1400.000000 0.000000
510.573212 1400.000000 0.000000
831.639282 1400.000000 0.000000
1138.884766 1400.000000 0.000000
332.403412 1400.000000 0.000000
381.480988 1400.000000 0.000000
420.164551 1400.000000 0.000000
581.380920 1400.000000 0.000000
1157.752441 1400.000000 0.000000
718.239014 1400.000000 0.000000
611.656372 1400.000000 0.000000
676.337402 1400.000000 0.000000
391.146667 1400.000000 0.000000
441.813263 1400.000000 0.000000
803.397095 1400.000000 0.000000
361.957520 1400.000000 0.000000
332.172974 1400.000000 0.000000
864.940552 1400.000000 0.000000
649.999756 1400.000000 0.000000
351.300720 1400.000000 0.000000
531.524597 1400.000000 0.000000
556.401306 1400.000000 0.000000
254.324326 1400.000000 0.000000
407.199188 1400.000000 0.000000
1196.983521 1400.000000 0.000000
474.896881 1400.000000 0.000000
903.250183 1400.000000 0.000000
377.283997 1400.000000 0.000000
874.624329 1400.000000 0.000000
419.149109 1400.000000 0.000000
502.714813 1400.000000 0.000000
402.477295 1400.000000 0.000000
880.082092 1400.000000 0.000000
369.402649 1400.000000 0.000000
421.169220 1400.000000 0.000000
402.633606 1400.000000 0.000000
642.678955 1400.000000 0.000000
461.985321 1400.000000 0.000000
489.439178 1400.000000 0.000000
534.140808 1400.000000 0.000000
482.088043 1400.000000 0.000000
420.717682 1400.000000 0.000000
759.988464 1400.000000 0.000000
406.195282 1400.000000 0.000000
969.765442 1400.000000 0.000000
643.057434 1400.000000 0.000000
670.986084 1400.000000 0.000000
531.023865 1400.000000 0.000000
429.512604 1400.000000 0.000000
532.701416 1400.000000 0.000000
685.490295 1400.000000 0.000000
506.878784 1400.000000 0.000000
527.592163 1400.000000 0.000000
648.932312 1400.000000 0.000000
762.131409 1400.000000 0.000000
555.354980 1400.000000 0.000000
535.852051 1400.000000 0.000000
519.866943 1400.000000 0.000000
380.623535 1400.000000 0.000000
455.082855 1400.000000 0.000000
562.496094 1400.000000 0.000000
569.280640 1400.000000 0.000000
776.577454 1400.000000 0.000000
492.216736 1400.000000 0.000000
651.999634 1400.000000 0.000000
487.708862 1400.000000 0.000000
430.512024 1400.000000 0.000000
929.919800 1400.000000 0.000000
622.692566 1400.000000 0.000000
512.839905 1400.000000 0.000000
463.098694 1400.000000 0.000000
1486.104370 1400.000000 0.000000
342.889587 1400.000000 0.000000
353.054077 1400.000000 0.000000
701.318604 1400.000000 0.000000
1009.437988 1400.000000 0.000000
550.074463 1400.000000 0.000000
428.603394 1400.000000 0.000000
464.563660 1400.000000 0.000000
1402.486816 1400.000000 0.000000
423.844025 1400.000000 0.000000
639.616516 1400.000000 0.000000
677.008850 1400.000000 0.000000
466.616699 1400.000000 0.000000
708.954712 1400.000000 0.000000
392.559723 1400.000000 0.000000
532.077087 1400.000000 0.000000
577.710144 1400.000000 0.000000
750.552917 1400.000000 0.000000
513.326904 1400.000000 0.000000
276.868866 1400.000000 0.000000
1086.784302 1400.000000 0.000000
433.988525 1400.000000 0.000000
528.270752 1400.000000 0.000000
492.539642 1400.000000 0.000000
488.129059 1400.000000 0.000000
356.716400 1400.000000 0.000000
909.368103 1400.000000 0.000000
692.527161 1400.000000 0.000000
381.673553 1400.000000 0.000000
549.319458 1400.000000 0.000000
1292.738281 1400.000000 0.000000
1115.524536 1400.000000 0.000000
656.285278 1400.000000 0.000000
1091.133667 1400.000000 0.000000
453.766571 1400.000000 0.000000
827.209473 1400.000000 0.000000
355.107330 1400.000000 0.000000
532.257874 1400.000000 0.000000
656.233582 1400.000000 0.000000
759.548523 1400.000000 0.000000
556.220581 1400.000000 0.000000
459.253723 1400.000000 0.000000
449.599731 1400.000000 0.000000
771.449036 1400.000000 0.000000
630.137573 1400.000000 0.000000
394.398102 1400.000000 0.000000
404.340851 1400.000000 0.000000
497.748230 1400.000000 0.000000
763.499451 1400.000000 0.000000
476.782104 1400.000000 0.000000
431.743622 1400.000000 0.000000
481.947449 1400.000000 0.000000
746.311340 1400.000000 0.000000
523.630371 1400.000000 0.000000
348.140045 1400.000000 0.000000
546.009338 1400.000000 0.000000
743.286438 1400.000000 0.000000
366.278442 1400.000000 0.000000
598.445251 1400.000000 0.000000
1134.550293 1400.000000 0.000000
645.128967 1400.000000 0.000000
520.165771 1400.000000 0.000000
1213.590332 1400.000000 0.000000
422.742218 1400.000000 0.000000
474.268707 1400.000000 0.000000
571.810913 1400.000000 0.000000
783.589661 1400.000000 0.000000
431.749146 1400.000000 0.000000
675.054565 1400.000000 0.000000
392.544067 1400.000000 0.000000
968.146606 1400.000000 0.000000
385.728912 1400.000000 0.000000
471.735718 1400.000000 0.000000
1303.992310 1400.000000 0.000000
607.084473 1400.000000 0.000000
637.545227 1400.000000 0.000000
465.514069 1400.000000 0.000000
368.590576 1400.000000 0.000000
614.236511 1400.000000 0.000000
398.466827 1400.000000 0.000000
1200.804199 1400.000000 0.000000
488.433838 1400.000000 0.000000
628.919128 1400.000000 0.000000
972.756042 1400.000000 0.000000
752.362549 1400.000000 0.000000
661.225281 1400.000000 0.000000
718.058838 1400.000000 0.000000
518.696899 1400.000000 0.000000
726.426453 1400.000000 0.000000
742.187134 1400.000000 0.000000
339.027039 1400.000000 0.000000
612.624390 1400.000000 0.000000
379.845703 1400.000000 0.000000
603.697632 1400.000000 0.000000
635.831909 1400.000000 0.000000
666.090027 1400.000000 0.000000
1204.401367 1400.000000 0.000000
805.535767 1400.000000 0.000000
349.340118 1400.000000 0.000000
588.495361 1400.000000 0.000000
704.401978 1400.000000 0.000000
786.389954 1400.000000 0.000000
444.832397 1400.000000 0.000000
529.604675 1400.000000 0.000000
322.104492 1400.000000 0.000000
633.608582 1400.000000 0.000000
629.960205 1400.000000 0.000000
560.442017 1400.000000 0.000000
328.223633 1400.000000 0.000000
310.222137 1400.000000 0.000000
392.632263 1400.000000 0.000000
322.433533 1400.000000 0.000000
521.117615 1400.000000 0.000000
666.917542 1400.000000 0.000000
442.759338 1400.000000 0.000000
799.995300 1400.000000 0.000000
415.736053 1400.000000 0.000000
729.540710 1400.000000 0.000000
330.034698 1400.000000 0.000000
447.345673 1400.000000 0.000000
433.137329 1400.000000 0.000000
543.303040 1400.000000 0.000000
449.062897 1400.000000 0.000000
737.848206 1400.000000 0.000000
364.818054 1400.000000 0.000000
993.248413 1400.000000 0.000000
428.609467 1400.000000 0.000000
647.793701 1400.000000 0.000000
896.935791 1400.000000 0.000000
770.410645 1400.000000 0.000000
372.243042 1400.000000 0.000000
995.761719 1400.000000 0.000000
558.215393 1400.000000 0.000000
455.259583 1400.000000 0.000000
1587.483032 1400.000000 0.000000
891.857727 1400.000000 0.000000
532.434814 1400.000000 0.000000
605.305176 1400.000000 0.000000
1117.911865 1400.000000 0.000000
667.153442 1400.000000 0.000000
617.479370 1400.000000 0.000000
491.068573 1400.000000 0.000000
1049.152710 1400.000000 0.000000
476.275482 1400.000000 0.000000
657.791809 1400.000000 0.000000
455.049957 1400.000000 0.000000
656.609741 1400.000000 0.000000
493.833252 1400.000000 0.000000
507.248444 1400.000000 0.000000
420.473267 1400.000000 0.000000
365.801025 1400.000000 0.000000
432.087158 1400.000000 0.000000
942.020325 1400.000000 0.000000
395.743164 1400.000000 0.000000
794.076477 1400.000000 0.000000
1057.460327 1400.000000 0.000000
860.045776 1400.000000 0.000000
740.315247 1400.000000 0.000000
845.672729 1400.000000 0.000000
456.216370 1400.000000 0.000000
296.585358 1400.000000 0.000000
412.277832 1400.000000 0.000000
346.532410 1400.000000 0.000000
1751.660278 1400.000000 0.000000
582.167358 1400.000000 0.000000
961.466248 1400.000000 0.000000
1032.747681 1400.000000 0.000000
589.223206 1400.000000 0.000000
732.816284 1400.000000 0.000000
473.303711 1400.000000 0.000000
440.583496 1400.000000 0.000000
757.715088 1400.000000 0.000000
670.246765 1400.000000 0.000000
358.872467 1400.000000 0.000000
576.748230 1400.000000 0.000000
567.482056 1400.000000 0.000000
1395.740479 1400.000000 0.000000
460.619019 1400.000000 0.000000
617.936340 1400.000000 0.000000
1131.078979 1400.000000 0.000000
476.922272 1400.000000 0.000000
602.214905 1400.000000 0.000000
356.890564 1400.000000 0.000000
806.846497 1400.000000 0.000000
905.251038 1400.000000 0.000000
536.935669 1400.000000 0.000000
814.321350 1400.000000 0.000000
633.349487 1400.000000 0.000000
512.472656 1400.000000 0.000000
655.408813 1400.000000 0.000000
405.989777 1400.000000 0.000000
481.562988 1400.000000 0.000000
1120.616333 1400.000000 0.000000
440.744049 1400.000000 0.000000
504.256714 1400.000000 0.000000
376.943817 1400.000000 0.000000
437.308136 1400.000000 0.000000
385.354645 1400.000000 0.000000
358.395599 1400.000000 0.000000
648.815002 1400.000000 0.000000
824.700928 1400.000000 0.000000
599.995605 1400.000000 0.000000
494.448486 1400.000000 0.000000
551.222046 1400.000000 0.000000
489.288055 1400.000000 0.000000
561.801147 1400.000000 0.000000
879.304688 1400.000000 0.000000
430.588776 1400.000000 0.000000
960.982239 1400.000000 0.000000
613.698792 1400.000000 0.000000
1183.647095 1400.000000 0.000000
268.492645 1400.000000 0.000000
652.910583 1400.000000 0.000000
393.483185 1400.000000 0.000000
875.076599 1400.000000 0.000000
761.368835 1400.000000 0.000000
587.278870 1400.000000 0.000000
451.951172 1400.000000 0.000000
1046.252930 1400.000000 0.000000
1159.778198 1400.000000 0.000000
847.929443 1400.000000 0.000000
514.534119 1400.000000 0.000000
553.403809 1400.000000 0.000000
973.636597 1400.000000 0.000000
350.204865 1400.000000 0.000000
517.727966 1400.000000 0.000000
379.515594 1400.000000 0.000000
374.512054 1400.000000 0.000000
365.093903 1400.000000 0.000000
462.652863 1400.000000 0.000000
319.725586 1400.000000 0.000000
594.451660 1400.000000 0.000000
733.604797 1400.000000 0.000000
1023.849060 1400.000000 0.000000
746.337585 1400.000000 0.000000
433.175934 1400.000000 0.000000
1542.192139 1400.000000 0.000000
414.622803 1400.000000 0.000000
501.342712 1400.000000 0.000000
968.722595 1400.000000 0.000000
943.675476 1400.000000 0.000000
460.427673 1400.000000 0.000000
459.286682 1400.000000 0.000000
371.399017 1400.000000 0.000000
425.111237 1400.000000 0.000000
806.839111 1400.000000 0.000000
641.560730 1400.000000 0.000000
307.273682 1400.000000 0.000000
619.957520 1400.000000 0.000000
749.409790 1400.000000 0.000000
594.564697 1400.000000 0.000000
803.310730 1400.000000 0.000000
501.349182 1400.000000 0.000000
408.597229 1400.000000 0.000000
427.815216 1400.000000 0.000000
624.793640 1400.000000 0.000000
494.787628 1400.000000 0.000000
803.166443 1400.000000 0.000000
551.854309 1400.000000 0.000000
399.467926 1400.000000 0.000000
368.480713 1400.000000 0.000000
336.678925 1400.000000 0.000000
448.633789 1400.000000 0.000000
873.029358 1400.000000 0.000000
485.877136 1400.000000 0.000000
698.287964 1400.000000 0.000000
663.279907 1400.000000 0.000000
327.554535 1400.000000 0.000000
338.277985 1400.000000 0.000000
842.884888 1400.000000 0.000000
482.223206 1400.000000 0.000000
840.506958 1400.000000 0.000000
573.380310 1400.000000 0.000000
721.662598 1400.000000 0.000000
948.055054 1400.000000 0.000000
752.974670 1400.000000 0.000000
791.510254 1400.000000 0.000000
1032.221680 1400.000000 0.000000
512.916687 1400.000000 0.000000
1088.568970 1400.000000 0.000000
525.165527 1400.000000 0.000000
544.589294 1400.000000 0.000000
587.752197 1400.000000 0.000000
824.914001 1400.000000 0.000000
510.376312 1400.000000 0.000000
481.109833 1400.000000 0.000000
384.745758 1400.000000 0.000000
1018.669617 1400.000000 0.000000
444.714142 1400.000000 0.000000
576.515808 1400.000000 0.000000
914.365356 1400.000000 0.000000
814.031982 1400.000000 0.000000
384.221436 1400.000000 0.000000
611.644409 1400.000000 0.000000
1639.694824 1400.000000 0.000000
374.651733 1400.000000 0.000000
498.245667 1400.000000 0.000000
557.857361 1400.000000 0.000000
550.884094 1400.000000 0.000000
1569.347656 1400.000000 0.000000
533.210449 1400.000000 0.000000
416.485626 1400.000000 0.000000
1507.591675 1400.000000 0.000000
656.392029 1400.000000 0.000000
436.035828 1400.000000 0.000000
505.124817 1400.000000 0.000000
559.646118 1400.000000 0.000000
462.362579 1400.000000 0.000000
682.436401 1400.000000 0.000000
327.874573 1400.000000 0.000000
595.901428 1400.000000 0.000000
605.043701 1400.000000 0.000000
354.022980 1400.000000 0.000000
543.201965 1400.000000 0.000000
620.603455 1400.000000 0.000000
397.835175 1400.000000 0.000000
390.171844 1400.000000 0.000000
2782.532227 1400.000000 0.000000
547.614685 1400.000000 0.000000
1442.884277 1400.000000 0.000000
1078.298462 1400.000000 0.000000
550.682617 1400.000000 0.000000
486.938904 1400.000000 0.000000
1331.871094 1400.000000 0.000000
541.274475 1400.000000 0.000000
324.449097 1400.000000 0.000000
372.609650 1400.000000 0.000000
526.681702 1400.000000 0.000000
302.601135 1400.000000 0.000000
487.985962 1400.000000 0.000000
484.662659 1400.000000 0.000000
581.299011 1400.000000 0.000000
422.220001 1400.000000 0.000000
651.895630 1400.000000 0.000000
425.574890 1400.000000 0.000000
587.820923 1400.000000 0.000000
949.047607 1400.000000 0.000000
484.995239 1400.000000 0.000000
486.027130 1400.000000 0.000000
593.523804 1400.000000 0.000000
343.012848 1400.000000 0.000000
450.052551 1400.000000 0.000000
643.974731 1400.000000 0.000000
1589.881226 1400.000000 0.000000
555.019287 1400.000000 0.000000
789.703857 1400.000000 0.000000
803.413269 1400.000000 0.000000
499.958435 1400.000000 0.000000
456.721313 1400.000000 0.000000
342.781982 1400.000000 0.000000
502.797211 1400.000000 0.000000
321.597260 1400.000000 0.000000
553.976685 1400.000000 0.000000
444.245483 1400.000000 0.000000
600.758240 1400.000000 0.000000
553.541809 1400.000000 0.000000
377.389740 1400.000000 0.000000
360.703644 1400.000000 0.000000
546.291565 1400.000000 0.000000
900.194946 1400.000000 0.000000
639.422485 1400.000000 0.000000
841.437256 1400.000000 0.000000
491.020996 1400.000000 0.000000
429.240204 1400.000000 0.000000
918.713928 1400.000000 0.000000
508.051056 1400.000000 0.000000
416.450439 1400.000000 0.000000
658.538818 1400.000000 0.000000
659.420349 1400.000000 0.000000
416.537079 1400.000000 0.000000
421.662537 1400.000000 0.000000
1071.594238 1400.000000 0.000000
748.550781 1400.000000 0.000000
484.010620 1400.000000 0.000000
970.138611 1400.000000 0.000000
775.231750 1400.000000 0.000000
485.296661 1400.000000 0.000000
654.745728 1400.000000 0.000000
640.107117 1400.000000 0.000000
501.473816 1400.000000 0.000000
472.995941 1400.000000 0.000000
378.411469 1400.000000 0.000000
410.688904 1400.000000 0.000000
470.196014 1400.000000 0.000000
503.195068 1400.000000 0.000000
526.992615 1400.000000 0.000000
1365.760254 1400.000000 0.000000
754.397827 1400.000000 0.000000
801.479858 1400.000000 0.000000
436.596558 1400.000000 0.000000
541.350403 1400.000000 0.000000
562.879395 1400.000000 0.000000
577.079346 1400.000000 0.000000
380.514282 1400.000000 0.000000
1882.297607 1400.000000 0.000000
407.572601 1400.000000 0.000000
515.894165 1400.000000 0.000000
706.462646 1400.000000 0.000000
846.593079 1400.000000 0.000000
826.636719 1400.000000 0.000000
324.347809 1400.000000 0.000000
478.718384 1400.000000 0.000000
896.922974 1400.000000 0.000000
645.635864 1400.000000 0.000000
638.443604 1400.000000 0.000000
770.771667 1400.000000 0.000000
471.796143 1400.000000 0.000000
779.578369 1400.000000 0.000000
386.411041 1400.000000 0.000000
761.754333 1400.000000 0.000000
580.364502 1400.000000 0.000000
810.495300 1400.000000 0.000000
633.400208 1400.000000 0.000000
475.407318 1400.000000 0.000000
396.057343 1400.000000 0.000000
470.948639 1400.000000 0.000000
1081.819824 1400.000000 0.000000
734.985779 1400.000000 0.000000
1188.786865 1400.000000 0.000000
623.364807 1400.000000 0.000000
636.868591 1400.000000 0.000000
536.958862 1400.000000 0.000000
676.744873 1400.000000 0.000000
467.093262 1400.000000 0.000000
528.784241 1400.000000 0.000000
620.915955 1400.000000 0.000000
753.083313 1400.000000 0.000000
378.143524 1400.000000 0.000000
724.217834 1400.000000 0.000000
470.667023 1400.000000 0.000000
479.314423 1400.000000 0.000000
640.914062 1400.000000 0.000000
461.097260 1400.000000 0.000000
791.308655 1400.000000 0.000000
548.853394 1400.000000 0.000000
465.095947 1400.000000 0.000000
922.937317 1400.000000 0.000000
622.106323 1400.000000 0.000000
639.937134 1400.000000 0.000000
496.304352 1400.000000 0.000000
679.123291 1400.000000 0.000000
630.618469 1400.000000 0.000000
759.298950 1400.000000 0.000000
815.003784 1400.000000 0.000000
495.368591 1400.000000 0.000000
513.774963 1400.000000 0.000000
932.916260 1400.000000 0.000000
949.749146 1400.000000 0.000000
408.842682 1400.000000 0.000000
563.725098 1400.000000 0.000000
561.662781 1400.000000 0.000000
581.291321 1400.000000 0.000000
722.463928 1400.000000 0.000000
999.003174 1400.000000 0.000000
571.394165 1400.000000 0.000000
393.796143 1400.000000 0.000000
533.137878 1400.000000 0.000000
737.646301 1400.000000 0.000000
402.154938 1400.000000 0.000000
411.341522 1400.000000 0.000000
724.879333 1400.000000 0.000000
451.845490 1400.000000 0.000000
455.216278 1400.000000 0.000000
481.003601 1400.000000 0.000000
1181.316162 1400.000000 0.000000
647.260498 1400.000000 0.000000
596.590454 1400.000000 0.000000
922.996033 1400.000000 0.000000
590.913879 1400.000000 0.000000
623.677612 1400.000000 0.000000
558.476257 1400.000000 0.000000
464.015900 1400.000000 0.000000
461.450836 1400.000000 0.000000
722.072754 1400.000000 0.000000
676.195435 1400.000000 0.000000
984.220764 1400.000000 0.000000
753.620117 1400.000000 0.000000
582.207153 1400.000000 0.000000
1051.634521 1400.000000 0.000000
368.276428 1400.000000 0.000000
442.867432 1400.000000 0.000000
339.982941 1400.000000 0.000000
1293.611206 1400.000000 0.000000
696.636780 1400.000000 0.000000
450.115234 1400.000000 0.000000
501.183899 1400.000000 0.000000
407.562042 1400.000000 0.000000
589.839050 1400.000000 0.000000
892.638062 1400.000000 0.000000
718.792236 1400.000000 0.000000
422.918884 1400.000000 0.000000
637.356140 1400.000000 0.000000
376.136383 1400.000000 0.000000
400.886902 1400.000000 0.000000
541.241516 1400.000000 0.000000
385.456696 1400.000000 0.000000
397.300476 1400.000000 0.000000
747.553955 1400.000000 0.000000
437.611115 1400.000000 0.000000
708.750610 1400.000000 0.000000
1378.549072 1400.000000 0.000000
419.994110 1400.000000 0.000000
700.562805 1400.000000 0.000000
892.607788 1400.000000 0.000000
1363.589844 1400.000000 0.000000
408.735504 1400.000000 0.000000
662.855469 1400.000000 0.000000
578.913818 1400.000000 0.000000
431.695099 1400.000000 0.000000
717.045898 1400.000000 0.000000
1417.765747 1400.000000 0.000000
628.090454 1400.000000 0.000000
619.456543 1400.000000 0.000000
556.378540 1400.000000 0.000000
994.155701 1400.000000 0.000000
390.962555 1400.000000 0.000000
664.418823 1400.000000 0.000000
446.178772 1400.000000 0.000000
819.059082 1400.000000 0.000000
595.570557 1400.000000 0.000000
497.449585 1400.000000 0.000000
492.897949 1400.000000 0.000000
608.180481 1400.000000 0.000000
549.602112 1400.000000 0.000000
532.432251 1400.000000 0.000000
553.219360 1400.000000 0.000000
885.419739 1400.000000 0.000000
618.906738 1400.000000 0.000000
474.571930 1400.000000 0.000000
575.741150 1400.000000 0.000000
821.796631 1400.000000 0.000000
505.585144 1400.000000 0.000000
537.205444 1400.000000 0.000000
428.698547 1400.000000 0.000000
689.218262 1400.000000 0.000000
603.671204 1400.000000 0.000000
565.935669 1400.000000 0.000000
425.475830 1400.000000 0.000000
645.452881 1400.000000 0.000000
417.748291 1400.000000 0.000000
522.933838 1400.000000 0.000000
492.053223 1400.000000 0.000000
444.724304 1400.000000 0.000000
842.665405 1400.000000 0.000000
660.952393 1400.000000 0.000000
948.729309 1400.000000 0.000000
352.810577 1400.000000 0.000000
341.430023 1400.000000 0.000000
695.862732 1400.000000 0.000000
423.928741 1400.000000 0.000000
510.977783 1400.000000 0.000000
512.519043 1400.000000 0.000000
1560.175293 1400.000000 0.000000
499.901886 1400.000000 0.000000
507.372498 1400.000000 0.000000
332.958801 1400.000000 0.000000
516.322571 1400.000000 0.000000
589.295776 1400.000000 0.000000
520.791687 1400.000000 0.000000
658.231201 1400.000000 0.000000
830.496765 1400.000000 0.000000
555.886169 1400.000000 0.000000
603.856995 1400.000000 0.000000
480.744354 1400.000000 0.000000
930.242493 1400.000000 0.000000
387.928711 1400.000000 0.000000
782.421753 1400.000000 0.000000
721.609070 1400.000000 0.000000
965.843994 1400.000000 0.000000
330.462769 1400.000000 0.000000
531.924927 1400.000000 0.000000
829.664307 1400.000000 0.000000
602.032776 1400.000000 0.000000
837.908447 1400.000000 0.000000
1140.479248 1400.000000 0.000000
531.233459 1400.000000 0.000000
506.037109 1400.000000 0.000000
487.124817 1400.000000 0.000000
594.864868 1400.000000 0.000000
308.560120 1400.000000 0.000000
1147.296875 1400.000000 0.000000
535.225952 1400.000000 0.000000
340.560364 1400.000000 0.000000
665.867126 1400.000000 0.000000
883.343262 1400.000000 0.000000
513.208313 1400.000000 0.000000
713.131104 1400.000000 0.000000
671.263184 1400.000000 0.000000
924.936157 1400.000000 0.000000
442.001953 1400.000000 0.000000
455.401886 1400.000000 0.000000
877.497070 1400.000000 0.000000
875.452026 1400.000000 0.000000
716.194031 1400.000000 0.000000
450.709045 1400.000000 0.000000
611.432434 1400.000000 0.000000
656.334961 1400.000000 0.000000
515.886169 1400.000000 0.000000
519.982605 1400.000000 0.000000
626.801208 1400.000000 0.000000
854.380676 1400.000000 0.000000
987.451233 1400.000000 0.000000
661.018982 1400.000000 0.000000
800.408508 1400.000000 0.000000
392.975677 1400.000000 0.000000
1079.958130 1400.000000 0.000000
330.437653 1400.000000 0.000000
482.349670 1400.000000 0.000000
382.929260 1400.000000 0.000000
856.516235 1400.000000 0.000000
641.672302 1400.000000 0.000000
407.470734 1400.000000 0.000000
1101.109741 1400.000000 0.000000
659.322327 1400.000000 0.000000
737.817322 1400.000000 0.000000
517.860718 1400.000000 0.000000
395.980286 1400.000000 0.000000
605.355530 1400.000000 0.000000
306.344147 1400.000000 0.000000
431.037567 1400.000000 0.000000
497.468689 1400.000000 0.000000
588.690430 1400.000000 0.000000
475.190918 1400.000000 0.000000
450.272064 1400.000000 0.000000
494.680237 1400.000000 0.000000
297.235901 1400.000000 0.000000
444.872192 1400.000000 0.000000
1065.963501 1400.000000 0.000000
441.877106 1400.000000 0.000000
643.479126 1400.000000 0.000000
312.313629 1400.000000 0.000000
602.509216 1400.000000 0.000000
754.128296 1400.000000 0.000000
358.824432 1400.000000 0.000000
1811.996460 1400.000000 0.000000
455.405334 1400.000000 0.000000
435.438995 1400.000000 0.000000
751.716125 1400.000000 0.000000
913.718628 1400.000000 0.000000
1622.368774 1400.000000 0.000000
552.586304 1400.000000 0.000000
616.255005 1400.000000 0.000000
702.344116 1400.000000 0.000000
648.834290 1400.000000 0.000000
1314.486206 1400.000000 0.000000
364.697632 1400.000000 0.000000
556.809326 1400.000000 0.000000
606.699646 1400.000000 0.000000
466.994049 1400.000000 0.000000
650.512573 1400.000000 0.000000
459.738861 1400.000000 0.000000
403.094818 1400.000000 0.000000
482.527405 1400.000000 0.000000
584.979248 1400.000000 0.000000
644.836853 1400.000000 0.000000
404.479492 1400.000000 0.000000
415.851929 1400.000000 0.000000
633.562988 1400.000000 0.000000
468.033508 1400.000000 0.000000
708.199890 1400.000000 0.000000
424.515656 1400.000000 0.000000
402.429535 1400.000000 0.000000
356.104431 1400.000000 0.000000
393.769043 1400.000000 0.000000
744.116577 1400.000000 0.000000
578.005127 1400.000000 0.000000
795.479980 1400.000000 0.000000
411.255219 1400.000000 0.000000
344.174286 1400.000000 0.000000
620.241211 1400.000000 0.000000
467.292694 1400.000000 0.000000
1503.682373 1400.000000 0.000000
348.329895 1400.000000 0.000000
535.925903 1400.000000 0.000000
438.882080 1400.000000 0.000000
497.915649 1400.000000 0.000000
556.956787 1400.000000 0.000000
469.235321 1400.000000 0.000000
374.658234 1400.000000 0.000000
448.113953 1400.000000 0.000000
432.709320 1400.000000 0.000000
532.709595 1400.000000 0.000000
490.847656 1400.000000 0.000000
434.679657 1400.000000 0.000000
440.873718 1400.000000 0.000000
946.570862 1400.000000 0.000000
340.343109 1400.000000 0.000000
1438.553223 1400.000000 0.000000
742.860779 1400.000000 0.000000
840.787964 1400.000000 0.000000
542.098633 1400.000000 0.000000
841.167419 1400.000000 0.000000
531.454346 1400.000000 0.000000
470.956543 1400.000000 0.000000
777.992493 1400.000000 0.000000
449.827484 1400.000000 0.000000
510.117401 1400.000000 0.000000
521.849548 1400.000000 0.000000
536.591492 1400.000000 0.000000
502.883087 1400.000000 0.000000
482.846710 1400.000000 0.000000
464.385559 1400.000000 0.000000
867.503845 1400.000000 0.000000
656.905640 1400.000000 0.000000
501.876312 1400.000000 0.000000
330.856628 1400.000000 0.000000
580.139893 1400.000000 0.000000
799.390320 1400.000000 0.000000
461.892731 1400.000000 0.000000
540.352173 1400.000000 0.000000
471.569885 1400.000000 0.000000
579.021118 1400.000000 0.000000
634.307373 1400.000000 0.000000
741.018188 1400.000000 0.000000
958.573730 1400.000000 0.000000
382.464081 1400.000000 0.000000
651.380981 1400.000000 0.000000
530.047302 1400.000000 0.000000
666.780273 1400.000000 0.000000
541.822815 1400.000000 0.000000
398.977386 1400.000000 0.000000
725.554504 1400.000000 0.000000
786.029053 1400.000000 0.000000
1128.427612 1400.000000 0.000000
695.024414 1400.000000 0.000000
583.448486 1400.000000 0.000000
397.419830 1400.000000 0.000000
840.394897 1400.000000 0.000000
461.973358 1400.000000 0.000000
504.017365 1400.000000 0.000000
575.691589 1400.000000 0.000000
926.667786 1400.000000 0.000000
816.938599 1400.000000 0.000000
642.869263 1400.000000 0.000000
1117.284058 1400.000000 0.000000
790.026611 1400.000000 0.000000
859.535583 1400.000000 0.000000
962.429932 1400.000000 0.000000
463.786011 1400.000000 0.000000
614.326294 1400.000000 0.000000
762.540466 1400.000000 0.000000
834.514648 1400.000000 0.000000
616.829041 1400.000000 0.000000
682.700317 1400.000000 0.000000
522.841919 1400.000000 0.000000
892.759827 1400.000000 0.000000
799.713684 1400.000000 0.000000
1467.151978 1400.000000 0.000000
1323.275879 1400.000000 0.000000
343.812469 1400.000000 0.000000
467.591980 1400.000000 0.000000
312.668030 1400.000000 0.000000
407.003082 1400.000000 0.000000
429.783966 1400.000000 0.000000
532.465027 1400.000000 0.000000
550.999512 1400.000000 0.000000
359.759369 1400.000000 0.000000
1220.596313 1400.000000 0.000000
421.758453 1400.000000 0.000000
353.332428 1400.000000 0.000000
688.339966 1400.000000 0.000000
391.003784 1400.000000 0.000000
396.748962 1400.000000 0.000000
699.571533 1400.000000 0.000000
428.732544 1400.000000 0.000000
2131.600586 1400.000000 0.000000
1013.645935 1400.000000 0.000000
519.484802 1400.000000 0.000000
412.100311 1400.000000 0.000000
1008.102417 1400.000000 0.000000
553.562317 1400.000000 0.000000
465.014709 1400.000000 0.000000
838.345764 1400.000000 0.000000
374.155823 1400.000000 0.000000
742.913208 1400.000000 0.000000
765.409790 1400.000000 0.000000
450.887573 1400.000000 0.000000
712.398254 1400.000000 0.000000
690.966064 1400.000000 0.000000
663.259705 1400.000000 0.000000
516.067749 1400.000000 0.000000
658.144226 1400.000000 0.000000
479.640533 1400.000000 0.000000
400.636047 1400.000000 0.000000
484.553894 1400.000000 0.000000
748.883057 1400.000000 0.000000
731.899902 1400.000000 0.000000
504.844147 1400.000000 0.000000
1019.907410 1400.000000 0.000000
426.402771 1400.000000 0.000000
465.866577 1400.000000 0.000000
342.339996 1400.000000 0.000000
795.243225 1400.000000 0.000000
400.690430 1400.000000 0.000000
361.007904 1400.000000 0.000000
583.296997 1400.000000 0.000000
561.194031 1400.000000 0.000000
621.122009 1400.000000 0.000000
422.864197 1400.000000 0.000000
684.065491 1400.000000 0.000000
521.278198 1400.000000 0.000000
558.409546 1400.000000 0.000000
511.859650 1400.000000 0.000000
337.636658 1400.000000 0.000000
576.189392 1400.000000 0.000000
1335.630005 1400.000000 0.000000
469.696533 1400.000000 0.000000
522.024170 1400.000000 0.000000
678.477905 1400.000000 0.000000
501.216064 1400.000000 0.000000
482.218536 1400.000000 0.000000
404.823669 1400.000000 0.000000
440.712860 1400.000000 0.000000
532.674194 1400.000000 0.000000
2318.441162 1400.000000 0.000000
614.900146 1400.000000 0.000000
415.562286 1400.000000 0.000000
502.876892 1400.000000 0.000000
526.121216 1400.000000 0.000000
444.194702 1400.000000 0.000000
620.221680 1400.000000 0.000000
359.220673 1400.000000 0.000000
431.515747 1400.000000 0.000000
490.315155 1400.000000 0.000000
580.211060 1400.000000 0.000000
619.286377 1400.000000 0.000000
538.736938 1400.000000 0.000000
420.898010 1400.000000 0.000000
398.589569 1400.000000 0.000000
451.372498 1400.000000 0.000000
715.348206 1400.000000 0.000000
631.678711 1400.000000 0.000000
494.239746 1400.000000 0.000000
563.573242 1400.000000 0.000000
1137.493652 1400.000000 0.000000
362.376282 1400.000000 0.000000
625.687073 1400.000000 0.000000
682.490784 1400.000000 0.000000
344.685669 1400.000000 0.000000
665.927795 1400.000000 0.000000
480.002991 1400.000000 0.000000
586.461060 1400.000000 0.000000
491.640472 1400.000000 0.000000
374.755188 1400.000000 0.000000
518.641663 1400.000000 0.000000
1364.391602 1400.000000 0.000000
305.862488 1400.000000 0.000000
696.465637 1400.000000 0.000000
393.362335 1400.000000 0.000000
1179.814575 1400.000000 0.000000
754.143677 1400.000000 0.000000
463.797333 1400.000000 0.000000
666.706848 1400.000000 0.000000
945.429871 1400.000000 0.000000
426.154724 1400.000000 0.000000
1184.053101 1400.000000 0.000000
444.532928 1400.000000 0.000000
450.887909 1400.000000 0.000000
1364.972412 1400.000000 0.000000
611.958130 1400.000000 0.000000
462.753326 1400.000000 0.000000
306.951996 1400.000000 0.000000
691.546814 1400.000000 0.000000
558.556030 1400.000000 0.000000
389.732544 1400.000000 0.000000
388.921631 1400.000000 0.000000
443.620941 1400.000000 0.000000
535.583557 1400.000000 0.000000
536.982422 1400.000000 0.000000
472.379913 1400.000000 0.000000
473.063416 1400.000000 0.000000
1151.146729 1400.000000 0.000000
824.455933 1400.000000 0.000000
669.218018 1400.000000 0.000000
425.898865 1400.000000 0.000000
573.894287 1400.000000 0.000000
556.428345 1400.000000 0.000000
443.071472 1400.000000 0.000000
621.369446 1400.000000 0.000000
925.570068 1400.000000 0.000000
765.567749 1400.000000 0.000000
410.272858 1400.000000 0.000000
421.579803 1400.000000 0.000000
617.544067 1400.000000 0.000000
544.190674 1400.000000 0.000000
569.198730 1400.000000 0.000000
470.248749 1400.000000 0.000000
432.546448 1400.000000 0.000000
518.832520 1400.000000 0.000000
808.969482 1400.000000 0.000000
312.707886 1400.000000 0.000000
345.066833 1400.000000 0.000000
501.985138 1400.000000 0.000000
498.309143 1400.000000 0.000000
638.832458 1400.000000 0.000000
602.455688 1400.000000 0.000000
413.717957 1400.000000 0.000000
1273.526611 1400.000000 0.000000
376.260681 1400.000000 0.000000
491.876678 1400.000000 0.000000
524.454834 1400.000000 0.000000
355.590576 1400.000000 0.000000
715.854431 1400.000000 0.000000
686.589233 1400.000000 0.000000
545.529785 1400.000000 0.000000
437.864655 1400.000000 0.000000
618.686218 1400.000000 0.000000
914.375061 1400.000000 0.000000
461.384918 1400.000000 0.000000
570.384155 1400.000000 0.000000
558.329102 1400.000000 0.000000
398.602875 1400.000000 0.000000
746.414185 1400.000000 0.000000
626.096680 1400.000000 0.000000
470.455261 1400.000000 0.000000
408.809753 1400.000000 0.000000
522.725769 1400.000000 0.000000
490.356384 1400.000000 0.000000
1243.846924 1400.000000 0.000000
455.569122 1400.000000 0.000000
1730.565430 1400.000000 0.000000
556.660400 1400.000000 0.000000
567.142761 1400.000000 0.000000
547.179199 1400.000000 0.000000
336.440277 1400.000000 0.000000
368.852661 1400.000000 0.000000
781.387634 1400.000000 0.000000
632.628906 1400.000000 0.000000
959.204407 1400.000000 0.000000
472.154877 1400.000000 0.000000
784.967957 1400.000000 0.000000
669.834412 1400.000000 0.000000
1130.988159 1400.000000 0.000000
424.862030 1400.000000 0.000000
606.408020 1400.000000 0.000000
378.536926 1400.000000 0.000000
599.574951 1400.000000 0.000000
592.352112 1400.000000 0.000000
509.617493 1400.000000 0.000000
572.569519 1400.000000 0.000000
463.885437 1400.000000 0.000000
456.520111 1400.000000 0.000000
578.068970 1400.000000 0.000000
1384.070801 1400.000000 0.000000
527.697998 1400.000000 0.000000
714.178528 1400.000000 0.000000
326.450043 1400.000000 0.000000
513.660706 1400.000000 0.000000
974.678040 1400.000000 0.000000
512.555664 1400.000000 0.000000
393.617188 1400.000000 0.000000
802.356018 1400.000000 0.000000
414.059448 1400.000000 0.000000
440.743591 1400.000000 0.000000
730.033508 1400.000000 0.000000
503.341553 1400.000000 0.000000
375.592285 1400.000000 0.000000
447.049866 1400.000000 0.000000
514.021118 1400.000000 0.000000
655.876892 1400.000000 0.000000
899.311462 1400.000000 0.000000
288.288025 1400.000000 0.000000
1104.638916 1400.000000 0.000000
682.167542 1400.000000 0.000000
389.307861 1400.000000 0.000000
512.203674 1400.000000 0.000000
1251.732910 1400.000000 0.000000
1156.826904 1400.000000 0.000000
339.189331 1400.000000 0.000000
561.202942 1400.000000 0.000000
765.759277 1400.000000 0.000000
478.645477 1400.000000 0.000000
520.502136 1400.000000 0.000000
500.079956 1400.000000 0.000000
358.791168 1400.000000 0.000000
882.099182 1400.000000 0.000000
498.405396 1400.000000 0.000000
483.562714 1400.000000 0.000000
412.237091 1400.000000 0.000000
438.946686 1400.000000 0.000000
456.145844 1400.000000 0.000000
543.102295 1400.000000 0.000000
426.279602 1400.000000 0.000000
702.724243 1400.000000 0.000000
452.503113 1400.000000 0.000000
719.715942 1400.000000 0.000000
557.553284 1400.000000 0.000000
872.820618 1400.000000 0.000000
570.192200 1400.000000 0.000000
667.427612 1400.000000 0.000000
406.538422 1400.000000 0.000000
404.323792 1400.000000 0.000000
648.068359 1400.000000 0.000000
568.720947 1400.000000 0.000000
684.548706 1400.000000 0.000000
442.892365 1400.000000 0.000000
1045.306519 1400.000000 0.000000
741.975098 1400.000000 0.000000
421.231171 1400.000000 0.000000
979.280579 1400.000000 0.000000
1140.073608 1400.000000 0.000000
446.928558 1400.000000 0.000000
832.888245 1400.000000 0.000000
839.372070 1400.000000 0.000000
844.506104 1400.000000 0.000000
462.741180 1400.000000 0.000000
459.375824 1400.000000 0.000000
560.675903 1400.000000 0.000000
501.224152 1400.000000 0.000000
518.903870 1400.000000 0.000000
538.587830 1400.000000 0.000000
523.051514 1400.000000 0.000000
353.759552 1400.000000 0.000000
385.070953 1400.000000 0.000000
899.678528 1400.000000 0.000000
1085.541626 1400.000000 0.000000
1291.213745 1400.000000 0.000000
350.004639 1400.000000 0.000000
666.837952 1400.000000 0.000000
513.909729 1400.000000 0.000000
617.434753 1400.000000 0.000000
463.051483 1400.000000 0.000000
585.221008 1400.000000 0.000000
463.514587 1400.000000 0.000000
447.374054 1400.000000 0.000000
276.237854 1400.000000 0.000000
333.755463 1400.000000 0.000000
486.485168 1400.000000 0.000000
506.047485 1400.000000 0.000000
389.464966 1400.000000 0.000000
543.452515 1400.000000 0.000000
611.520874 1400.000000 0.000000
404.133972 1400.000000 0.000000
767.890564 1400.000000 0.000000
484.019348 1400.000000 0.000000
703.579956 1400.000000 0.000000
678.124878 1400.000000 0.000000
446.013550 1400.000000 0.000000
455.206207 1400.000000 0.000000
472.284454 1400.000000 0.000000
962.844360 1400.000000 0.000000
1069.763794 1400.000000 0.000000
567.446045 1400.000000 0.000000
1009.193848 1400.000000 0.000000
349.118500 1400.000000 0.000000
522.625488 1400.000000 0.000000
521.348022 1400.000000 0.000000
489.097748 1400.000000 0.000000
470.148438 1400.000000 0.000000
792.171509 1400.000000 0.000000
1312.393555 1400.000000 0.000000
371.464630 1400.000000 0.000000
1752.150024 1400.000000 0.000000
287.281555 1400.000000 0.000000
331.364471 1400.000000 0.000000
347.124084 1400.000000 0.000000
433.607483 1400.000000 0.000000
629.803162 1400.000000 0.000000
418.694916 1400.000000 0.000000
403.052185 1400.000000 0.000000
474.112610 1400.000000 0.000000
433.289856 1400.000000 0.000000
304.423615 1400.000000 0.000000
970.195618 1400.000000 0.000000
492.225098 1400.000000 0.000000
909.237976 1400.000000 0.000000
817.713745 1400.000000 0.000000
569.703491 1400.000000 0.000000
403.252563 1400.000000 0.000000
1165.838013 1400.000000 0.000000
578.253235 1400.000000 0.000000
510.894592 1400.000000 0.000000
463.457825 1400.000000 0.000000
558.717957 1400.000000 0.000000
876.437927 1400.000000 0.000000
1354.699341 1400.000000 0.000000
1245.229614 1400.000000 0.000000
454.539642 1400.000000 0.000000
539.874512 1400.000000 0.000000
743.274597 1400.000000 0.000000
374.443665 1400.000000 0.000000
657.104980 1400.000000 0.000000
326.653534 1400.000000 0.000000
346.710907 1400.000000 0.000000
503.119751 1400.000000 0.000000
478.906738 1400.000000 0.000000
368.337585 1400.000000 0.000000
568.702332 1400.000000 0.000000
550.521423 1400.000000 0.000000
359.736389 1400.000000 0.000000
377.048004 1400.000000 0.000000
695.668701 1400.000000 0.000000
611.372742 1400.000000 0.000000
539.136841 1400.000000 0.000000
640.016663 1400.000000 0.000000
536.636658 1400.000000 0.000000
541.145325 1400.000000 0.000000
423.529236 1400.000000 0.000000
964.053711 1400.000000 0.000000
375.334106 1400.000000 0.000000
375.850098 1400.000000 0.000000
630.529724 1400.000000 0.000000
931.890808 1400.000000 0.000000
421.072388 1400.000000 0.000000
469.983582 1400.000000 0.000000
577.447815 1400.000000 0.000000
343.449585 1400.000000 0.000000
