878.863037 600.000000 0.000000
505.913208 600.000000 0.000000
908.590820 600.000000 0.000000
747.795715 600.000000 0.000000
513.053284 600.000000 0.000000
472.560730 600.000000 0.000000
475.221985 600.000000 0.000000
500.125732 600.000000 0.000000
514.377197 600.000000 0.000000
454.481232 600.000000 0.000000
405.019684 600.000000 0.000000
591.054626 600.000000 0.000000
541.469055 600.000000 0.000000
542.223083 600.000000 0.000000
1928.838989 600.000000 0.000000
363.099213 600.000000 0.000000
438.900391 600.000000 0.000000
385.869751 600.000000 0.000000
683.988647 600.000000 0.000000
814.509705 600.000000 0.000000
615.089722 600.000000 0.000000
603.359497 600.000000 0.000000
462.078491 600.000000 0.000000
790.353210 600.000000 0.000000
663.507996 600.000000 0.000000
698.944763 600.000000 0.000000
437.842590 600.000000 0.000000
564.282471 600.000000 0.000000
505.175018 600.000000 0.000000
608.000732 600.000000 0.000000
596.283447 600.000000 0.000000
500.701569 600.000000 0.000000
474.701202 600.000000 0.000000
413.774323 600.000000 0.000000
755.122681 600.000000 0.000000
954.819885 600.000000 0.000000
542.736267 600.000000 0.000000
1263.316284 600.000000 0.000000
389.741394 600.000000 0.000000
860.778198 600.000000 0.000000
657.208862 600.000000 0.000000
489.394165 600.000000 0.000000
704.987854 600.000000 0.000000
890.787476 600.000000 0.000000
713.495789 600.000000 0.000000
500.878296 600.000000 0.000000
621.693237 600.000000 0.000000
776.161987 600.000000 0.000000
424.015533 600.000000 0.000000
930.128235 600.000000 0.000000
1022.615295 600.000000 0.000000
562.698608 600.000000 0.000000
757.371399 600.000000 0.000000
817.364136 600.000000 0.000000
614.962524 600.000000 0.000000
1395.661987 600.000000 0.000000
421.073914 600.000000 0.000000
453.542023 600.000000 0.000000
488.161255 600.000000 0.000000
546.504944 600.000000 0.000000
565.230774 600.000000 0.000000
527.178650 600.000000 0.000000
1125.640015 600.000000 0.000000
438.671173 600.000000 0.000000
596.151001 600.000000 0.000000
959.681885 600.000000 0.000000
568.244385 600.000000 0.000000
1678.949219 600.000000 0.000000
1006.690613 600.000000 0.000000
447.552460 600.000000 0.000000
581.671143 600.000000 0.000000
694.354370 600.000000 0.000000
898.762634 600.000000 0.000000
466.827209 600.000000 0.000000
358.330536 600.000000 0.000000
978.835876 600.000000 0.000000
441.729309 600.000000 0.000000
535.661926 600.000000 0.000000
611.689209 600.000000 0.000000
463.567780 600.000000 0.000000
415.433929 600.000000 0.000000
865.317871 600.000000 0.000000
630.472778 600.000000 0.000000
1653.249268 600.000000 0.000000
676.998413 600.000000 0.000000
472.812714 600.000000 0.000000
395.888702 600.000000 0.000000
331.880035 600.000000 0.000000
618.313660 600.000000 0.000000
508.005646 600.000000 0.000000
729.833801 600.000000 0.000000
419.926514 600.000000 0.000000
726.602600 600.000000 0.000000
1590.509521 600.000000 0.000000
583.279724 600.000000 0.000000
314.632690 600.000000 0.000000
388.349884 600.000000 0.000000
516.722107 600.000000 0.000000
1068.440552 600.000000 0.000000
1781.867188 600.000000 0.000000
407.777771 600.000000 0.000000
388.644379 600.000000 0.000000
541.056824 600.000000 0.000000
890.132629 600.000000 0.000000
377.672455 600.000000 0.000000
376.773590 600.000000 0.000000
504.478180 600.000000 0.000000
449.240997 600.000000 0.000000
734.313660 600.000000 0.000000
510.573212 600.000000 0.000000
831.639282 600.000000 0.000000
1138.884766 600.000000 0.000000
332.403412 600.000000 0.000000
381.480988 600.000000 0.000000
420.164551 600.000000 0.000000
581.380920 600.000000 0.000000
1157.752441 600.000000 0.000000
718.239014 600.000000 0.000000
611.656372 600.000000 0.000000
676.337402 600.000000 0.000000
391.146667 600.000000 0.000000
441.813263 600.000000 0.000000
803.397095 600.000000 0.000000
361.957520 600.000000 0.000000
332.172974 600.000000 0.000000
864.940552 600.000000 0.000000
649.999756 600.000000 0.000000
351.300720 600.000000 0.000000
531.524597 600.000000 0.000000
556.401306 600.000000 0.000000
254.324326 600.000000 0.000000
407.199188 600.000000 0.000000
1196.983521 600.000000 0.000000
474.896881 600.000000 0.000000
903.250183 600.000000 0.000000
377.283997 600.000000 0.000000
874.624329 600.000000 0.000000
419.149109 600.000000 0.000000
502.714813 600.000000 0.000000
402.477295 600.000000 0.000000
880.082092 600.000000 0.000000
369.402649 600.000000 0.000000
421.169220 600.000000 0.000000
402.633606 600.000000 0.000000
642.678955 600.000000 0.000000
461.985321 600.000000 0.000000
489.439178 600.000000 0.000000
534.140808 600.000000 0.000000
482.088043 600.000000 0.000000
420.717682 600.000000 0.000000
759.988464 600.000000 0.000000
406.195282 600.000000 0.000000
969.765442 600.000000 0.000000
643.057434 600.000000 0.000000
670.986084 600.000000 0.000000
531.023865 600.000000 0.000000
429.512604 600.000000 0.000000
532.701416 600.000000 0.000000
685.490295 600.000000 0.000000
506.878784 600.000000 0.000000
527.592163 600.000000 0.000000
648.932312 600.000000 0.000000
762.131409 600.000000 0.000000
555.354980 600.000000 0.000000
535.852051 600.000000 0.000000
519.866943 600.000000 0.000000
380.623535 600.000000 0.000000
455.082855 600.000000 0.000000
562.496094 600.000000 0.000000
569.280640 600.000000 0.000000
776.577454 600.000000 0.000000
492.216736 600.000000 0.000000
651.999634 600.000000 0.000000
487.708862 600.000000 0.000000
430.512024 600.000000 0.000000
929.919800 600.000000 0.000000
622.692566 600.000000 0.000000
512.839905 600.000000 0.000000
463.098694 600.000000 0.000000
1486.104370 600.000000 0.000000
342.889587 600.000000 0.000000
353.054077 600.000000 0.000000
701.318604 600.000000 0.000000
1009.437988 600.000000 0.000000
550.074463 600.000000 0.000000
428.603394 600.000000 0.000000
464.563660 600.000000 0.000000
1402.486816 600.000000 0.000000
423.844025 600.000000 0.000000
639.616516 600.000000 0.000000
677.008850 600.000000 0.000000
466.616699 600.000000 0.000000
708.954712 600.000000 0.000000
392.559723 600.000000 0.000000
532.077087 600.000000 0.000000
577.710144 600.000000 0.000000
750.552917 600.000000 0.000000
513.326904 600.000000 0.000000
276.868866 600.000000 0.000000
1086.784302 600.000000 0.000000
433.988525 600.000000 0.000000
528.270752 600.000000 0.000000
492.539642 600.000000 0.000000
488.129059 600.000000 0.000000
356.716400 600.000000 0.000000
909.368103 600.000000 0.000000
692.527161 600.000000 0.000000
381.673553 600.000000 0.000000
549.319458 600.000000 0.000000
1292.738281 600.000000 0.000000
1115.524536 600.000000 0.000000
656.285278 600.000000 0.000000
1091.133667 600.000000 0.000000
453.766571 600.000000 0.000000
827.209473 600.000000 0.000000
355.107330 600.000000 0.000000
532.257874 600.000000 0.000000
656.233582 600.000000 0.000000
759.548523 600.000000 0.000000
556.220581 600.000000 0.000000
459.253723 600.000000 0.000000
449.599731 600.000000 0.000000
771.449036 600.000000 0.000000
630.137573 600.000000 0.000000
394.398102 600.000000 0.000000
404.340851 600.000000 0.000000
497.748230 600.000000 0.000000
763.499451 600.000000 0.000000
476.782104 600.000000 0.000000
431.743622 600.000000 0.000000
481.947449 600.000000 0.000000
746.311340 600.000000 0.000000
523.630371 600.000000 0.000000
348.140045 600.000000 0.000000
546.009338 600.000000 0.000000
743.286438 600.000000 0.000000
366.278442 600.000000 0.000000
598.445251 600.000000 0.000000
1134.550293 600.000000 0.000000
645.128967 600.000000 0.000000
520.165771 600.000000 0.000000
1213.590332 600.000000 0.000000
422.742218 600.000000 0.000000
474.268707 600.000000 0.000000
571.810913 600.000000 0.000000
783.589661 600.000000 0.000000
431.749146 600.000000 0.000000
675.054565 600.000000 0.000000
392.544067 600.000000 0.000000
968.146606 600.000000 0.000000
385.728912 600.000000 0.000000
471.735718 600.000000 0.000000
1303.992310 600.000000 0.000000
607.084473 600.000000 0.000000
637.545227 600.000000 0.000000
465.514069 600.000000 0.000000
368.590576 600.000000 0.000000
614.236511 600.000000 0.000000
398.466827 600.000000 0.000000
1200.804199 600.000000 0.000000
488.433838 600.000000 0.000000
628.919128 600.000000 0.000000
972.756042 600.000000 0.000000
752.362549 600.000000 0.000000
661.225281 600.000000 0.000000
718.058838 600.000000 0.000000
518.696899 600.000000 0.000000
726.426453 600.000000 0.000000
742.187134 600.000000 0.000000
339.027039 600.000000 0.000000
612.624390 600.000000 0.000000
379.845703 600.000000 0.000000
603.697632 600.000000 0.000000
635.831909 600.000000 0.000000
666.090027 600.000000 0.000000
1204.401367 600.000000 0.000000
805.535767 600.000000 0.000000
349.340118 600.000000 0.000000
588.495361 600.000000 0.000000
704.401978 600.000000 0.000000
786.389954 600.000000 0.000000
444.832397 600.000000 0.000000
529.604675 600.000000 0.000000
322.104492 600.000000 0.000000
633.608582 600.000000 0.000000
629.960205 600.000000 0.000000
560.442017 600.000000 0.000000
328.223633 600.000000 0.000000
310.222137 600.000000 0.000000
392.632263 600.000000 0.000000
322.433533 600.000000 0.000000
521.117615 600.000000 0.000000
666.917542 600.000000 0.000000
442.759338 600.000000 0.000000
799.995300 600.000000 0.000000
415.736053 600.000000 0.000000
729.540710 600.000000 0.000000
330.034698 600.000000 0.000000
447.345673 600.000000 0.000000
433.137329 600.000000 0.000000
543.303040 600.000000 0.000000
449.062897 600.000000 0.000000
737.848206 600.000000 0.000000
364.818054 600.000000 0.000000
993.248413 600.000000 0.000000
428.609467 600.000000 0.000000
647.793701 600.000000 0.000000
896.935791 600.000000 0.000000
770.410645 600.000000 0.000000
372.243042 600.000000 0.000000
995.761719 600.000000 0.000000
558.215393 600.000000 0.000000
455.259583 600.000000 0.000000
1587.483032 600.000000 0.000000
891.857727 600.000000 0.000000
532.434814 600.000000 0.000000
605.305176 600.000000 0.000000
1117.911865 600.000000 0.000000
667.153442 600.000000 0.000000
617.479370 600.000000 0.000000
491.068573 600.000000 0.000000
1049.152710 600.000000 0.000000
476.275482 600.000000 0.000000
657.791809 600.000000 0.000000
455.049957 600.000000 0.000000
656.609741 600.000000 0.000000
493.833252 600.000000 0.000000
507.248444 600.000000 0.000000
420.473267 600.000000 0.000000
365.801025 600.000000 0.000000
432.087158 600.000000 0.000000
942.020325 600.000000 0.000000
395.743164 600.000000 0.000000
794.076477 600.000000 0.000000
1057.460327 600.000000 0.000000
860.045776 600.000000 0.000000
740.315247 600.000000 0.000000
845.672729 600.000000 0.000000
456.216370 600.000000 0.000000
296.585358 600.000000 0.000000
412.277832 600.000000 0.000000
346.532410 600.000000 0.000000
1751.660278 600.000000 0.000000
582.167358 600.000000 0.000000
961.466248 600.000000 0.000000
1032.747681 600.000000 0.000000
589.223206 600.000000 0.000000
732.816284 600.000000 0.000000
473.303711 600.000000 0.000000
440.583496 600.000000 0.000000
757.715088 600.000000 0.000000
670.246765 600.000000 0.000000
358.872467 600.000000 0.000000
576.748230 600.000000 0.000000
567.482056 600.000000 0.000000
1395.740479 600.000000 0.000000
460.619019 600.000000 0.000000
617.936340 600.000000 0.000000
1131.078979 600.000000 0.000000
476.922272 600.000000 0.000000
602.214905 600.000000 0.000000
356.890564 600.000000 0.000000
806.846497 600.000000 0.000000
905.251038 600.000000 0.000000
536.935669 600.000000 0.000000
814.321350 600.000000 0.000000
633.349487 600.000000 0.000000
512.472656 600.000000 0.000000
655.408813 600.000000 0.000000
405.989777 600.000000 0.000000
481.562988 600.000000 0.000000
1120.616333 600.000000 0.000000
440.744049 600.000000 0.000000
504.256714 600.000000 0.000000
376.943817 600.000000 0.000000
437.308136 600.000000 0.000000
385.354645 600.000000 0.000000
358.395599 600.000000 0.000000
648.815002 600.000000 0.000000
824.700928 600.000000 0.000000
599.995605 600.000000 0.000000
494.448486 600.000000 0.000000
551.222046 600.000000 0.000000
489.288055 600.000000 0.000000
561.801147 600.000000 0.000000
879.304688 600.000000 0.000000
430.588776 600.000000 0.000000
960.982239 600.000000 0.000000
613.698792 600.000000 0.000000
1183.647095 600.000000 0.000000
268.492645 600.000000 0.000000
652.910583 600.000000 0.000000
393.483185 600.000000 0.000000
875.076599 600.000000 0.000000
761.368835 600.000000 0.000000
587.278870 600.000000 0.000000
451.951172 600.000000 0.000000
1046.252930 600.000000 0.000000
1159.778198 600.000000 0.000000
847.929443 600.000000 0.000000
514.534119 600.000000 0.000000
553.403809 600.000000 0.000000
973.636597 600.000000 0.000000
350.204865 600.000000 0.000000
517.727966 600.000000 0.000000
379.515594 600.000000 0.000000
374.512054 600.000000 0.000000
365.093903 600.000000 0.000000
462.652863 600.000000 0.000000
319.725586 600.000000 0.000000
594.451660 600.000000 0.000000
733.604797 600.000000 0.000000
1023.849060 600.000000 0.000000
746.337585 600.000000 0.000000
433.175934 600.000000 0.000000
1542.192139 600.000000 0.000000
414.622803 600.000000 0.000000
501.342712 600.000000 0.000000
968.722595 600.000000 0.000000
943.675476 600.000000 0.000000
460.427673 600.000000 0.000000
459.286682 600.000000 0.000000
371.399017 600.000000 0.000000
425.111237 600.000000 0.000000
806.839111 600.000000 0.000000
641.560730 600.000000 0.000000
307.273682 600.000000 0.000000
619.957520 600.000000 0.000000
749.409790 600.000000 0.000000
594.564697 600.000000 0.000000
803.310730 600.000000 0.000000
501.349182 600.000000 0.000000
408.597229 600.000000 0.000000
427.815216 600.000000 0.000000
624.793640 600.000000 0.000000
494.787628 600.000000 0.000000
803.166443 600.000000 0.000000
551.854309 600.000000 0.000000
399.467926 600.000000 0.000000
368.480713 600.000000 0.000000
336.678925 600.000000 0.000000
448.633789 600.000000 0.000000
873.029358 600.000000 0.000000
485.877136 600.000000 0.000000
698.287964 600.000000 0.000000
663.279907 600.000000 0.000000
327.554535 600.000000 0.000000
338.277985 600.000000 0.000000
842.884888 600.000000 0.000000
482.223206 600.000000 0.000000
840.506958 600.000000 0.000000
573.380310 600.000000 0.000000
721.662598 600.000000 0.000000
948.055054 600.000000 0.000000
752.974670 600.000000 0.000000
791.510254 600.000000 0.000000
1032.221680 600.000000 0.000000
512.916687 600.000000 0.000000
1088.568970 600.000000 0.000000
525.165527 600.000000 0.000000
544.589294 600.000000 0.000000
587.752197 600.000000 0.000000
824.914001 600.000000 0.000000
510.376312 600.000000 0.000000
481.109833 600.000000 0.000000
384.745758 600.000000 0.000000
1018.669617 600.000000 0.000000
444.714142 600.000000 0.000000
576.515808 600.000000 0.000000
914.365356 600.000000 0.000000
814.031982 600.000000 0.000000
384.221436 600.000000 0.000000
611.644409 600.000000 0.000000
1639.694824 600.000000 0.000000
374.651733 600.000000 0.000000
498.245667 600.000000 0.000000
557.857361 600.000000 0.000000
550.884094 600.000000 0.000000
1569.347656 600.000000 0.000000
533.210449 600.000000 0.000000
416.485626 600.000000 0.000000
1507.591675 600.000000 0.000000
656.392029 600.000000 0.000000
436.035828 600.000000 0.000000
505.124817 600.000000 0.000000
559.646118 600.000000 0.000000
462.362579 600.000000 0.000000
682.436401 600.000000 0.000000
327.874573 600.000000 0.000000
595.901428 600.000000 0.000000
605.043701 600.000000 0.000000
354.022980 600.000000 0.000000
543.201965 600.000000 0.000000
620.603455 600.000000 0.000000
397.835175 600.000000 0.000000
390.171844 600.000000 0.000000
2782.532227 600.000000 0.000000
547.614685 600.000000 0.000000
1442.884277 600.000000 0.000000
1078.298462 600.000000 0.000000
550.682617 600.000000 0.000000
486.938904 600.000000 0.000000
1331.871094 600.000000 0.000000
541.274475 600.000000 0.000000
324.449097 600.000000 0.000000
372.609650 600.000000 0.000000
526.681702 600.000000 0.000000
302.601135 600.000000 0.000000
487.985962 600.000000 0.000000
484.662659 600.000000 0.000000
581.299011 600.000000 0.000000
422.220001 600.000000 0.000000
651.895630 600.000000 0.000000
425.574890 600.000000 0.000000
587.820923 600.000000 0.000000
949.047607 600.000000 0.000000
484.995239 600.000000 0.000000
486.027130 600.000000 0.000000
593.523804 600.000000 0.000000
343.012848 600.000000 0.000000
450.052551 600.000000 0.000000
643.974731 600.000000 0.000000
1589.881226 600.000000 0.000000
555.019287 600.000000 0.000000
789.703857 600.000000 0.000000
803.413269 600.000000 0.000000
499.958435 600.000000 0.000000
456.721313 600.000000 0.000000
342.781982 600.000000 0.000000
502.797211 600.000000 0.000000
321.597260 600.000000 0.000000
553.976685 600.000000 0.000000
444.245483 600.000000 0.000000
600.758240 600.000000 0.000000
553.541809 600.000000 0.000000
377.389740 600.000000 0.000000
360.703644 600.000000 0.000000
546.291565 600.000000 0.000000
900.194946 600.000000 0.000000
639.422485 600.000000 0.000000
841.437256 600.000000 0.000000
491.020996 600.000000 0.000000
429.240204 600.000000 0.000000
918.713928 600.000000 0.000000
508.051056 600.000000 0.000000
416.450439 600.000000 0.000000
658.538818 600.000000 0.000000
659.420349 600.000000 0.000000
416.537079 600.000000 0.000000
421.662537 600.000000 0.000000
1071.594238 600.000000 0.000000
748.550781 600.000000 0.000000
484.010620 600.000000 0.000000
970.138611 600.000000 0.000000
775.231750 600.000000 0.000000
485.296661 600.000000 0.000000
654.745728 600.000000 0.000000
640.107117 600.000000 0.000000
501.473816 600.000000 0.000000
472.995941 600.000000 0.000000
378.411469 600.000000 0.000000
410.688904 600.000000 0.000000
470.196014 600.000000 0.000000
503.195068 600.000000 0.000000
526.992615 600.000000 0.000000
1365.760254 600.000000 0.000000
754.397827 600.000000 0.000000
801.479858 600.000000 0.000000
436.596558 600.000000 0.000000
541.350403 600.000000 0.000000
562.879395 600.000000 0.000000
577.079346 600.000000 0.000000
380.514282 600.000000 0.000000
1882.297607 600.000000 0.000000
407.572601 600.000000 0.000000
515.894165 600.000000 0.000000
706.462646 600.000000 0.000000
846.593079 600.000000 0.000000
826.636719 600.000000 0.000000
324.347809 600.000000 0.000000
478.718384 600.000000 0.000000
896.922974 600.000000 0.000000
645.635864 600.000000 0.000000
638.443604 600.000000 0.000000
770.771667 600.000000 0.000000
471.796143 600.000000 0.000000
779.578369 600.000000 0.000000
386.411041 600.000000 0.000000
761.754333 600.000000 0.000000
580.364502 600.000000 0.000000
810.495300 600.000000 0.000000
633.400208 600.000000 0.000000
475.407318 600.000000 0.000000
396.057343 600.000000 0.000000
470.948639 600.000000 0.000000
1081.819824 600.000000 0.000000
734.985779 600.000000 0.000000
1188.786865 600.000000 0.000000
623.364807 600.000000 0.000000
636.868591 600.000000 0.000000
536.958862 600.000000 0.000000
676.744873 600.000000 0.000000
467.093262 600.000000 0.000000
528.784241 600.000000 0.000000
620.915955 600.000000 0.000000
753.083313 600.000000 0.000000
378.143524 600.000000 0.000000
724.217834 600.000000 0.000000
470.667023 600.000000 0.000000
479.314423 600.000000 0.000000
640.914062 600.000000 0.000000
461.097260 600.000000 0.000000
791.308655 600.000000 0.000000
548.853394 600.000000 0.000000
465.095947 600.000000 0.000000
922.937317 600.000000 0.000000
622.106323 600.000000 0.000000
639.937134 600.000000 0.000000
496.304352 600.000000 0.000000
679.123291 600.000000 0.000000
630.618469 600.000000 0.000000
759.298950 600.000000 0.000000
815.003784 600.000000 0.000000
495.368591 600.000000 0.000000
513.774963 600.000000 0.000000
932.916260 600.000000 0.000000
949.749146 600.000000 0.000000
408.842682 600.000000 0.000000
563.725098 600.000000 0.000000
561.662781 600.000000 0.000000
581.291321 600.000000 0.000000
722.463928 600.000000 0.000000
999.003174 600.000000 0.000000
571.394165 600.000000 0.000000
393.796143 600.000000 0.000000
533.137878 600.000000 0.000000
737.646301 600.000000 0.000000
402.154938 600.000000 0.000000
411.341522 600.000000 0.000000
724.879333 600.000000 0.000000
451.845490 600.000000 0.000000
455.216278 600.000000 0.000000
481.003601 600.000000 0.000000
1181.316162 600.000000 0.000000
647.260498 600.000000 0.000000
596.590454 600.000000 0.000000
922.996033 600.000000 0.000000
590.913879 600.000000 0.000000
623.677612 600.000000 0.000000
558.476257 600.000000 0.000000
464.015900 600.000000 0.000000
461.450836 600.000000 0.000000
722.072754 600.000000 0.000000
676.195435 600.000000 0.000000
984.220764 600.000000 0.000000
753.620117 600.000000 0.000000
582.207153 600.000000 0.000000
1051.634521 600.000000 0.000000
368.276428 600.000000 0.000000
442.867432 600.000000 0.000000
339.982941 600.000000 0.000000
1293.611206 600.000000 0.000000
696.636780 600.000000 0.000000
450.115234 600.000000 0.000000
501.183899 600.000000 0.000000
407.562042 600.000000 0.000000
589.839050 600.000000 0.000000
892.638062 600.000000 0.000000
718.792236 600.000000 0.000000
422.918884 600.000000 0.000000
637.356140 600.000000 0.000000
376.136383 600.000000 0.000000
400.886902 600.000000 0.000000
541.241516 600.000000 0.000000
385.456696 600.000000 0.000000
397.300476 600.000000 0.000000
747.553955 600.000000 0.000000
437.611115 600.000000 0.000000
708.750610 600.000000 0.000000
1378.549072 600.000000 0.000000
419.994110 600.000000 0.000000
700.562805 600.000000 0.000000
892.607788 600.000000 0.000000
1363.589844 600.000000 0.000000
408.735504 600.000000 0.000000
662.855469 600.000000 0.000000
578.913818 600.000000 0.000000
431.695099 600.000000 0.000000
717.045898 600.000000 0.000000
1417.765747 600.000000 0.000000
628.090454 600.000000 0.000000
619.456543 600.000000 0.000000
556.378540 600.000000 0.000000
994.155701 600.000000 0.000000
390.962555 600.000000 0.000000
664.418823 600.000000 0.000000
446.178772 600.000000 0.000000
819.059082 600.000000 0.000000
595.570557 600.000000 0.000000
497.449585 600.000000 0.000000
492.897949 600.000000 0.000000
608.180481 600.000000 0.000000
549.602112 600.000000 0.000000
532.432251 600.000000 0.000000
553.219360 600.000000 0.000000
885.419739 600.000000 0.000000
618.906738 600.000000 0.000000
474.571930 600.000000 0.000000
575.741150 600.000000 0.000000
821.796631 600.000000 0.000000
505.585144 600.000000 0.000000
537.205444 600.000000 0.000000
428.698547 600.000000 0.000000
689.218262 600.000000 0.000000
603.671204 600.000000 0.000000
565.935669 600.000000 0.000000
425.475830 600.000000 0.000000
645.452881 600.000000 0.000000
417.748291 600.000000 0.000000
522.933838 600.000000 0.000000
492.053223 600.000000 0.000000
444.724304 600.000000 0.000000
842.665405 600.000000 0.000000
660.952393 600.000000 0.000000
948.729309 600.000000 0.000000
352.810577 600.000000 0.000000
341.430023 600.000000 0.000000
695.862732 600.000000 0.000000
423.928741 600.000000 0.000000
510.977783 600.000000 0.000000
512.519043 600.000000 0.000000
1560.175293 600.000000 0.000000
499.901886 600.000000 0.000000
507.372498 600.000000 0.000000
332.958801 600.000000 0.000000
516.322571 600.000000 0.000000
589.295776 600.000000 0.000000
520.791687 600.000000 0.000000
658.231201 600.000000 0.000000
830.496765 600.000000 0.000000
555.886169 600.000000 0.000000
603.856995 600.000000 0.000000
480.744354 600.000000 0.000000
930.242493 600.000000 0.000000
387.928711 600.000000 0.000000
782.421753 600.000000 0.000000
721.609070 600.000000 0.000000
965.843994 600.000000 0.000000
330.462769 600.000000 0.000000
531.924927 600.000000 0.000000
829.664307 600.000000 0.000000
602.032776 600.000000 0.000000
837.908447 600.000000 0.000000
1140.479248 600.000000 0.000000
531.233459 600.000000 0.000000
506.037109 600.000000 0.000000
487.124817 600.000000 0.000000
594.864868 600.000000 0.000000
308.560120 600.000000 0.000000
1147.296875 600.000000 0.000000
535.225952 600.000000 0.000000
340.560364 600.000000 0.000000
665.867126 600.000000 0.000000
883.343262 600.000000 0.000000
513.208313 600.000000 0.000000
713.131104 600.000000 0.000000
671.263184 600.000000 0.000000
924.936157 600.000000 0.000000
442.001953 600.000000 0.000000
455.401886 600.000000 0.000000
877.497070 600.000000 0.000000
875.452026 600.000000 0.000000
716.194031 600.000000 0.000000
450.709045 600.000000 0.000000
611.432434 600.000000 0.000000
656.334961 600.000000 0.000000
515.886169 600.000000 0.000000
519.982605 600.000000 0.000000
626.801208 600.000000 0.000000
854.380676 600.000000 0.000000
987.451233 600.000000 0.000000
661.018982 600.000000 0.000000
800.408508 600.000000 0.000000
392.975677 600.000000 0.000000
1079.958130 600.000000 0.000000
330.437653 600.000000 0.000000
482.349670 600.000000 0.000000
382.929260 600.000000 0.000000
856.516235 600.000000 0.000000
641.672302 600.000000 0.000000
407.470734 600.000000 0.000000
1101.109741 600.000000 0.000000
659.322327 600.000000 0.000000
737.817322 600.000000 0.000000
517.860718 600.000000 0.000000
395.980286 600.000000 0.000000
605.355530 600.000000 0.000000
306.344147 600.000000 0.000000
431.037567 600.000000 0.000000
497.468689 600.000000 0.000000
588.690430 600.000000 0.000000
475.190918 600.000000 0.000000
450.272064 600.000000 0.000000
494.680237 600.000000 0.000000
297.235901 600.000000 0.000000
444.872192 600.000000 0.000000
1065.963501 600.000000 0.000000
441.877106 600.000000 0.000000
643.479126 600.000000 0.000000
312.313629 600.000000 0.000000
602.509216 600.000000 0.000000
754.128296 600.000000 0.000000
358.824432 600.000000 0.000000
1811.996460 600.000000 0.000000
455.405334 600.000000 0.000000
435.438995 600.000000 0.000000
751.716125 600.000000 0.000000
913.718628 600.000000 0.000000
1622.368774 600.000000 0.000000
552.586304 600.000000 0.000000
616.255005 600.000000 0.000000
702.344116 600.000000 0.000000
648.834290 600.000000 0.000000
1314.486206 600.000000 0.000000
364.697632 600.000000 0.000000
556.809326 600.000000 0.000000
606.699646 600.000000 0.000000
466.994049 600.000000 0.000000
650.512573 600.000000 0.000000
459.738861 600.000000 0.000000
403.094818 600.000000 0.000000
482.527405 600.000000 0.000000
584.979248 600.000000 0.000000
644.836853 600.000000 0.000000
404.479492 600.000000 0.000000
415.851929 600.000000 0.000000
633.562988 600.000000 0.000000
468.033508 600.000000 0.000000
708.199890 600.000000 0.000000
424.515656 600.000000 0.000000
402.429535 600.000000 0.000000
356.104431 600.000000 0.000000
393.769043 600.000000 0.000000
744.116577 600.000000 0.000000
578.005127 600.000000 0.000000
795.479980 600.000000 0.000000
411.255219 600.000000 0.000000
344.174286 600.000000 0.000000
620.241211 600.000000 0.000000
467.292694 600.000000 0.000000
1503.682373 600.000000 0.000000
348.329895 600.000000 0.000000
535.925903 600.000000 0.000000
438.882080 600.000000 0.000000
497.915649 600.000000 0.000000
556.956787 600.000000 0.000000
469.235321 600.000000 0.000000
374.658234 600.000000 0.000000
448.113953 600.000000 0.000000
432.709320 600.000000 0.000000
532.709595 600.000000 0.000000
490.847656 600.000000 0.000000
434.679657 600.000000 0.000000
440.873718 600.000000 0.000000
946.570862 600.000000 0.000000
340.343109 600.000000 0.000000
1438.553223 600.000000 0.000000
742.860779 600.000000 0.000000
840.787964 600.000000 0.000000
542.098633 600.000000 0.000000
841.167419 600.000000 0.000000
531.454346 600.000000 0.000000
470.956543 600.000000 0.000000
777.992493 600.000000 0.000000
449.827484 600.000000 0.000000
510.117401 600.000000 0.000000
521.849548 600.000000 0.000000
536.591492 600.000000 0.000000
502.883087 600.000000 0.000000
482.846710 600.000000 0.000000
464.385559 600.000000 0.000000
867.503845 600.000000 0.000000
656.905640 600.000000 0.000000
501.876312 600.000000 0.000000
330.856628 600.000000 0.000000
580.139893 600.000000 0.000000
799.390320 600.000000 0.000000
461.892731 600.000000 0.000000
540.352173 600.000000 0.000000
471.569885 600.000000 0.000000
579.021118 600.000000 0.000000
634.307373 600.000000 0.000000
741.018188 600.000000 0.000000
958.573730 600.000000 0.000000
382.464081 600.000000 0.000000
651.380981 600.000000 0.000000
530.047302 600.000000 0.000000
666.780273 600.000000 0.000000
541.822815 600.000000 0.000000
398.977386 600.000000 0.000000
725.554504 600.000000 0.000000
786.029053 600.000000 0.000000
1128.427612 600.000000 0.000000
695.024414 600.000000 0.000000
583.448486 600.000000 0.000000
397.419830 600.000000 0.000000
840.394897 600.000000 0.000000
461.973358 600.000000 0.000000
504.017365 600.000000 0.000000
575.691589 600.000000 0.000000
926.667786 600.000000 0.000000
816.938599 600.000000 0.000000
642.869263 600.000000 0.000000
1117.284058 600.000000 0.000000
790.026611 600.000000 0.000000
859.535583 600.000000 0.000000
962.429932 600.000000 0.000000
463.786011 600.000000 0.000000
614.326294 600.000000 0.000000
762.540466 600.000000 0.000000
834.514648 600.000000 0.000000
616.829041 600.000000 0.000000
682.700317 600.000000 0.000000
522.841919 600.000000 0.000000
892.759827 600.000000 0.000000
799.713684 600.000000 0.000000
1467.151978 600.000000 0.000000
1323.275879 600.000000 0.000000
343.812469 600.000000 0.000000
467.591980 600.000000 0.000000
312.668030 600.000000 0.000000
407.003082 600.000000 0.000000
429.783966 600.000000 0.000000
532.465027 600.000000 0.000000
550.999512 600.000000 0.000000
359.759369 600.000000 0.000000
1220.596313 600.000000 0.000000
421.758453 600.000000 0.000000
353.332428 600.000000 0.000000
688.339966 600.000000 0.000000
391.003784 600.000000 0.000000
396.748962 600.000000 0.000000
699.571533 600.000000 0.000000
428.732544 600.000000 0.000000
2131.600586 600.000000 0.000000
1013.645935 600.000000 0.000000
519.484802 600.000000 0.000000
412.100311 600.000000 0.000000
1008.102417 600.000000 0.000000
553.562317 600.000000 0.000000
465.014709 600.000000 0.000000
838.345764 600.000000 0.000000
374.155823 600.000000 0.000000
742.913208 600.000000 0.000000
765.409790 600.000000 0.000000
450.887573 600.000000 0.000000
712.398254 600.000000 0.000000
690.966064 600.000000 0.000000
663.259705 600.000000 0.000000
516.067749 600.000000 0.000000
658.144226 600.000000 0.000000
479.640533 600.000000 0.000000
400.636047 600.000000 0.000000
484.553894 600.000000 0.000000
748.883057 600.000000 0.000000
731.899902 600.000000 0.000000
504.844147 600.000000 0.000000
1019.907410 600.000000 0.000000
426.402771 600.000000 0.000000
465.866577 600.000000 0.000000
342.339996 600.000000 0.000000
795.243225 600.000000 0.000000
400.690430 600.000000 0.000000
361.007904 600.000000 0.000000
583.296997 600.000000 0.000000
561.194031 600.000000 0.000000
621.122009 600.000000 0.000000
422.864197 600.000000 0.000000
684.065491 600.000000 0.000000
521.278198 600.000000 0.000000
558.409546 600.000000 0.000000
511.859650 600.000000 0.000000
337.636658 600.000000 0.000000
576.189392 600.000000 0.000000
1335.630005 600.000000 0.000000
469.696533 600.000000 0.000000
522.024170 600.000000 0.000000
678.477905 600.000000 0.000000
501.216064 600.000000 0.000000
482.218536 600.000000 0.000000
404.823669 600.000000 0.000000
440.712860 600.000000 0.000000
532.674194 600.000000 0.000000
2318.441162 600.000000 0.000000
614.900146 600.000000 0.000000
415.562286 600.000000 0.000000
502.876892 600.000000 0.000000
526.121216 600.000000 0.000000
444.194702 600.000000 0.000000
620.221680 600.000000 0.000000
359.220673 600.000000 0.000000
431.515747 600.000000 0.000000
490.315155 600.000000 0.000000
580.211060 600.000000 0.000000
619.286377 600.000000 0.000000
538.736938 600.000000 0.000000
420.898010 600.000000 0.000000
398.589569 600.000000 0.000000
451.372498 600.000000 0.000000
715.348206 600.000000 0.000000
631.678711 600.000000 0.000000
494.239746 600.000000 0.000000
563.573242 600.000000 0.000000
1137.493652 600.000000 0.000000
362.376282 600.000000 0.000000
625.687073 600.000000 0.000000
682.490784 600.000000 0.000000
344.685669 600.000000 0.000000
665.927795 600.000000 0.000000
480.002991 600.000000 0.000000
586.461060 600.000000 0.000000
491.640472 600.000000 0.000000
374.755188 600.000000 0.000000
518.641663 600.000000 0.000000
1364.391602 600.000000 0.000000
305.862488 600.000000 0.000000
696.465637 600.000000 0.000000
393.362335 600.000000 0.000000
1179.814575 600.000000 0.000000
754.143677 600.000000 0.000000
463.797333 600.000000 0.000000
666.706848 600.000000 0.000000
945.429871 600.000000 0.000000
426.154724 600.000000 0.000000
1184.053101 600.000000 0.000000
444.532928 600.000000 0.000000
450.887909 600.000000 0.000000
1364.972412 600.000000 0.000000
611.958130 600.000000 0.000000
462.753326 600.000000 0.000000
306.951996 600.000000 0.000000
691.546814 600.000000 0.000000
558.556030 600.000000 0.000000
389.732544 600.000000 0.000000
388.921631 600.000000 0.000000
443.620941 600.000000 0.000000
535.583557 600.000000 0.000000
536.982422 600.000000 0.000000
472.379913 600.000000 0.000000
473.063416 600.000000 0.000000
1151.146729 600.000000 0.000000
824.455933 600.000000 0.000000
669.218018 600.000000 0.000000
425.898865 600.000000 0.000000
573.894287 600.000000 0.000000
556.428345 600.000000 0.000000
443.071472 600.000000 0.000000
621.369446 600.000000 0.000000
925.570068 600.000000 0.000000
765.567749 600.000000 0.000000
410.272858 600.000000 0.000000
421.579803 600.000000 0.000000
617.544067 600.000000 0.000000
544.190674 600.000000 0.000000
569.198730 600.000000 0.000000
470.248749 600.000000 0.000000
432.546448 600.000000 0.000000
518.832520 600.000000 0.000000
808.969482 600.000000 0.000000
312.707886 600.000000 0.000000
345.066833 600.000000 0.000000
501.985138 600.000000 0.000000
498.309143 600.000000 0.000000
638.832458 600.000000 0.000000
602.455688 600.000000 0.000000
413.717957 600.000000 0.000000
1273.526611 600.000000 0.000000
376.260681 600.000000 0.000000
491.876678 600.000000 0.000000
524.454834 600.000000 0.000000
355.590576 600.000000 0.000000
715.854431 600.000000 0.000000
686.589233 600.000000 0.000000
545.529785 600.000000 0.000000
437.864655 600.000000 0.000000
618.686218 600.000000 0.000000
914.375061 600.000000 0.000000
461.384918 600.000000 0.000000
570.384155 600.000000 0.000000
558.329102 600.000000 0.000000
398.602875 600.000000 0.000000
746.414185 600.000000 0.000000
626.096680 600.000000 0.000000
470.455261 600.000000 0.000000
408.809753 600.000000 0.000000
522.725769 600.000000 0.000000
490.356384 600.000000 0.000000
1243.846924 600.000000 0.000000
455.569122 600.000000 0.000000
1730.565430 600.000000 0.000000
556.660400 600.000000 0.000000
567.142761 600.000000 0.000000
547.179199 600.000000 0.000000
336.440277 600.000000 0.000000
368.852661 600.000000 0.000000
781.387634 600.000000 0.000000
632.628906 600.000000 0.000000
959.204407 600.000000 0.000000
472.154877 600.000000 0.000000
784.967957 600.000000 0.000000
669.834412 600.000000 0.000000
1130.988159 600.000000 0.000000
424.862030 600.000000 0.000000
606.408020 600.000000 0.000000
378.536926 600.000000 0.000000
599.574951 600.000000 0.000000
592.352112 600.000000 0.000000
509.617493 600.000000 0.000000
572.569519 600.000000 0.000000
463.885437 600.000000 0.000000
456.520111 600.000000 0.000000
578.068970 600.000000 0.000000
1384.070801 600.000000 0.000000
527.697998 600.000000 0.000000
714.178528 600.000000 0.000000
326.450043 600.000000 0.000000
513.660706 600.000000 0.000000
974.678040 600.000000 0.000000
512.555664 600.000000 0.000000
393.617188 600.000000 0.000000
802.356018 600.000000 0.000000
414.059448 600.000000 0.000000
440.743591 600.000000 0.000000
730.033508 600.000000 0.000000
503.341553 600.000000 0.000000
375.592285 600.000000 0.000000
447.049866 600.000000 0.000000
514.021118 600.000000 0.000000
655.876892 600.000000 0.000000
899.311462 600.000000 0.000000
288.288025 600.000000 0.000000
1104.638916 600.000000 0.000000
682.167542 600.000000 0.000000
389.307861 600.000000 0.000000
512.203674 600.000000 0.000000
1251.732910 600.000000 0.000000
1156.826904 600.000000 0.000000
339.189331 600.000000 0.000000
561.202942 600.000000 0.000000
765.759277 600.000000 0.000000
478.645477 600.000000 0.000000
520.502136 600.000000 0.000000
500.079956 600.000000 0.000000
358.791168 600.000000 0.000000
882.099182 600.000000 0.000000
498.405396 600.000000 0.000000
483.562714 600.000000 0.000000
412.237091 600.000000 0.000000
438.946686 600.000000 0.000000
456.145844 600.000000 0.000000
543.102295 600.000000 0.000000
426.279602 600.000000 0.000000
702.724243 600.000000 0.000000
452.503113 600.000000 0.000000
719.715942 600.000000 0.000000
557.553284 600.000000 0.000000
872.820618 600.000000 0.000000
570.192200 600.000000 0.000000
667.427612 600.000000 0.000000
406.538422 600.000000 0.000000
404.323792 600.000000 0.000000
648.068359 600.000000 0.000000
568.720947 600.000000 0.000000
684.548706 600.000000 0.000000
442.892365 600.000000 0.000000
1045.306519 600.000000 0.000000
741.975098 600.000000 0.000000
421.231171 600.000000 0.000000
979.280579 600.000000 0.000000
1140.073608 600.000000 0.000000
446.928558 600.000000 0.000000
832.888245 600.000000 0.000000
839.372070 600.000000 0.000000
844.506104 600.000000 0.000000
462.741180 600.000000 0.000000
459.375824 600.000000 0.000000
560.675903 600.000000 0.000000
501.224152 600.000000 0.000000
518.903870 600.000000 0.000000
538.587830 600.000000 0.000000
523.051514 600.000000 0.000000
353.759552 600.000000 0.000000
385.070953 600.000000 0.000000
899.678528 600.000000 0.000000
1085.541626 600.000000 0.000000
1291.213745 600.000000 0.000000
350.004639 600.000000 0.000000
666.837952 600.000000 0.000000
513.909729 600.000000 0.000000
617.434753 600.000000 0.000000
463.051483 600.000000 0.000000
585.221008 600.000000 0.000000
463.514587 600.000000 0.000000
447.374054 600.000000 0.000000
276.237854 600.000000 0.000000
333.755463 600.000000 0.000000
486.485168 600.000000 0.000000
506.047485 600.000000 0.000000
389.464966 600.000000 0.000000
543.452515 600.000000 0.000000
611.520874 600.000000 0.000000
404.133972 600.000000 0.000000
767.890564 600.000000 0.000000
484.019348 600.000000 0.000000
703.579956 600.000000 0.000000
678.124878 600.000000 0.000000
446.013550 600.000000 0.000000
455.206207 600.000000 0.000000
472.284454 600.000000 0.000000
962.844360 600.000000 0.000000
1069.763794 600.000000 0.000000
567.446045 600.000000 0.000000
1009.193848 600.000000 0.000000
349.118500 600.000000 0.000000
522.625488 600.000000 0.000000
521.348022 600.000000 0.000000
489.097748 600.000000 0.000000
470.148438 600.000000 0.000000
792.171509 600.000000 0.000000
1312.393555 600.000000 0.000000
371.464630 600.000000 0.000000
1752.150024 600.000000 0.000000
287.281555 600.000000 0.000000
331.364471 600.000000 0.000000
347.124084 600.000000 0.000000
433.607483 600.000000 0.000000
629.803162 600.000000 0.000000
418.694916 600.000000 0.000000
403.052185 600.000000 0.000000
474.112610 600.000000 0.000000
433.289856 600.000000 0.000000
304.423615 600.000000 0.000000
970.195618 600.000000 0.000000
492.225098 600.000000 0.000000
909.237976 600.000000 0.000000
817.713745 600.000000 0.000000
569.703491 600.000000 0.000000
403.252563 600.000000 0.000000
1165.838013 600.000000 0.000000
578.253235 600.000000 0.000000
510.894592 600.000000 0.000000
463.457825 600.000000 0.000000
558.717957 600.000000 0.000000
876.437927 600.000000 0.000000
1354.699341 600.000000 0.000000
1245.229614 600.000000 0.000000
454.539642 600.000000 0.000000
539.874512 600.000000 0.000000
743.274597 600.000000 0.000000
374.443665 600.000000 0.000000
657.104980 600.000000 0.000000
326.653534 600.000000 0.000000
346.710907 600.000000 0.000000
503.119751 600.000000 0.000000
478.906738 600.000000 0.000000
368.337585 600.000000 0.000000
568.702332 600.000000 0.000000
550.521423 600.000000 0.000000
359.736389 600.000000 0.000000
377.048004 600.000000 0.000000
695.668701 600.000000 0.000000
611.372742 600.000000 0.000000
539.136841 600.000000 0.000000
640.016663 600.000000 0.000000
536.636658 600.000000 0.000000
541.145325 600.000000 0.000000
423.529236 600.000000 0.000000
964.053711 600.000000 0.000000
375.334106 600.000000 0.000000
375.850098 600.000000 0.000000
630.529724 600.000000 0.000000
931.890808 600.000000 0.000000
421.072388 600.000000 0.000000
469.983582 600.000000 0.000000
577.447815 600.000000 0.000000
343.449585 600.000000 0.000000
