1579.360352 1500.000000 1.000000
1880.330078 1500.000000 1.000000
1886.734985 1500.000000 1.000000
1717.457153 1500.000000 1.000000
2173.056641 1500.000000 1.000000
1666.149414 1500.000000 1.000000
1437.387329 1500.000000 1.000000
1367.898315 1500.000000 1.000000
2601.980713 1500.000000 1.000000
1289.193115 1500.000000 1.000000
1399.345215 1500.000000 1.000000
1449.623413 1500.000000 1.000000
1287.880493 1500.000000 1.000000
2054.424072 1500.000000 1.000000
2338.570068 1500.000000 1.000000
1910.419556 1500.000000 1.000000
1227.665039 1500.000000 1.000000
1406.983276 1500.000000 1.000000
2771.880615 1500.000000 1.000000
1350.290161 1500.000000 1.000000
979.533691 1500.000000 1.000000
1310.949341 1500.000000 1.000000
1505.965942 1500.000000 1.000000
1328.249268 1500.000000 1.000000
1396.777466 1500.000000 1.000000
2014.603516 1500.000000 1.000000
1598.702148 1500.000000 1.000000
1863.268311 1500.000000 1.000000
2091.181152 1500.000000 1.000000
2242.931152 1500.000000 1.000000
1286.859741 1500.000000 1.000000
1738.828735 1500.000000 1.000000
1623.521729 1500.000000 1.000000
1920.762085 1500.000000 1.000000
1577.456787 1500.000000 1.000000
2267.207031 1500.000000 1.000000
1888.284546 1500.000000 1.000000
1434.818237 1500.000000 1.000000
1819.659546 1500.000000 1.000000
1381.838135 1500.000000 1.000000
1248.819824 1500.000000 1.000000
1525.290649 1500.000000 1.000000
1289.291504 1500.000000 1.000000
1711.071411 1500.000000 1.000000
1547.012329 1500.000000 1.000000
1528.709717 1500.000000 1.000000
1727.815186 1500.000000 1.000000
1220.092407 1500.000000 1.000000
1211.667236 1500.000000 1.000000
1786.570068 1500.000000 1.000000
1293.489502 1500.000000 1.000000
2674.133057 1500.000000 1.000000
2753.154053 1500.000000 1.000000
3085.885498 1500.000000 1.000000
1524.343872 1500.000000 1.000000
1292.001587 1500.000000 1.000000
2074.672607 1500.000000 1.000000
1612.743286 1500.000000 1.000000
1455.115601 1500.000000 1.000000
2699.251465 1500.000000 1.000000
2018.847168 1500.000000 1.000000
1177.056030 1500.000000 1.000000
1719.732178 1500.000000 1.000000
1839.427612 1500.000000 1.000000
1308.774170 1500.000000 1.000000
1343.246826 1500.000000 1.000000
1471.590210 1500.000000 1.000000
2536.223145 1500.000000 1.000000
1893.053223 1500.000000 1.000000
1984.959106 1500.000000 1.000000
1541.697632 1500.000000 1.000000
1061.569702 1500.000000 1.000000
1523.869507 1500.000000 1.000000
1221.309570 1500.000000 1.000000
1915.894043 1500.000000 1.000000
3799.011230 1500.000000 1.000000
1231.817261 1500.000000 1.000000
2191.289551 1500.000000 1.000000
1889.438843 1500.000000 1.000000
1356.881104 1500.000000 1.000000
2780.783691 1500.000000 1.000000
1305.931641 1500.000000 1.000000
1970.960938 1500.000000 1.000000
1270.203735 1500.000000 1.000000
1794.489258 1500.000000 1.000000
1766.647705 1500.000000 1.000000
1544.022217 1500.000000 1.000000
1482.502686 1500.000000 1.000000
1723.171997 1500.000000 1.000000
2528.812012 1500.000000 1.000000
1273.223511 1500.000000 1.000000
3196.308838 1500.000000 1.000000
1720.667725 1500.000000 1.000000
4926.747559 1500.000000 1.000000
1296.948486 1500.000000 1.000000
2617.618896 1500.000000 1.000000
1512.987793 1500.000000 1.000000
1571.569458 1500.000000 1.000000
1924.882568 1500.000000 1.000000
1606.277100 1500.000000 1.000000
1317.603516 1500.000000 1.000000
1421.802246 1500.000000 1.000000
1376.866455 1500.000000 1.000000
1391.192627 1500.000000 1.000000
1326.745117 1500.000000 1.000000
1816.239990 1500.000000 1.000000
2085.114990 1500.000000 1.000000
1414.290283 1500.000000 1.000000
1233.100220 1500.000000 1.000000
1393.903076 1500.000000 1.000000
1317.503784 1500.000000 1.000000
1152.555420 1500.000000 1.000000
1339.459839 1500.000000 1.000000
1619.236206 1500.000000 1.000000
1166.813843 1500.000000 1.000000
4704.655762 1500.000000 1.000000
1576.160156 1500.000000 1.000000
1844.826660 1500.000000 1.000000
854.925232 1500.000000 1.000000
2215.119873 1500.000000 1.000000
1976.887329 1500.000000 1.000000
2045.668457 1500.000000 1.000000
1493.244507 1500.000000 1.000000
3072.720215 1500.000000 1.000000
1474.777344 1500.000000 1.000000
1255.658936 1500.000000 1.000000
2111.225098 1500.000000 1.000000
1826.370972 1500.000000 1.000000
1384.631592 1500.000000 1.000000
1512.354492 1500.000000 1.000000
1928.150269 1500.000000 1.000000
1853.146362 1500.000000 1.000000
1068.032837 1500.000000 1.000000
1543.027832 1500.000000 1.000000
2097.153809 1500.000000 1.000000
2100.445801 1500.000000 1.000000
2420.492188 1500.000000 1.000000
2422.923096 1500.000000 1.000000
1564.739746 1500.000000 1.000000
1384.140625 1500.000000 1.000000
1530.802124 1500.000000 1.000000
1340.238281 1500.000000 1.000000
1664.032349 1500.000000 1.000000
1436.720825 1500.000000 1.000000
4307.962891 1500.000000 1.000000
1603.465576 1500.000000 1.000000
1673.048828 1500.000000 1.000000
1599.930664 1500.000000 1.000000
1569.729004 1500.000000 1.000000
1506.407471 1500.000000 1.000000
1314.282715 1500.000000 1.000000
3229.859375 1500.000000 1.000000
2115.864990 1500.000000 1.000000
2427.114502 1500.000000 1.000000
1783.452148 1500.000000 1.000000
2013.176270 1500.000000 1.000000
2271.608643 1500.000000 1.000000
942.971558 1500.000000 1.000000
1806.536743 1500.000000 1.000000
1476.882202 1500.000000 1.000000
1088.930054 1500.000000 1.000000
1635.640503 1500.000000 1.000000
1550.298706 1500.000000 1.000000
1932.205566 1500.000000 1.000000
1772.182861 1500.000000 1.000000
1611.444336 1500.000000 1.000000
1338.899902 1500.000000 1.000000
1639.355347 1500.000000 1.000000
1878.733887 1500.000000 1.000000
1532.932861 1500.000000 1.000000
2512.796631 1500.000000 1.000000
1834.244019 1500.000000 1.000000
1542.348267 1500.000000 1.000000
2253.259033 1500.000000 1.000000
2561.960449 1500.000000 1.000000
1337.188110 1500.000000 1.000000
2444.947021 1500.000000 1.000000
1437.302368 1500.000000 1.000000
2007.901611 1500.000000 1.000000
983.704895 1500.000000 1.000000
1252.026978 1500.000000 1.000000
1351.329956 1500.000000 1.000000
2502.276855 1500.000000 1.000000
2022.039185 1500.000000 1.000000
4147.185059 1500.000000 1.000000
1510.343628 1500.000000 1.000000
1726.899292 1500.000000 1.000000
1871.724854 1500.000000 1.000000
2791.643066 1500.000000 1.000000
2270.235840 1500.000000 1.000000
2584.674072 1500.000000 1.000000
1493.299316 1500.000000 1.000000
1214.723022 1500.000000 1.000000
2541.263672 1500.000000 1.000000
1451.567627 1500.000000 1.000000
1637.611572 1500.000000 1.000000
1247.812378 1500.000000 1.000000
1438.301025 1500.000000 1.000000
1153.234863 1500.000000 1.000000
1349.774536 1500.000000 1.000000
2680.342041 1500.000000 1.000000
1653.399536 1500.000000 1.000000
2651.598877 1500.000000 1.000000
1623.030640 1500.000000 1.000000
1529.487915 1500.000000 1.000000
1703.652588 1500.000000 1.000000
1448.904785 1500.000000 1.000000
1381.458984 1500.000000 1.000000
1323.960571 1500.000000 1.000000
1267.372681 1500.000000 1.000000
1287.753052 1500.000000 1.000000
2295.094727 1500.000000 1.000000
1135.206909 1500.000000 1.000000
1031.823120 1500.000000 1.000000
1739.803101 1500.000000 1.000000
1601.640625 1500.000000 1.000000
1447.958374 1500.000000 1.000000
1402.189453 1500.000000 1.000000
2451.174316 1500.000000 1.000000
1785.658325 1500.000000 1.000000
1979.447144 1500.000000 1.000000
1341.991577 1500.000000 1.000000
2434.627930 1500.000000 1.000000
1409.231445 1500.000000 1.000000
2801.459717 1500.000000 1.000000
2010.129272 1500.000000 1.000000
1521.936035 1500.000000 1.000000
1693.896484 1500.000000 1.000000
1589.857422 1500.000000 1.000000
1211.903564 1500.000000 1.000000
1340.071533 1500.000000 1.000000
1529.279907 1500.000000 1.000000
1670.742432 1500.000000 1.000000
1361.640747 1500.000000 1.000000
1275.907593 1500.000000 1.000000
1345.275146 1500.000000 1.000000
1937.596191 1500.000000 1.000000
1443.755005 1500.000000 1.000000
2426.946289 1500.000000 1.000000
2286.088623 1500.000000 1.000000
1476.911255 1500.000000 1.000000
1898.393188 1500.000000 1.000000
1991.796509 1500.000000 1.000000
2193.302979 1500.000000 1.000000
1919.972412 1500.000000 1.000000
1268.371216 1500.000000 1.000000
2639.569092 1500.000000 1.000000
1876.525391 1500.000000 1.000000
1929.908691 1500.000000 1.000000
1797.196289 1500.000000 1.000000
1330.937622 1500.000000 1.000000
1469.871948 1500.000000 1.000000
2340.512451 1500.000000 1.000000
1359.094849 1500.000000 1.000000
2067.428955 1500.000000 1.000000
2166.667969 1500.000000 1.000000
1053.104248 1500.000000 1.000000
1763.721558 1500.000000 1.000000
2059.256104 1500.000000 1.000000
1842.921875 1500.000000 1.000000
2297.165039 1500.000000 1.000000
1591.980713 1500.000000 1.000000
1210.578491 1500.000000 1.000000
1935.847534 1500.000000 1.000000
1434.122803 1500.000000 1.000000
2886.138428 1500.000000 1.000000
1440.961060 1500.000000 1.000000
2308.893555 1500.000000 1.000000
2169.411377 1500.000000 1.000000
2398.117676 1500.000000 1.000000
1410.562500 1500.000000 1.000000
2547.625244 1500.000000 1.000000
1901.539429 1500.000000 1.000000
1295.897949 1500.000000 1.000000
1447.269653 1500.000000 1.000000
2926.583008 1500.000000 1.000000
1451.301147 1500.000000 1.000000
1297.286987 1500.000000 1.000000
2122.687500 1500.000000 1.000000
1957.754150 1500.000000 1.000000
1841.617554 1500.000000 1.000000
1055.534424 1500.000000 1.000000
2028.796875 1500.000000 1.000000
1572.578125 1500.000000 1.000000
1434.392456 1500.000000 1.000000
1612.276489 1500.000000 1.000000
1169.273560 1500.000000 1.000000
2903.656250 1500.000000 1.000000
1457.439331 1500.000000 1.000000
1626.903320 1500.000000 1.000000
2118.707520 1500.000000 1.000000
1585.516113 1500.000000 1.000000
1988.628052 1500.000000 1.000000
1465.674194 1500.000000 1.000000
1321.568481 1500.000000 1.000000
1514.351929 1500.000000 1.000000
1777.976074 1500.000000 1.000000
1965.927002 1500.000000 1.000000
2947.995850 1500.000000 1.000000
1634.270996 1500.000000 1.000000
1735.463501 1500.000000 1.000000
1732.305786 1500.000000 1.000000
1462.062500 1500.000000 1.000000
1622.583740 1500.000000 1.000000
1636.485107 1500.000000 1.000000
2101.913818 1500.000000 1.000000
1579.467163 1500.000000 1.000000
1242.402588 1500.000000 1.000000
1628.170898 1500.000000 1.000000
1594.955933 1500.000000 1.000000
1858.281616 1500.000000 1.000000
1578.167236 1500.000000 1.000000
2358.315186 1500.000000 1.000000
1448.806763 1500.000000 1.000000
1578.591919 1500.000000 1.000000
1347.116577 1500.000000 1.000000
2851.709473 1500.000000 1.000000
1489.991333 1500.000000 1.000000
2907.826904 1500.000000 1.000000
1618.701050 1500.000000 1.000000
1849.133789 1500.000000 1.000000
1508.496704 1500.000000 1.000000
2869.252197 1500.000000 1.000000
2403.938232 1500.000000 1.000000
2147.048340 1500.000000 1.000000
3160.527100 1500.000000 1.000000
1654.802124 1500.000000 1.000000
1837.468750 1500.000000 1.000000
1468.884644 1500.000000 1.000000
1974.592163 1500.000000 1.000000
1784.124756 1500.000000 1.000000
1847.732422 1500.000000 1.000000
1342.945923 1500.000000 1.000000
1666.317993 1500.000000 1.000000
1627.892456 1500.000000 1.000000
1334.413452 1500.000000 1.000000
1059.717529 1500.000000 1.000000
1773.037109 1500.000000 1.000000
1172.820312 1500.000000 1.000000
1533.215210 1500.000000 1.000000
3096.315186 1500.000000 1.000000
1373.078735 1500.000000 1.000000
1428.911621 1500.000000 1.000000
2166.304688 1500.000000 1.000000
1547.220459 1500.000000 1.000000
1728.957031 1500.000000 1.000000
1255.840942 1500.000000 1.000000
1327.530884 1500.000000 1.000000
1617.845825 1500.000000 1.000000
1390.980713 1500.000000 1.000000
1356.343750 1500.000000 1.000000
1815.009888 1500.000000 1.000000
1713.111450 1500.000000 1.000000
1334.331299 1500.000000 1.000000
1498.194214 1500.000000 1.000000
2773.419678 1500.000000 1.000000
1364.948486 1500.000000 1.000000
1243.079468 1500.000000 1.000000
1665.579102 1500.000000 1.000000
1635.987305 1500.000000 1.000000
1299.416016 1500.000000 1.000000
1451.658203 1500.000000 1.000000
2152.477539 1500.000000 1.000000
1704.942017 1500.000000 1.000000
2138.701904 1500.000000 1.000000
2303.609375 1500.000000 1.000000
1797.832031 1500.000000 1.000000
1904.566162 1500.000000 1.000000
1767.074829 1500.000000 1.000000
429.726135 1500.000000 1.000000
1095.119995 1500.000000 1.000000
1600.294434 1500.000000 1.000000
2321.973633 1500.000000 1.000000
1512.463623 1500.000000 1.000000
1415.842896 1500.000000 1.000000
1265.350342 1500.000000 1.000000
1828.323120 1500.000000 1.000000
2409.142334 1500.000000 1.000000
2316.229492 1500.000000 1.000000
1417.460571 1500.000000 1.000000
1093.224243 1500.000000 1.000000
1453.898315 1500.000000 1.000000
1465.125732 1500.000000 1.000000
2929.143799 1500.000000 1.000000
1425.808228 1500.000000 1.000000
2289.043457 1500.000000 1.000000
1190.644287 1500.000000 1.000000
3112.976074 1500.000000 1.000000
1136.980103 1500.000000 1.000000
1565.725220 1500.000000 1.000000
1352.765259 1500.000000 1.000000
1437.563965 1500.000000 1.000000
1505.443115 1500.000000 1.000000
1278.929321 1500.000000 1.000000
1696.236938 1500.000000 1.000000
1382.761597 1500.000000 1.000000
1706.940186 1500.000000 1.000000
1630.083130 1500.000000 1.000000
2105.926514 1500.000000 1.000000
1527.938599 1500.000000 1.000000
1563.207275 1500.000000 1.000000
2708.660156 1500.000000 1.000000
2241.921875 1500.000000 1.000000
1418.944092 1500.000000 1.000000
2285.316650 1500.000000 1.000000
1844.041016 1500.000000 1.000000
1674.316895 1500.000000 1.000000
1744.606079 1500.000000 1.000000
1219.578491 1500.000000 1.000000
1532.085205 1500.000000 1.000000
2329.943604 1500.000000 1.000000
1523.395386 1500.000000 1.000000
1705.541138 1500.000000 1.000000
2114.293945 1500.000000 1.000000
1589.474487 1500.000000 1.000000
1339.998657 1500.000000 1.000000
1260.216675 1500.000000 1.000000
1583.818848 1500.000000 1.000000
1515.839600 1500.000000 1.000000
1365.649902 1500.000000 1.000000
1248.118896 1500.000000 1.000000
2007.049805 1500.000000 1.000000
1110.514526 1500.000000 1.000000
1141.788330 1500.000000 1.000000
1950.232300 1500.000000 1.000000
1291.241577 1500.000000 1.000000
1533.454102 1500.000000 1.000000
2075.351562 1500.000000 1.000000
1747.327515 1500.000000 1.000000
1916.104370 1500.000000 1.000000
1675.922852 1500.000000 1.000000
1733.965454 1500.000000 1.000000
2367.522461 1500.000000 1.000000
2005.689453 1500.000000 1.000000
982.129456 1500.000000 1.000000
1423.354980 1500.000000 1.000000
2325.339600 1500.000000 1.000000
1563.375244 1500.000000 1.000000
1561.481934 1500.000000 1.000000
1280.435425 1500.000000 1.000000
1077.332886 1500.000000 1.000000
1717.045410 1500.000000 1.000000
1534.791992 1500.000000 1.000000
1140.918701 1500.000000 1.000000
2243.994141 1500.000000 1.000000
1067.782715 1500.000000 1.000000
1712.190552 1500.000000 1.000000
1553.657349 1500.000000 1.000000
1336.396484 1500.000000 1.000000
1623.573486 1500.000000 1.000000
1403.314087 1500.000000 1.000000
1362.841187 1500.000000 1.000000
1758.412964 1500.000000 1.000000
2087.939697 1500.000000 1.000000
1948.941406 1500.000000 1.000000
1475.092651 1500.000000 1.000000
1656.559082 1500.000000 1.000000
2097.591553 1500.000000 1.000000
1281.067871 1500.000000 1.000000
1119.539062 1500.000000 1.000000
1249.301636 1500.000000 1.000000
1633.865356 1500.000000 1.000000
1416.367310 1500.000000 1.000000
2098.126465 1500.000000 1.000000
1468.993530 1500.000000 1.000000
1347.805908 1500.000000 1.000000
1209.117065 1500.000000 1.000000
1381.239990 1500.000000 1.000000
1464.802246 1500.000000 1.000000
1139.189819 1500.000000 1.000000
1375.151245 1500.000000 1.000000
1902.153320 1500.000000 1.000000
1668.064819 1500.000000 1.000000
1636.696045 1500.000000 1.000000
2051.100098 1500.000000 1.000000
1273.990356 1500.000000 1.000000
1382.373291 1500.000000 1.000000
3114.867432 1500.000000 1.000000
1676.347778 1500.000000 1.000000
1523.304443 1500.000000 1.000000
2398.650635 1500.000000 1.000000
2447.539062 1500.000000 1.000000
1833.859009 1500.000000 1.000000
1368.899292 1500.000000 1.000000
1355.822388 1500.000000 1.000000
1713.813721 1500.000000 1.000000
1318.450195 1500.000000 1.000000
1591.114990 1500.000000 1.000000
1448.709839 1500.000000 1.000000
1434.823364 1500.000000 1.000000
2807.807373 1500.000000 1.000000
1563.892578 1500.000000 1.000000
1199.977783 1500.000000 1.000000
1646.688965 1500.000000 1.000000
1516.704468 1500.000000 1.000000
1622.236816 1500.000000 1.000000
859.954346 1500.000000 1.000000
1637.274170 1500.000000 1.000000
1558.591064 1500.000000 1.000000
1388.706665 1500.000000 1.000000
1150.494629 1500.000000 1.000000
1878.196289 1500.000000 1.000000
1667.727173 1500.000000 1.000000
1704.944824 1500.000000 1.000000
1273.834839 1500.000000 1.000000
2893.224854 1500.000000 1.000000
1596.263672 1500.000000 1.000000
1446.493286 1500.000000 1.000000
2069.155518 1500.000000 1.000000
1369.369385 1500.000000 1.000000
1175.213623 1500.000000 1.000000
1293.576050 1500.000000 1.000000
1375.656982 1500.000000 1.000000
1268.546387 1500.000000 1.000000
1950.660767 1500.000000 1.000000
1472.360596 1500.000000 1.000000
1557.148438 1500.000000 1.000000
2739.284912 1500.000000 1.000000
1065.906494 1500.000000 1.000000
2072.810791 1500.000000 1.000000
2381.824219 1500.000000 1.000000
1135.563354 1500.000000 1.000000
2739.835938 1500.000000 1.000000
1525.259399 1500.000000 1.000000
1401.076904 1500.000000 1.000000
2818.256104 1500.000000 1.000000
1283.501099 1500.000000 1.000000
2250.626221 1500.000000 1.000000
1740.998779 1500.000000 1.000000
1535.562744 1500.000000 1.000000
1623.420776 1500.000000 1.000000
1578.945557 1500.000000 1.000000
1507.428345 1500.000000 1.000000
1372.379761 1500.000000 1.000000
1728.111572 1500.000000 1.000000
1936.401733 1500.000000 1.000000
1366.598022 1500.000000 1.000000
1925.288696 1500.000000 1.000000
1248.405396 1500.000000 1.000000
1747.777466 1500.000000 1.000000
1554.040527 1500.000000 1.000000
2125.843994 1500.000000 1.000000
1431.929932 1500.000000 1.000000
1481.113403 1500.000000 1.000000
1377.825562 1500.000000 1.000000
1672.343262 1500.000000 1.000000
2462.603027 1500.000000 1.000000
1635.954590 1500.000000 1.000000
1530.126953 1500.000000 1.000000
1794.566040 1500.000000 1.000000
1473.865479 1500.000000 1.000000
957.220337 1500.000000 1.000000
1364.709473 1500.000000 1.000000
1433.387573 1500.000000 1.000000
1567.760864 1500.000000 1.000000
2087.414062 1500.000000 1.000000
1291.818726 1500.000000 1.000000
1393.923706 1500.000000 1.000000
1343.837402 1500.000000 1.000000
1423.822876 1500.000000 1.000000
1932.081177 1500.000000 1.000000
1420.424316 1500.000000 1.000000
2148.460693 1500.000000 1.000000
1526.132935 1500.000000 1.000000
1543.651611 1500.000000 1.000000
1343.424683 1500.000000 1.000000
1745.005249 1500.000000 1.000000
2007.350952 1500.000000 1.000000
1991.227295 1500.000000 1.000000
1361.558716 1500.000000 1.000000
1875.962402 1500.000000 1.000000
1457.289551 1500.000000 1.000000
2000.885010 1500.000000 1.000000
1837.787231 1500.000000 1.000000
2413.684814 1500.000000 1.000000
1707.287109 1500.000000 1.000000
1301.846558 1500.000000 1.000000
1603.777588 1500.000000 1.000000
1320.333740 1500.000000 1.000000
1167.425293 1500.000000 1.000000
1819.892212 1500.000000 1.000000
2860.873291 1500.000000 1.000000
1781.332153 1500.000000 1.000000
1676.027710 1500.000000 1.000000
1441.187378 1500.000000 1.000000
1489.089600 1500.000000 1.000000
1753.510620 1500.000000 1.000000
1278.828735 1500.000000 1.000000
1281.773071 1500.000000 1.000000
2269.760498 1500.000000 1.000000
1489.529907 1500.000000 1.000000
1705.938232 1500.000000 1.000000
1816.126831 1500.000000 1.000000
1873.755005 1500.000000 1.000000
2017.636108 1500.000000 1.000000
3341.733643 1500.000000 1.000000
1256.187378 1500.000000 1.000000
1335.933838 1500.000000 1.000000
1538.021362 1500.000000 1.000000
1551.465332 1500.000000 1.000000
1412.799561 1500.000000 1.000000
1303.303467 1500.000000 1.000000
1476.339600 1500.000000 1.000000
1377.628662 1500.000000 1.000000
1683.346069 1500.000000 1.000000
1478.905396 1500.000000 1.000000
1678.915405 1500.000000 1.000000
1424.637573 1500.000000 1.000000
1125.029663 1500.000000 1.000000
1675.922852 1500.000000 1.000000
1966.339478 1500.000000 1.000000
1303.815552 1500.000000 1.000000
1804.442505 1500.000000 1.000000
1323.654053 1500.000000 1.000000
1689.816406 1500.000000 1.000000
1345.379517 1500.000000 1.000000
2026.386719 1500.000000 1.000000
1551.080078 1500.000000 1.000000
1893.784058 1500.000000 1.000000
1834.670166 1500.000000 1.000000
1190.225952 1500.000000 1.000000
1777.182129 1500.000000 1.000000
1715.906860 1500.000000 1.000000
1694.312012 1500.000000 1.000000
1362.495239 1500.000000 1.000000
1609.096924 1500.000000 1.000000
1438.655151 1500.000000 1.000000
1950.399170 1500.000000 1.000000
1179.432617 1500.000000 1.000000
1503.211182 1500.000000 1.000000
1965.676147 1500.000000 1.000000
1376.465088 1500.000000 1.000000
1717.510132 1500.000000 1.000000
1454.420654 1500.000000 1.000000
1889.142700 1500.000000 1.000000
1411.708496 1500.000000 1.000000
1525.736450 1500.000000 1.000000
1476.801147 1500.000000 1.000000
1426.049072 1500.000000 1.000000
1484.024292 1500.000000 1.000000
1586.324829 1500.000000 1.000000
1569.669800 1500.000000 1.000000
2106.359131 1500.000000 1.000000
1103.608765 1500.000000 1.000000
1172.092773 1500.000000 1.000000
1506.074585 1500.000000 1.000000
1973.483887 1500.000000 1.000000
1402.792969 1500.000000 1.000000
1417.684326 1500.000000 1.000000
1321.855103 1500.000000 1.000000
1445.740356 1500.000000 1.000000
1286.355225 1500.000000 1.000000
2659.363525 1500.000000 1.000000
2030.608887 1500.000000 1.000000
1511.030273 1500.000000 1.000000
1779.634399 1500.000000 1.000000
1357.361084 1500.000000 1.000000
1653.515381 1500.000000 1.000000
2216.552979 1500.000000 1.000000
2190.313232 1500.000000 1.000000
2811.716797 1500.000000 1.000000
1788.766602 1500.000000 1.000000
2500.388916 1500.000000 1.000000
1979.469849 1500.000000 1.000000
2141.096924 1500.000000 1.000000
1512.261475 1500.000000 1.000000
1485.387329 1500.000000 1.000000
1181.337158 1500.000000 1.000000
1729.529907 1500.000000 1.000000
1511.916992 1500.000000 1.000000
1960.048950 1500.000000 1.000000
1869.119995 1500.000000 1.000000
948.092773 1500.000000 1.000000
2019.188110 1500.000000 1.000000
1512.044922 1500.000000 1.000000
1620.978394 1500.000000 1.000000
1433.130249 1500.000000 1.000000
926.656433 1500.000000 1.000000
1358.100586 1500.000000 1.000000
1441.015381 1500.000000 1.000000
2823.829834 1500.000000 1.000000
1773.020752 1500.000000 1.000000
2551.831299 1500.000000 1.000000
1683.230103 1500.000000 1.000000
1632.584595 1500.000000 1.000000
2305.086426 1500.000000 1.000000
1160.455322 1500.000000 1.000000
1721.364014 1500.000000 1.000000
1550.488525 1500.000000 1.000000
1903.134766 1500.000000 1.000000
1380.090576 1500.000000 1.000000
1317.015625 1500.000000 1.000000
1199.909790 1500.000000 1.000000
3416.269775 1500.000000 1.000000
1619.152344 1500.000000 1.000000
1450.432861 1500.000000 1.000000
1361.416260 1500.000000 1.000000
1230.437134 1500.000000 1.000000
1600.266479 1500.000000 1.000000
1275.477539 1500.000000 1.000000
2280.628174 1500.000000 1.000000
1431.932495 1500.000000 1.000000
1329.624878 1500.000000 1.000000
1552.848999 1500.000000 1.000000
1184.398193 1500.000000 1.000000
2172.706787 1500.000000 1.000000
1419.903564 1500.000000 1.000000
1092.843140 1500.000000 1.000000
1116.234741 1500.000000 1.000000
1606.431519 1500.000000 1.000000
1473.275024 1500.000000 1.000000
1755.738770 1500.000000 1.000000
1323.366699 1500.000000 1.000000
2023.974487 1500.000000 1.000000
2361.286621 1500.000000 1.000000
2233.256592 1500.000000 1.000000
1408.767578 1500.000000 1.000000
1937.051758 1500.000000 1.000000
1606.444092 1500.000000 1.000000
1128.111206 1500.000000 1.000000
1441.619629 1500.000000 1.000000
1731.982422 1500.000000 1.000000
1540.151855 1500.000000 1.000000
1678.685303 1500.000000 1.000000
1428.109009 1500.000000 1.000000
1046.771362 1500.000000 1.000000
1659.974121 1500.000000 1.000000
1359.059937 1500.000000 1.000000
1370.538696 1500.000000 1.000000
1161.651855 1500.000000 1.000000
1513.230957 1500.000000 1.000000
2078.099609 1500.000000 1.000000
1609.206543 1500.000000 1.000000
1349.132324 1500.000000 1.000000
1530.767334 1500.000000 1.000000
1475.182739 1500.000000 1.000000
1098.007446 1500.000000 1.000000
1348.322510 1500.000000 1.000000
2517.719971 1500.000000 1.000000
4365.327148 1500.000000 1.000000
2155.163086 1500.000000 1.000000
1627.336792 1500.000000 1.000000
2338.489014 1500.000000 1.000000
1350.749756 1500.000000 1.000000
2175.516602 1500.000000 1.000000
1524.592163 1500.000000 1.000000
1952.311279 1500.000000 1.000000
1189.621948 1500.000000 1.000000
1393.007568 1500.000000 1.000000
1566.919922 1500.000000 1.000000
1500.646240 1500.000000 1.000000
1852.063354 1500.000000 1.000000
1288.466187 1500.000000 1.000000
1324.231934 1500.000000 1.000000
1940.082397 1500.000000 1.000000
2227.053711 1500.000000 1.000000
1870.488403 1500.000000 1.000000
1333.305054 1500.000000 1.000000
1442.434692 1500.000000 1.000000
1491.676270 1500.000000 1.000000
1572.226074 1500.000000 1.000000
951.930969 1500.000000 1.000000
1278.859741 1500.000000 1.000000
2562.202393 1500.000000 1.000000
1606.553101 1500.000000 1.000000
1576.479736 1500.000000 1.000000
1348.608398 1500.000000 1.000000
2452.218506 1500.000000 1.000000
2243.345459 1500.000000 1.000000
1353.456909 1500.000000 1.000000
1618.409180 1500.000000 1.000000
1595.790039 1500.000000 1.000000
2255.522949 1500.000000 1.000000
2370.859619 1500.000000 1.000000
1237.240479 1500.000000 1.000000
1666.698853 1500.000000 1.000000
2143.036133 1500.000000 1.000000
1308.663086 1500.000000 1.000000
3927.181396 1500.000000 1.000000
2674.847168 1500.000000 1.000000
1409.246826 1500.000000 1.000000
1502.477417 1500.000000 1.000000
1346.057739 1500.000000 1.000000
1732.079346 1500.000000 1.000000
1319.495361 1500.000000 1.000000
1533.937256 1500.000000 1.000000
1333.161743 1500.000000 1.000000
1487.562012 1500.000000 1.000000
2772.141602 1500.000000 1.000000
1894.412354 1500.000000 1.000000
1582.845947 1500.000000 1.000000
1503.522461 1500.000000 1.000000
2058.805420 1500.000000 1.000000
942.677185 1500.000000 1.000000
1685.981689 1500.000000 1.000000
972.438049 1500.000000 1.000000
1918.811401 1500.000000 1.000000
1609.537109 1500.000000 1.000000
1259.724121 1500.000000 1.000000
1440.810669 1500.000000 1.000000
2020.633789 1500.000000 1.000000
1106.500732 1500.000000 1.000000
1585.342773 1500.000000 1.000000
1516.836182 1500.000000 1.000000
1171.416748 1500.000000 1.000000
1449.434082 1500.000000 1.000000
1506.595459 1500.000000 1.000000
1484.198242 1500.000000 1.000000
1206.570435 1500.000000 1.000000
1502.126953 1500.000000 1.000000
1493.062744 1500.000000 1.000000
1433.104858 1500.000000 1.000000
1212.110596 1500.000000 1.000000
1833.956055 1500.000000 1.000000
1784.559204 1500.000000 1.000000
1270.161621 1500.000000 1.000000
1835.494995 1500.000000 1.000000
1739.415405 1500.000000 1.000000
1359.813354 1500.000000 1.000000
1751.846313 1500.000000 1.000000
1813.733276 1500.000000 1.000000
2680.466797 1500.000000 1.000000
1389.593872 1500.000000 1.000000
1462.522339 1500.000000 1.000000
1398.187378 1500.000000 1.000000
1982.581299 1500.000000 1.000000
1848.429565 1500.000000 1.000000
1429.005005 1500.000000 1.000000
1687.646851 1500.000000 1.000000
1345.569336 1500.000000 1.000000
1601.502197 1500.000000 1.000000
3886.127686 1500.000000 1.000000
1536.327637 1500.000000 1.000000
1113.658813 1500.000000 1.000000
1727.242065 1500.000000 1.000000
1937.254517 1500.000000 1.000000
2542.132568 1500.000000 1.000000
2370.016846 1500.000000 1.000000
1499.808472 1500.000000 1.000000
1067.961548 1500.000000 1.000000
1361.545898 1500.000000 1.000000
1357.014038 1500.000000 1.000000
1433.207153 1500.000000 1.000000
1451.514893 1500.000000 1.000000
1543.529419 1500.000000 1.000000
1376.619385 1500.000000 1.000000
1388.880859 1500.000000 1.000000
1594.876953 1500.000000 1.000000
2040.215332 1500.000000 1.000000
2910.110596 1500.000000 1.000000
1970.996094 1500.000000 1.000000
1973.538696 1500.000000 1.000000
1521.102417 1500.000000 1.000000
1023.727356 1500.000000 1.000000
1396.965942 1500.000000 1.000000
1615.635010 1500.000000 1.000000
1321.022583 1500.000000 1.000000
1388.844238 1500.000000 1.000000
1336.473877 1500.000000 1.000000
1446.585205 1500.000000 1.000000
1438.840942 1500.000000 1.000000
2010.670288 1500.000000 1.000000
1265.973999 1500.000000 1.000000
1633.316528 1500.000000 1.000000
1473.208740 1500.000000 1.000000
1855.856079 1500.000000 1.000000
1391.770142 1500.000000 1.000000
1550.443726 1500.000000 1.000000
1525.307983 1500.000000 1.000000
2756.033203 1500.000000 1.000000
1232.181763 1500.000000 1.000000
1926.896606 1500.000000 1.000000
1478.110718 1500.000000 1.000000
1360.102905 1500.000000 1.000000
1844.931030 1500.000000 1.000000
1420.433350 1500.000000 1.000000
1826.792236 1500.000000 1.000000
1343.894287 1500.000000 1.000000
1479.355103 1500.000000 1.000000
1405.708008 1500.000000 1.000000
1519.987305 1500.000000 1.000000
2401.330811 1500.000000 1.000000
1332.408203 1500.000000 1.000000
1357.271362 1500.000000 1.000000
1459.688477 1500.000000 1.000000
1537.370483 1500.000000 1.000000
1553.569458 1500.000000 1.000000
1587.887451 1500.000000 1.000000
2322.992676 1500.000000 1.000000
2725.323975 1500.000000 1.000000
1851.966187 1500.000000 1.000000
2624.732910 1500.000000 1.000000
2388.606201 1500.000000 1.000000
1511.772827 1500.000000 1.000000
1511.746948 1500.000000 1.000000
1525.287231 1500.000000 1.000000
1393.016846 1500.000000 1.000000
2072.725342 1500.000000 1.000000
1359.755127 1500.000000 1.000000
1497.711792 1500.000000 1.000000
1584.972778 1500.000000 1.000000
1827.449585 1500.000000 1.000000
3152.915283 1500.000000 1.000000
1842.812622 1500.000000 1.000000
1561.048584 1500.000000 1.000000
963.890686 1500.000000 1.000000
1470.894531 1500.000000 1.000000
2109.770020 1500.000000 1.000000
2138.391602 1500.000000 1.000000
1488.229248 1500.000000 1.000000
2514.221436 1500.000000 1.000000
1625.134277 1500.000000 1.000000
1352.595825 1500.000000 1.000000
2428.684326 1500.000000 1.000000
1593.575806 1500.000000 1.000000
2559.756348 1500.000000 1.000000
1676.758423 1500.000000 1.000000
1555.219116 1500.000000 1.000000
1266.525513 1500.000000 1.000000
1398.181030 1500.000000 1.000000
1968.235352 1500.000000 1.000000
1409.110962 1500.000000 1.000000
1461.573608 1500.000000 1.000000
1091.688965 1500.000000 1.000000
2182.186768 1500.000000 1.000000
1693.138062 1500.000000 1.000000
1563.165039 1500.000000 1.000000
1528.502197 1500.000000 1.000000
1941.018066 1500.000000 1.000000
1398.195312 1500.000000 1.000000
1234.764038 1500.000000 1.000000
1042.954834 1500.000000 1.000000
2170.108643 1500.000000 1.000000
1396.519775 1500.000000 1.000000
1326.428467 1500.000000 1.000000
1235.185669 1500.000000 1.000000
2910.001953 1500.000000 1.000000
1911.199585 1500.000000 1.000000
2817.782227 1500.000000 1.000000
1534.064331 1500.000000 1.000000
1788.098022 1500.000000 1.000000
1321.882202 1500.000000 1.000000
1201.506348 1500.000000 1.000000
829.814514 1500.000000 1.000000
2129.196289 1500.000000 1.000000
1271.925537 1500.000000 1.000000
2021.667114 1500.000000 1.000000
1127.886353 1500.000000 1.000000
1456.729004 1500.000000 1.000000
1520.791382 1500.000000 1.000000
1396.937256 1500.000000 1.000000
2313.435303 1500.000000 1.000000
1291.727783 1500.000000 1.000000
1799.311523 1500.000000 1.000000
1924.105835 1500.000000 1.000000
1652.105347 1500.000000 1.000000
1754.025146 1500.000000 1.000000
1421.877441 1500.000000 1.000000
1487.933105 1500.000000 1.000000
1614.999146 1500.000000 1.000000
1596.625366 1500.000000 1.000000
1295.852661 1500.000000 1.000000
1783.855591 1500.000000 1.000000
2732.240479 1500.000000 1.000000
1421.146118 1500.000000 1.000000
1500.479004 1500.000000 1.000000
1765.123413 1500.000000 1.000000
1449.653198 1500.000000 1.000000
2038.106323 1500.000000 1.000000
1198.135254 1500.000000 1.000000
1429.937744 1500.000000 1.000000
1180.635864 1500.000000 1.000000
1303.916626 1500.000000 1.000000
1546.233032 1500.000000 1.000000
1557.552368 1500.000000 1.000000
1930.238525 1500.000000 1.000000
1639.849365 1500.000000 1.000000
1742.028687 1500.000000 1.000000
1111.269897 1500.000000 1.000000
1512.152222 1500.000000 1.000000
1263.184692 1500.000000 1.000000
1801.852417 1500.000000 1.000000
1114.260620 1500.000000 1.000000
1564.012451 1500.000000 1.000000
1120.764526 1500.000000 1.000000
1794.611084 1500.000000 1.000000
1508.554199 1500.000000 1.000000
2068.801758 1500.000000 1.000000
1310.715698 1500.000000 1.000000
1424.944824 1500.000000 1.000000
1531.124878 1500.000000 1.000000
2004.764404 1500.000000 1.000000
1483.036621 1500.000000 1.000000
1780.820923 1500.000000 1.000000
570.378967 1500.000000 1.000000
1350.507690 1500.000000 1.000000
1311.513794 1500.000000 1.000000
1340.578491 1500.000000 1.000000
4653.329590 1500.000000 1.000000
1925.148804 1500.000000 1.000000
1541.061768 1500.000000 1.000000
2509.360352 1500.000000 1.000000
1631.799438 1500.000000 1.000000
1416.542236 1500.000000 1.000000
1577.768921 1500.000000 1.000000
1343.132080 1500.000000 1.000000
1185.300537 1500.000000 1.000000
1457.967896 1500.000000 1.000000
1455.518555 1500.000000 1.000000
1632.211304 1500.000000 1.000000
1254.826660 1500.000000 1.000000
1668.672852 1500.000000 1.000000
1472.575317 1500.000000 1.000000
1376.955566 1500.000000 1.000000
1388.566895 1500.000000 1.000000
1764.331421 1500.000000 1.000000
2127.004395 1500.000000 1.000000
1613.057739 1500.000000 1.000000
1156.984619 1500.000000 1.000000
1439.555054 1500.000000 1.000000
1530.714355 1500.000000 1.000000
1275.268188 1500.000000 1.000000
2220.253662 1500.000000 1.000000
2091.004150 1500.000000 1.000000
718.737427 1500.000000 1.000000
1673.274780 1500.000000 1.000000
1536.268555 1500.000000 1.000000
1219.076904 1500.000000 1.000000
1313.988037 1500.000000 1.000000
2099.986816 1500.000000 1.000000
4408.844238 1500.000000 1.000000
1738.065918 1500.000000 1.000000
1394.272217 1500.000000 1.000000
1209.621216 1500.000000 1.000000
1878.038818 1500.000000 1.000000
1589.663940 1500.000000 1.000000
1248.646606 1500.000000 1.000000
1703.104736 1500.000000 1.000000
1593.012939 1500.000000 1.000000
1277.193604 1500.000000 1.000000
1403.528076 1500.000000 1.000000
1352.796875 1500.000000 1.000000
1472.386841 1500.000000 1.000000
1417.150879 1500.000000 1.000000
1789.014771 1500.000000 1.000000
1415.117798 1500.000000 1.000000
1827.009766 1500.000000 1.000000
1572.733154 1500.000000 1.000000
1158.641602 1500.000000 1.000000
1455.442871 1500.000000 1.000000
1371.318726 1500.000000 1.000000
1611.263794 1500.000000 1.000000
1954.105957 1500.000000 1.000000
1145.693115 1500.000000 1.000000
1666.047974 1500.000000 1.000000
1028.761597 1500.000000 1.000000
1632.666748 1500.000000 1.000000
1141.557129 1500.000000 1.000000
1136.643433 1500.000000 1.000000
1228.753906 1500.000000 1.000000
2035.119385 1500.000000 1.000000
1524.404053 1500.000000 1.000000
1977.252075 1500.000000 1.000000
1448.060791 1500.000000 1.000000
1693.429321 1500.000000 1.000000
1261.539185 1500.000000 1.000000
1563.161865 1500.000000 1.000000
2412.154785 1500.000000 1.000000
884.321777 1500.000000 1.000000
1517.180176 1500.000000 1.000000
1444.351074 1500.000000 1.000000
1459.973145 1500.000000 1.000000
1697.094116 1500.000000 1.000000
1463.539551 1500.000000 1.000000
1726.825317 1500.000000 1.000000
2479.481689 1500.000000 1.000000
1360.865967 1500.000000 1.000000
2500.693848 1500.000000 1.000000
1576.391968 1500.000000 1.000000
1243.216309 1500.000000 1.000000
1414.826294 1500.000000 1.000000
1823.949463 1500.000000 1.000000
2484.174561 1500.000000 1.000000
1676.986816 1500.000000 1.000000
1669.928345 1500.000000 1.000000
1118.025146 1500.000000 1.000000
1563.031982 1500.000000 1.000000
1472.466431 1500.000000 1.000000
1697.799316 1500.000000 1.000000
1724.418457 1500.000000 1.000000
1448.532959 1500.000000 1.000000
1967.286865 1500.000000 1.000000
1554.940186 1500.000000 1.000000
1236.467896 1500.000000 1.000000
1650.142090 1500.000000 1.000000
1559.833984 1500.000000 1.000000
1297.852905 1500.000000 1.000000
1518.724487 1500.000000 1.000000
1252.967285 1500.000000 1.000000
1427.392212 1500.000000 1.000000
1548.760620 1500.000000 1.000000
1800.443848 1500.000000 1.000000
1186.322388 1500.000000 1.000000
1745.766113 1500.000000 1.000000
1936.169312 1500.000000 1.000000
1553.879517 1500.000000 1.000000
1876.275635 1500.000000 1.000000
2385.201172 1500.000000 1.000000
2272.237549 1500.000000 1.000000
1348.950684 1500.000000 1.000000
1449.852539 1500.000000 1.000000
883.491577 1500.000000 1.000000
1159.175537 1500.000000 1.000000
1243.529419 1500.000000 1.000000
3329.920898 1500.000000 1.000000
1750.377563 1500.000000 1.000000
2274.457764 1500.000000 1.000000
1374.311157 1500.000000 1.000000
1519.614502 1500.000000 1.000000
1180.690674 1500.000000 1.000000
1528.108154 1500.000000 1.000000
1490.059204 1500.000000 1.000000
2280.088867 1500.000000 1.000000
1555.040405 1500.000000 1.000000
1427.942261 1500.000000 1.000000
1011.637024 1500.000000 1.000000
1464.742920 1500.000000 1.000000
1108.081177 1500.000000 1.000000
1392.180298 1500.000000 1.000000
1515.783203 1500.000000 1.000000
1600.428711 1500.000000 1.000000
1982.479370 1500.000000 1.000000
1332.505249 1500.000000 1.000000
1484.359009 1500.000000 1.000000
1197.638794 1500.000000 1.000000
2162.444092 1500.000000 1.000000
1730.246338 1500.000000 1.000000
1201.102295 1500.000000 1.000000
1788.603760 1500.000000 1.000000
2509.083984 1500.000000 1.000000
1531.904785 1500.000000 1.000000
1924.547607 1500.000000 1.000000
1079.676392 1500.000000 1.000000
1599.391479 1500.000000 1.000000
1124.576782 1500.000000 1.000000
1088.312134 1500.000000 1.000000
1298.147339 1500.000000 1.000000
3345.266602 1500.000000 1.000000
1212.038452 1500.000000 1.000000
1044.427490 1500.000000 1.000000
2425.770752 1500.000000 1.000000
1468.661499 1500.000000 1.000000
1594.316895 1500.000000 1.000000
1776.610107 1500.000000 1.000000
1357.113892 1500.000000 1.000000
1224.385498 1500.000000 1.000000
1385.351196 1500.000000 1.000000
1598.083618 1500.000000 1.000000
1632.936768 1500.000000 1.000000
1537.020142 1500.000000 1.000000
1315.544800 1500.000000 1.000000
1548.910278 1500.000000 1.000000
1533.513062 1500.000000 1.000000
1739.119141 1500.000000 1.000000
2297.533691 1500.000000 1.000000
1381.086548 1500.000000 1.000000
1899.933105 1500.000000 1.000000
1442.294800 1500.000000 1.000000
1120.393433 1500.000000 1.000000
1029.775391 1500.000000 1.000000
1482.075684 1500.000000 1.000000
2151.793213 1500.000000 1.000000
2685.901367 1500.000000 1.000000
1676.561401 1500.000000 1.000000
1034.244629 1500.000000 1.000000
1369.379761 1500.000000 1.000000
2186.819336 1500.000000 1.000000
1095.290527 1500.000000 1.000000
2316.382324 1500.000000 1.000000
1525.227661 1500.000000 1.000000
1856.424683 1500.000000 1.000000
1906.400391 1500.000000 1.000000
1390.813965 1500.000000 1.000000
1451.577026 1500.000000 1.000000
2377.510742 1500.000000 1.000000
1353.635376 1500.000000 1.000000
1469.277710 1500.000000 1.000000
1687.229614 1500.000000 1.000000
1646.467773 1500.000000 1.000000
1870.753540 1500.000000 1.000000
1947.186035 1500.000000 1.000000
2547.432129 1500.000000 1.000000
1450.157227 1500.000000 1.000000
1332.003906 1500.000000 1.000000
1520.364380 1500.000000 1.000000
1215.991577 1500.000000 1.000000
796.946289 1500.000000 1.000000
