973.952271 1000.000000 1.000000
1024.066284 1000.000000 1.000000
1610.344360 1000.000000 1.000000
862.382446 1000.000000 1.000000
943.695068 1000.000000 1.000000
1055.375610 1000.000000 1.000000
982.208313 1000.000000 1.000000
1154.997192 1000.000000 1.000000
1263.013794 1000.000000 1.000000
1476.557617 1000.000000 1.000000
1264.173584 1000.000000 1.000000
596.500305 1000.000000 1.000000
1957.690308 1000.000000 1.000000
965.737305 1000.000000 1.000000
1788.767456 1000.000000 1.000000
746.706970 1000.000000 1.000000
1474.094849 1000.000000 1.000000
906.309265 1000.000000 1.000000
1007.748291 1000.000000 1.000000
979.903931 1000.000000 1.000000
959.310425 1000.000000 1.000000
813.464600 1000.000000 1.000000
907.563904 1000.000000 1.000000
1515.735474 1000.000000 1.000000
1010.944641 1000.000000 1.000000
995.188171 1000.000000 1.000000
928.645813 1000.000000 1.000000
1077.558594 1000.000000 1.000000
1374.849121 1000.000000 1.000000
1686.728149 1000.000000 1.000000
1955.359863 1000.000000 1.000000
2662.807373 1000.000000 1.000000
996.304138 1000.000000 1.000000
933.442261 1000.000000 1.000000
1105.718994 1000.000000 1.000000
1122.834106 1000.000000 1.000000
1164.909546 1000.000000 1.000000
2198.294678 1000.000000 1.000000
1487.714844 1000.000000 1.000000
1542.721802 1000.000000 1.000000
966.865601 1000.000000 1.000000
1735.186768 1000.000000 1.000000
988.548523 1000.000000 1.000000
1817.257568 1000.000000 1.000000
1501.880249 1000.000000 1.000000
927.060913 1000.000000 1.000000
1733.060425 1000.000000 1.000000
2421.622070 1000.000000 1.000000
1257.360107 1000.000000 1.000000
988.511536 1000.000000 1.000000
1426.615845 1000.000000 1.000000
981.729797 1000.000000 1.000000
901.968079 1000.000000 1.000000
1465.293213 1000.000000 1.000000
1246.768188 1000.000000 1.000000
1163.165283 1000.000000 1.000000
1240.425781 1000.000000 1.000000
1247.098511 1000.000000 1.000000
1385.425781 1000.000000 1.000000
898.484985 1000.000000 1.000000
1067.587402 1000.000000 1.000000
1625.410034 1000.000000 1.000000
999.762512 1000.000000 1.000000
1114.393799 1000.000000 1.000000
903.198425 1000.000000 1.000000
1587.141602 1000.000000 1.000000
952.162964 1000.000000 1.000000
1339.127930 1000.000000 1.000000
2018.601929 1000.000000 1.000000
1780.453369 1000.000000 1.000000
810.621033 1000.000000 1.000000
1089.973755 1000.000000 1.000000
1174.602783 1000.000000 1.000000
1227.714722 1000.000000 1.000000
954.466003 1000.000000 1.000000
1579.207275 1000.000000 1.000000
961.485352 1000.000000 1.000000
1029.448242 1000.000000 1.000000
932.312805 1000.000000 1.000000
1166.108276 1000.000000 1.000000
1047.657715 1000.000000 1.000000
1687.991699 1000.000000 1.000000
1222.177612 1000.000000 1.000000
707.901306 1000.000000 1.000000
1232.459473 1000.000000 1.000000
1222.044067 1000.000000 1.000000
912.682434 1000.000000 1.000000
936.818237 1000.000000 1.000000
1348.252075 1000.000000 1.000000
948.282288 1000.000000 1.000000
794.456299 1000.000000 1.000000
1265.039795 1000.000000 1.000000
1173.841797 1000.000000 1.000000
921.271423 1000.000000 1.000000
1432.059692 1000.000000 1.000000
1833.101196 1000.000000 1.000000
1120.834229 1000.000000 1.000000
912.396729 1000.000000 1.000000
740.618103 1000.000000 1.000000
1026.845337 1000.000000 1.000000
1290.792358 1000.000000 1.000000
1034.469360 1000.000000 1.000000
791.802856 1000.000000 1.000000
1002.236816 1000.000000 1.000000
1103.840942 1000.000000 1.000000
2256.874756 1000.000000 1.000000
2655.168945 1000.000000 1.000000
1082.229736 1000.000000 1.000000
1295.701904 1000.000000 1.000000
1006.480774 1000.000000 1.000000
1097.394043 1000.000000 1.000000
838.259216 1000.000000 1.000000
1189.557373 1000.000000 1.000000
926.634094 1000.000000 1.000000
1147.859253 1000.000000 1.000000
1128.017090 1000.000000 1.000000
917.773438 1000.000000 1.000000
1151.736572 1000.000000 1.000000
1549.428955 1000.000000 1.000000
1225.466797 1000.000000 1.000000
974.412842 1000.000000 1.000000
855.440552 1000.000000 1.000000
682.827393 1000.000000 1.000000
1172.196411 1000.000000 1.000000
1075.611084 1000.000000 1.000000
2172.754883 1000.000000 1.000000
1083.008057 1000.000000 1.000000
1366.803101 1000.000000 1.000000
1238.947510 1000.000000 1.000000
865.609680 1000.000000 1.000000
1159.216553 1000.000000 1.000000
1104.293579 1000.000000 1.000000
786.117859 1000.000000 1.000000
784.477173 1000.000000 1.000000
1022.407227 1000.000000 1.000000
887.097534 1000.000000 1.000000
1972.518311 1000.000000 1.000000
778.464233 1000.000000 1.000000
1132.455444 1000.000000 1.000000
1042.442017 1000.000000 1.000000
997.474792 1000.000000 1.000000
1118.353027 1000.000000 1.000000
771.222656 1000.000000 1.000000
1144.109253 1000.000000 1.000000
1921.398560 1000.000000 1.000000
1037.035645 1000.000000 1.000000
1014.416382 1000.000000 1.000000
1438.693359 1000.000000 1.000000
1116.392822 1000.000000 1.000000
1341.496948 1000.000000 1.000000
1349.837769 1000.000000 1.000000
1167.940430 1000.000000 1.000000
751.840637 1000.000000 1.000000
1022.710022 1000.000000 1.000000
842.932983 1000.000000 1.000000
687.641602 1000.000000 1.000000
1046.820435 1000.000000 1.000000
1015.373291 1000.000000 1.000000
1064.480713 1000.000000 1.000000
1394.105469 1000.000000 1.000000
1063.289551 1000.000000 1.000000
948.091492 1000.000000 1.000000
1009.934814 1000.000000 1.000000
807.335632 1000.000000 1.000000
873.845337 1000.000000 1.000000
990.247253 1000.000000 1.000000
815.963501 1000.000000 1.000000
1489.191772 1000.000000 1.000000
1015.583069 1000.000000 1.000000
712.655762 1000.000000 1.000000
1476.828125 1000.000000 1.000000
1116.219116 1000.000000 1.000000
1194.956665 1000.000000 1.000000
2059.356445 1000.000000 1.000000
1336.941895 1000.000000 1.000000
1037.382202 1000.000000 1.000000
899.474426 1000.000000 1.000000
1014.469482 1000.000000 1.000000
1071.755371 1000.000000 1.000000
1760.420776 1000.000000 1.000000
1693.501953 1000.000000 1.000000
983.908936 1000.000000 1.000000
1532.541626 1000.000000 1.000000
1133.781738 1000.000000 1.000000
976.053833 1000.000000 1.000000
902.751526 1000.000000 1.000000
1073.046753 1000.000000 1.000000
913.642700 1000.000000 1.000000
909.563843 1000.000000 1.000000
959.285400 1000.000000 1.000000
991.332397 1000.000000 1.000000
860.401550 1000.000000 1.000000
988.306641 1000.000000 1.000000
1151.790283 1000.000000 1.000000
998.890869 1000.000000 1.000000
836.088867 1000.000000 1.000000
916.535400 1000.000000 1.000000
1001.880920 1000.000000 1.000000
1232.723267 1000.000000 1.000000
968.492188 1000.000000 1.000000
1334.507202 1000.000000 1.000000
1946.918701 1000.000000 1.000000
899.822632 1000.000000 1.000000
1023.537292 1000.000000 1.000000
808.743835 1000.000000 1.000000
1884.811768 1000.000000 1.000000
963.282715 1000.000000 1.000000
1193.132446 1000.000000 1.000000
920.138428 1000.000000 1.000000
1095.175903 1000.000000 1.000000
1585.638916 1000.000000 1.000000
864.325745 1000.000000 1.000000
1035.776367 1000.000000 1.000000
1150.341675 1000.000000 1.000000
2041.979126 1000.000000 1.000000
852.598633 1000.000000 1.000000
1144.863159 1000.000000 1.000000
2134.878174 1000.000000 1.000000
1279.369019 1000.000000 1.000000
1050.215088 1000.000000 1.000000
1327.641846 1000.000000 1.000000
922.408020 1000.000000 1.000000
1053.473022 1000.000000 1.000000
1045.531372 1000.000000 1.000000
1784.893799 1000.000000 1.000000
1039.520752 1000.000000 1.000000
927.666565 1000.000000 1.000000
1066.772827 1000.000000 1.000000
1002.424744 1000.000000 1.000000
985.428467 1000.000000 1.000000
942.860168 1000.000000 1.000000
1726.739258 1000.000000 1.000000
985.049133 1000.000000 1.000000
974.204895 1000.000000 1.000000
1320.925903 1000.000000 1.000000
897.580872 1000.000000 1.000000
1447.400391 1000.000000 1.000000
935.562805 1000.000000 1.000000
3171.007324 1000.000000 1.000000
827.138428 1000.000000 1.000000
1014.018005 1000.000000 1.000000
1572.891357 1000.000000 1.000000
947.279663 1000.000000 1.000000
1096.905518 1000.000000 1.000000
1469.958496 1000.000000 1.000000
894.387512 1000.000000 1.000000
1119.481812 1000.000000 1.000000
970.695129 1000.000000 1.000000
978.376587 1000.000000 1.000000
1661.700806 1000.000000 1.000000
915.743042 1000.000000 1.000000
1537.690674 1000.000000 1.000000
1630.341919 1000.000000 1.000000
1131.844849 1000.000000 1.000000
974.324219 1000.000000 1.000000
1048.092163 1000.000000 1.000000
1195.763794 1000.000000 1.000000
962.078735 1000.000000 1.000000
846.470520 1000.000000 1.000000
884.061584 1000.000000 1.000000
921.242493 1000.000000 1.000000
1563.954224 1000.000000 1.000000
1210.886963 1000.000000 1.000000
2288.522461 1000.000000 1.000000
2098.343994 1000.000000 1.000000
907.630737 1000.000000 1.000000
1381.311523 1000.000000 1.000000
1248.337524 1000.000000 1.000000
1008.800110 1000.000000 1.000000
1213.267944 1000.000000 1.000000
1063.474609 1000.000000 1.000000
1468.689697 1000.000000 1.000000
849.236511 1000.000000 1.000000
1063.229004 1000.000000 1.000000
1075.243164 1000.000000 1.000000
1412.589966 1000.000000 1.000000
1374.656860 1000.000000 1.000000
910.671204 1000.000000 1.000000
1401.524658 1000.000000 1.000000
1108.443115 1000.000000 1.000000
1045.624390 1000.000000 1.000000
886.229797 1000.000000 1.000000
1632.464844 1000.000000 1.000000
981.907959 1000.000000 1.000000
1940.486328 1000.000000 1.000000
1089.731567 1000.000000 1.000000
939.283020 1000.000000 1.000000
962.535339 1000.000000 1.000000
881.879517 1000.000000 1.000000
1113.530151 1000.000000 1.000000
1058.030029 1000.000000 1.000000
909.898193 1000.000000 1.000000
1056.983887 1000.000000 1.000000
1585.183838 1000.000000 1.000000
1148.448853 1000.000000 1.000000
830.740173 1000.000000 1.000000
862.008789 1000.000000 1.000000
955.611572 1000.000000 1.000000
959.457764 1000.000000 1.000000
2446.441406 1000.000000 1.000000
1063.282715 1000.000000 1.000000
1941.323730 1000.000000 1.000000
1084.580444 1000.000000 1.000000
965.060425 1000.000000 1.000000
1709.516113 1000.000000 1.000000
2331.468018 1000.000000 1.000000
948.475037 1000.000000 1.000000
907.746521 1000.000000 1.000000
1026.714111 1000.000000 1.000000
1069.386597 1000.000000 1.000000
1230.242920 1000.000000 1.000000
1299.753418 1000.000000 1.000000
1996.492310 1000.000000 1.000000
1382.381470 1000.000000 1.000000
1144.410645 1000.000000 1.000000
1395.713501 1000.000000 1.000000
1396.678345 1000.000000 1.000000
1284.849731 1000.000000 1.000000
977.569397 1000.000000 1.000000
1001.541687 1000.000000 1.000000
1019.960327 1000.000000 1.000000
1896.652832 1000.000000 1.000000
786.475403 1000.000000 1.000000
1464.817017 1000.000000 1.000000
1146.653809 1000.000000 1.000000
907.638123 1000.000000 1.000000
1082.026245 1000.000000 1.000000
871.659180 1000.000000 1.000000
1556.402954 1000.000000 1.000000
1095.967163 1000.000000 1.000000
955.154846 1000.000000 1.000000
977.219971 1000.000000 1.000000
990.934448 1000.000000 1.000000
1481.863525 1000.000000 1.000000
991.721191 1000.000000 1.000000
1129.728882 1000.000000 1.000000
1011.432312 1000.000000 1.000000
2190.229736 1000.000000 1.000000
1119.500244 1000.000000 1.000000
1022.045471 1000.000000 1.000000
1553.560547 1000.000000 1.000000
1982.325684 1000.000000 1.000000
1053.187622 1000.000000 1.000000
1321.284424 1000.000000 1.000000
996.100342 1000.000000 1.000000
1246.560547 1000.000000 1.000000
1206.969360 1000.000000 1.000000
1015.656189 1000.000000 1.000000
1073.074219 1000.000000 1.000000
1540.114868 1000.000000 1.000000
867.059509 1000.000000 1.000000
857.574097 1000.000000 1.000000
969.356140 1000.000000 1.000000
1004.623169 1000.000000 1.000000
925.243774 1000.000000 1.000000
961.294678 1000.000000 1.000000
941.077515 1000.000000 1.000000
1163.692383 1000.000000 1.000000
887.572693 1000.000000 1.000000
982.645569 1000.000000 1.000000
1251.623413 1000.000000 1.000000
2527.818359 1000.000000 1.000000
1096.872925 1000.000000 1.000000
1004.438171 1000.000000 1.000000
982.578186 1000.000000 1.000000
1353.011841 1000.000000 1.000000
2540.998047 1000.000000 1.000000
877.025574 1000.000000 1.000000
1080.548340 1000.000000 1.000000
972.305603 1000.000000 1.000000
899.485352 1000.000000 1.000000
1160.037354 1000.000000 1.000000
904.422791 1000.000000 1.000000
1183.339233 1000.000000 1.000000
961.045105 1000.000000 1.000000
2200.503418 1000.000000 1.000000
1111.545776 1000.000000 1.000000
1187.965698 1000.000000 1.000000
1315.718628 1000.000000 1.000000
830.099548 1000.000000 1.000000
1394.139160 1000.000000 1.000000
913.905457 1000.000000 1.000000
1147.008667 1000.000000 1.000000
796.412170 1000.000000 1.000000
778.982239 1000.000000 1.000000
758.927673 1000.000000 1.000000
1729.910156 1000.000000 1.000000
957.889038 1000.000000 1.000000
987.607483 1000.000000 1.000000
2012.659302 1000.000000 1.000000
1169.942993 1000.000000 1.000000
1989.777100 1000.000000 1.000000
1184.079590 1000.000000 1.000000
1741.607056 1000.000000 1.000000
2157.690918 1000.000000 1.000000
848.596436 1000.000000 1.000000
1049.181152 1000.000000 1.000000
608.707031 1000.000000 1.000000
773.325195 1000.000000 1.000000
1027.141235 1000.000000 1.000000
1674.177124 1000.000000 1.000000
1201.207153 1000.000000 1.000000
784.886780 1000.000000 1.000000
753.768250 1000.000000 1.000000
955.773315 1000.000000 1.000000
1586.543457 1000.000000 1.000000
1141.412109 1000.000000 1.000000
1095.377075 1000.000000 1.000000
894.289062 1000.000000 1.000000
880.345581 1000.000000 1.000000
1167.805664 1000.000000 1.000000
942.730957 1000.000000 1.000000
906.046265 1000.000000 1.000000
2145.687500 1000.000000 1.000000
997.307129 1000.000000 1.000000
1019.616821 1000.000000 1.000000
1376.389893 1000.000000 1.000000
1946.291870 1000.000000 1.000000
1236.986816 1000.000000 1.000000
1341.291870 1000.000000 1.000000
849.576477 1000.000000 1.000000
1072.582397 1000.000000 1.000000
881.891541 1000.000000 1.000000
1014.557434 1000.000000 1.000000
1086.948120 1000.000000 1.000000
1807.590942 1000.000000 1.000000
1077.999023 1000.000000 1.000000
941.923035 1000.000000 1.000000
921.627441 1000.000000 1.000000
761.062988 1000.000000 1.000000
1974.687134 1000.000000 1.000000
883.544861 1000.000000 1.000000
1782.592651 1000.000000 1.000000
1910.593018 1000.000000 1.000000
1423.802734 1000.000000 1.000000
1668.339111 1000.000000 1.000000
3164.884766 1000.000000 1.000000
2006.598633 1000.000000 1.000000
1783.384155 1000.000000 1.000000
1381.147095 1000.000000 1.000000
2933.403320 1000.000000 1.000000
866.964844 1000.000000 1.000000
1141.521851 1000.000000 1.000000
1218.829102 1000.000000 1.000000
1743.377563 1000.000000 1.000000
1249.389771 1000.000000 1.000000
987.646606 1000.000000 1.000000
1043.442871 1000.000000 1.000000
1892.826904 1000.000000 1.000000
1031.920410 1000.000000 1.000000
898.746826 1000.000000 1.000000
2153.969238 1000.000000 1.000000
1023.410583 1000.000000 1.000000
1014.251526 1000.000000 1.000000
1264.549194 1000.000000 1.000000
895.954773 1000.000000 1.000000
1135.407349 1000.000000 1.000000
1040.734497 1000.000000 1.000000
1992.236694 1000.000000 1.000000
1804.732422 1000.000000 1.000000
1096.696899 1000.000000 1.000000
2299.324707 1000.000000 1.000000
1922.364136 1000.000000 1.000000
890.271545 1000.000000 1.000000
1009.554016 1000.000000 1.000000
1127.720093 1000.000000 1.000000
2109.353516 1000.000000 1.000000
1555.977539 1000.000000 1.000000
909.169434 1000.000000 1.000000
1211.304810 1000.000000 1.000000
1026.359497 1000.000000 1.000000
1291.632324 1000.000000 1.000000
1393.560547 1000.000000 1.000000
1712.470337 1000.000000 1.000000
1297.705322 1000.000000 1.000000
1360.066650 1000.000000 1.000000
915.736267 1000.000000 1.000000
1282.651855 1000.000000 1.000000
974.144165 1000.000000 1.000000
1311.144287 1000.000000 1.000000
967.466064 1000.000000 1.000000
930.155762 1000.000000 1.000000
1043.602905 1000.000000 1.000000
966.005981 1000.000000 1.000000
1473.810669 1000.000000 1.000000
1021.942505 1000.000000 1.000000
1522.354980 1000.000000 1.000000
929.605164 1000.000000 1.000000
1050.604980 1000.000000 1.000000
897.238464 1000.000000 1.000000
1814.188354 1000.000000 1.000000
1895.513794 1000.000000 1.000000
1330.258911 1000.000000 1.000000
779.477417 1000.000000 1.000000
952.253296 1000.000000 1.000000
694.111633 1000.000000 1.000000
1086.090210 1000.000000 1.000000
1047.375488 1000.000000 1.000000
1579.149536 1000.000000 1.000000
946.769348 1000.000000 1.000000
911.034546 1000.000000 1.000000
840.110168 1000.000000 1.000000
1040.901001 1000.000000 1.000000
1611.034546 1000.000000 1.000000
1246.771240 1000.000000 1.000000
1700.382080 1000.000000 1.000000
1077.295532 1000.000000 1.000000
1096.093506 1000.000000 1.000000
1046.260254 1000.000000 1.000000
853.842102 1000.000000 1.000000
1228.488770 1000.000000 1.000000
927.821838 1000.000000 1.000000
1454.697021 1000.000000 1.000000
1753.814209 1000.000000 1.000000
1550.916748 1000.000000 1.000000
1057.885254 1000.000000 1.000000
2333.053467 1000.000000 1.000000
1208.885010 1000.000000 1.000000
1625.393433 1000.000000 1.000000
944.656006 1000.000000 1.000000
1362.516113 1000.000000 1.000000
2186.348877 1000.000000 1.000000
1088.182739 1000.000000 1.000000
1041.740967 1000.000000 1.000000
757.117615 1000.000000 1.000000
909.927185 1000.000000 1.000000
1215.916870 1000.000000 1.000000
965.493652 1000.000000 1.000000
1033.524658 1000.000000 1.000000
999.735474 1000.000000 1.000000
890.168152 1000.000000 1.000000
880.966370 1000.000000 1.000000
1212.557495 1000.000000 1.000000
991.322693 1000.000000 1.000000
1008.220764 1000.000000 1.000000
1755.035400 1000.000000 1.000000
1278.672607 1000.000000 1.000000
1757.067627 1000.000000 1.000000
929.586731 1000.000000 1.000000
1388.016479 1000.000000 1.000000
1088.737671 1000.000000 1.000000
1057.155029 1000.000000 1.000000
1251.272583 1000.000000 1.000000
1006.511536 1000.000000 1.000000
2160.816406 1000.000000 1.000000
1978.692627 1000.000000 1.000000
1828.781128 1000.000000 1.000000
913.182739 1000.000000 1.000000
2141.378662 1000.000000 1.000000
1400.953125 1000.000000 1.000000
1575.663696 1000.000000 1.000000
1134.182739 1000.000000 1.000000
984.900024 1000.000000 1.000000
739.457642 1000.000000 1.000000
1313.595459 1000.000000 1.000000
1138.445190 1000.000000 1.000000
1154.817993 1000.000000 1.000000
1299.630615 1000.000000 1.000000
1850.673462 1000.000000 1.000000
894.787354 1000.000000 1.000000
1297.025391 1000.000000 1.000000
1266.079956 1000.000000 1.000000
1533.271851 1000.000000 1.000000
1299.021973 1000.000000 1.000000
717.398010 1000.000000 1.000000
3176.505127 1000.000000 1.000000
883.846985 1000.000000 1.000000
1147.268677 1000.000000 1.000000
2851.078857 1000.000000 1.000000
1379.586304 1000.000000 1.000000
959.403320 1000.000000 1.000000
1228.711792 1000.000000 1.000000
1031.129272 1000.000000 1.000000
1337.162598 1000.000000 1.000000
1116.997437 1000.000000 1.000000
1066.089600 1000.000000 1.000000
1675.938843 1000.000000 1.000000
1336.741333 1000.000000 1.000000
1074.968262 1000.000000 1.000000
932.504578 1000.000000 1.000000
1256.393066 1000.000000 1.000000
1127.380493 1000.000000 1.000000
1186.681030 1000.000000 1.000000
974.510132 1000.000000 1.000000
1599.953247 1000.000000 1.000000
1060.045776 1000.000000 1.000000
1041.871216 1000.000000 1.000000
1251.234375 1000.000000 1.000000
985.607361 1000.000000 1.000000
1318.283936 1000.000000 1.000000
979.177551 1000.000000 1.000000
2339.595459 1000.000000 1.000000
997.637939 1000.000000 1.000000
1919.224854 1000.000000 1.000000
709.100708 1000.000000 1.000000
1248.020752 1000.000000 1.000000
1381.156982 1000.000000 1.000000
817.382629 1000.000000 1.000000
869.464905 1000.000000 1.000000
1005.064636 1000.000000 1.000000
999.171143 1000.000000 1.000000
1355.976196 1000.000000 1.000000
863.185913 1000.000000 1.000000
1344.273071 1000.000000 1.000000
1140.990967 1000.000000 1.000000
1168.538086 1000.000000 1.000000
916.062134 1000.000000 1.000000
986.687988 1000.000000 1.000000
2361.244629 1000.000000 1.000000
1610.575317 1000.000000 1.000000
1138.122681 1000.000000 1.000000
950.623291 1000.000000 1.000000
1514.377686 1000.000000 1.000000
2211.556396 1000.000000 1.000000
1354.803955 1000.000000 1.000000
1371.446655 1000.000000 1.000000
1157.822754 1000.000000 1.000000
1014.732422 1000.000000 1.000000
684.394653 1000.000000 1.000000
1252.999512 1000.000000 1.000000
1309.099487 1000.000000 1.000000
1891.575195 1000.000000 1.000000
863.040833 1000.000000 1.000000
1028.179565 1000.000000 1.000000
927.263245 1000.000000 1.000000
834.835876 1000.000000 1.000000
831.051392 1000.000000 1.000000
1578.050903 1000.000000 1.000000
1232.163330 1000.000000 1.000000
1019.472595 1000.000000 1.000000
1897.572510 1000.000000 1.000000
1103.073486 1000.000000 1.000000
918.506348 1000.000000 1.000000
612.769775 1000.000000 1.000000
911.369873 1000.000000 1.000000
1378.862671 1000.000000 1.000000
739.650757 1000.000000 1.000000
1209.254639 1000.000000 1.000000
847.227417 1000.000000 1.000000
1133.702148 1000.000000 1.000000
1576.126831 1000.000000 1.000000
1478.963013 1000.000000 1.000000
1620.190430 1000.000000 1.000000
809.195007 1000.000000 1.000000
1410.446411 1000.000000 1.000000
1103.444336 1000.000000 1.000000
989.244995 1000.000000 1.000000
1124.938477 1000.000000 1.000000
813.187927 1000.000000 1.000000
864.455811 1000.000000 1.000000
1555.596313 1000.000000 1.000000
1115.096924 1000.000000 1.000000
1242.230225 1000.000000 1.000000
1185.258789 1000.000000 1.000000
1034.249023 1000.000000 1.000000
1881.616089 1000.000000 1.000000
1822.716675 1000.000000 1.000000
944.157104 1000.000000 1.000000
783.279053 1000.000000 1.000000
1627.721191 1000.000000 1.000000
775.234070 1000.000000 1.000000
1574.832397 1000.000000 1.000000
1069.915161 1000.000000 1.000000
860.424622 1000.000000 1.000000
1564.272949 1000.000000 1.000000
1921.379150 1000.000000 1.000000
844.362427 1000.000000 1.000000
1689.170776 1000.000000 1.000000
877.284912 1000.000000 1.000000
771.334167 1000.000000 1.000000
890.498962 1000.000000 1.000000
808.840454 1000.000000 1.000000
1173.178833 1000.000000 1.000000
1345.326172 1000.000000 1.000000
1014.853088 1000.000000 1.000000
928.200684 1000.000000 1.000000
956.441650 1000.000000 1.000000
779.345642 1000.000000 1.000000
1135.393799 1000.000000 1.000000
1026.085938 1000.000000 1.000000
2615.707520 1000.000000 1.000000
829.471191 1000.000000 1.000000
1451.693848 1000.000000 1.000000
1818.290283 1000.000000 1.000000
844.994751 1000.000000 1.000000
1700.187866 1000.000000 1.000000
752.530823 1000.000000 1.000000
1313.491211 1000.000000 1.000000
1234.006958 1000.000000 1.000000
3036.444580 1000.000000 1.000000
1103.608032 1000.000000 1.000000
928.672668 1000.000000 1.000000
1420.256226 1000.000000 1.000000
945.030762 1000.000000 1.000000
998.270325 1000.000000 1.000000
972.992310 1000.000000 1.000000
893.718628 1000.000000 1.000000
2018.239136 1000.000000 1.000000
2409.906006 1000.000000 1.000000
1097.508301 1000.000000 1.000000
1313.169678 1000.000000 1.000000
1142.535767 1000.000000 1.000000
1738.589966 1000.000000 1.000000
1070.410156 1000.000000 1.000000
2304.668701 1000.000000 1.000000
1660.061157 1000.000000 1.000000
1141.609253 1000.000000 1.000000
1070.415894 1000.000000 1.000000
1168.884277 1000.000000 1.000000
996.667053 1000.000000 1.000000
899.807068 1000.000000 1.000000
968.687073 1000.000000 1.000000
942.139282 1000.000000 1.000000
918.328064 1000.000000 1.000000
1646.041626 1000.000000 1.000000
987.613953 1000.000000 1.000000
1048.352173 1000.000000 1.000000
1222.603516 1000.000000 1.000000
1064.481201 1000.000000 1.000000
1008.325867 1000.000000 1.000000
1366.913574 1000.000000 1.000000
961.427979 1000.000000 1.000000
854.010437 1000.000000 1.000000
1046.152100 1000.000000 1.000000
1472.959961 1000.000000 1.000000
1338.610596 1000.000000 1.000000
957.289734 1000.000000 1.000000
2131.850586 1000.000000 1.000000
919.979126 1000.000000 1.000000
1639.890503 1000.000000 1.000000
841.494141 1000.000000 1.000000
1666.522583 1000.000000 1.000000
1103.433105 1000.000000 1.000000
1016.759094 1000.000000 1.000000
971.060364 1000.000000 1.000000
2092.172363 1000.000000 1.000000
1010.804443 1000.000000 1.000000
925.903687 1000.000000 1.000000
1207.925537 1000.000000 1.000000
984.948303 1000.000000 1.000000
890.709045 1000.000000 1.000000
890.768677 1000.000000 1.000000
849.001343 1000.000000 1.000000
1251.916748 1000.000000 1.000000
1392.662964 1000.000000 1.000000
940.628418 1000.000000 1.000000
1058.279907 1000.000000 1.000000
847.850586 1000.000000 1.000000
1290.358154 1000.000000 1.000000
1636.650269 1000.000000 1.000000
1476.876343 1000.000000 1.000000
965.546265 1000.000000 1.000000
826.880432 1000.000000 1.000000
1100.450439 1000.000000 1.000000
896.003235 1000.000000 1.000000
1603.211182 1000.000000 1.000000
896.505554 1000.000000 1.000000
1332.584839 1000.000000 1.000000
1015.394592 1000.000000 1.000000
1298.624023 1000.000000 1.000000
1058.040527 1000.000000 1.000000
1298.362061 1000.000000 1.000000
913.198181 1000.000000 1.000000
1117.218262 1000.000000 1.000000
1067.733154 1000.000000 1.000000
958.621765 1000.000000 1.000000
2074.473633 1000.000000 1.000000
908.809692 1000.000000 1.000000
1211.731201 1000.000000 1.000000
1982.449341 1000.000000 1.000000
1144.931885 1000.000000 1.000000
1085.676270 1000.000000 1.000000
1770.557861 1000.000000 1.000000
947.811462 1000.000000 1.000000
673.094299 1000.000000 1.000000
1168.412231 1000.000000 1.000000
1474.711548 1000.000000 1.000000
1024.369019 1000.000000 1.000000
1058.951172 1000.000000 1.000000
1056.503906 1000.000000 1.000000
1204.134766 1000.000000 1.000000
935.919006 1000.000000 1.000000
1232.273560 1000.000000 1.000000
800.847656 1000.000000 1.000000
1507.696777 1000.000000 1.000000
1168.097290 1000.000000 1.000000
1171.058350 1000.000000 1.000000
1192.507202 1000.000000 1.000000
999.133362 1000.000000 1.000000
1097.208130 1000.000000 1.000000
1008.027710 1000.000000 1.000000
1227.575684 1000.000000 1.000000
1351.791870 1000.000000 1.000000
911.462341 1000.000000 1.000000
1822.282715 1000.000000 1.000000
1241.617432 1000.000000 1.000000
2143.741211 1000.000000 1.000000
857.382568 1000.000000 1.000000
2665.000488 1000.000000 1.000000
1351.677856 1000.000000 1.000000
828.495178 1000.000000 1.000000
968.727844 1000.000000 1.000000
1237.146240 1000.000000 1.000000
1601.358887 1000.000000 1.000000
1136.858643 1000.000000 1.000000
1046.483398 1000.000000 1.000000
1772.442993 1000.000000 1.000000
1233.720093 1000.000000 1.000000
930.154419 1000.000000 1.000000
996.486938 1000.000000 1.000000
1251.447144 1000.000000 1.000000
1446.038818 1000.000000 1.000000
673.516357 1000.000000 1.000000
1067.318970 1000.000000 1.000000
997.078613 1000.000000 1.000000
1929.912109 1000.000000 1.000000
1209.370361 1000.000000 1.000000
1296.678467 1000.000000 1.000000
965.813232 1000.000000 1.000000
1387.630371 1000.000000 1.000000
1027.879639 1000.000000 1.000000
1416.236694 1000.000000 1.000000
847.264893 1000.000000 1.000000
995.614319 1000.000000 1.000000
849.443604 1000.000000 1.000000
1444.781860 1000.000000 1.000000
1141.472412 1000.000000 1.000000
761.809875 1000.000000 1.000000
1015.189087 1000.000000 1.000000
1208.123169 1000.000000 1.000000
1112.980469 1000.000000 1.000000
688.078857 1000.000000 1.000000
1111.499878 1000.000000 1.000000
1764.256348 1000.000000 1.000000
1519.860718 1000.000000 1.000000
1039.329956 1000.000000 1.000000
883.386047 1000.000000 1.000000
926.841003 1000.000000 1.000000
1144.162354 1000.000000 1.000000
929.498779 1000.000000 1.000000
798.661438 1000.000000 1.000000
1679.127930 1000.000000 1.000000
838.768921 1000.000000 1.000000
1024.419312 1000.000000 1.000000
994.964111 1000.000000 1.000000
1041.746582 1000.000000 1.000000
1007.519043 1000.000000 1.000000
842.746887 1000.000000 1.000000
1542.224365 1000.000000 1.000000
1406.986450 1000.000000 1.000000
860.363953 1000.000000 1.000000
1090.141479 1000.000000 1.000000
2838.631592 1000.000000 1.000000
882.497498 1000.000000 1.000000
752.808350 1000.000000 1.000000
991.577881 1000.000000 1.000000
1324.449097 1000.000000 1.000000
1081.712036 1000.000000 1.000000
943.257812 1000.000000 1.000000
1103.376587 1000.000000 1.000000
1163.187134 1000.000000 1.000000
1387.127441 1000.000000 1.000000
1541.351562 1000.000000 1.000000
1612.604004 1000.000000 1.000000
888.486145 1000.000000 1.000000
1061.408203 1000.000000 1.000000
919.162231 1000.000000 1.000000
1103.962646 1000.000000 1.000000
915.436829 1000.000000 1.000000
1095.453735 1000.000000 1.000000
911.030640 1000.000000 1.000000
1514.389160 1000.000000 1.000000
1285.901367 1000.000000 1.000000
1167.688232 1000.000000 1.000000
996.640686 1000.000000 1.000000
1029.929321 1000.000000 1.000000
945.573425 1000.000000 1.000000
1743.095581 1000.000000 1.000000
708.720093 1000.000000 1.000000
1302.492554 1000.000000 1.000000
1005.547607 1000.000000 1.000000
1607.834961 1000.000000 1.000000
1444.537964 1000.000000 1.000000
1203.059204 1000.000000 1.000000
1074.462891 1000.000000 1.000000
1467.127930 1000.000000 1.000000
1677.778809 1000.000000 1.000000
1233.968628 1000.000000 1.000000
1190.250122 1000.000000 1.000000
852.671997 1000.000000 1.000000
1021.903687 1000.000000 1.000000
1013.404907 1000.000000 1.000000
1187.000244 1000.000000 1.000000
887.058594 1000.000000 1.000000
1075.096924 1000.000000 1.000000
2098.273682 1000.000000 1.000000
1242.925415 1000.000000 1.000000
975.196655 1000.000000 1.000000
1078.071899 1000.000000 1.000000
1003.665894 1000.000000 1.000000
2356.267334 1000.000000 1.000000
2411.084961 1000.000000 1.000000
975.275879 1000.000000 1.000000
996.197021 1000.000000 1.000000
1788.939819 1000.000000 1.000000
1077.014771 1000.000000 1.000000
895.651123 1000.000000 1.000000
3356.621094 1000.000000 1.000000
840.276978 1000.000000 1.000000
1062.390137 1000.000000 1.000000
1845.334106 1000.000000 1.000000
1105.913452 1000.000000 1.000000
810.247559 1000.000000 1.000000
1220.418091 1000.000000 1.000000
1065.370117 1000.000000 1.000000
1057.778442 1000.000000 1.000000
1345.184570 1000.000000 1.000000
583.895203 1000.000000 1.000000
1254.790405 1000.000000 1.000000
964.078918 1000.000000 1.000000
1047.374390 1000.000000 1.000000
996.670349 1000.000000 1.000000
1418.368530 1000.000000 1.000000
993.786499 1000.000000 1.000000
1645.506470 1000.000000 1.000000
809.787476 1000.000000 1.000000
1015.242188 1000.000000 1.000000
983.199524 1000.000000 1.000000
842.080017 1000.000000 1.000000
1053.253052 1000.000000 1.000000
2120.942139 1000.000000 1.000000
968.357239 1000.000000 1.000000
742.171387 1000.000000 1.000000
843.345886 1000.000000 1.000000
722.317261 1000.000000 1.000000
1045.279541 1000.000000 1.000000
1188.173828 1000.000000 1.000000
1143.107544 1000.000000 1.000000
1051.593750 1000.000000 1.000000
1021.247375 1000.000000 1.000000
1024.505859 1000.000000 1.000000
1279.545044 1000.000000 1.000000
1070.741943 1000.000000 1.000000
1748.969482 1000.000000 1.000000
2225.558105 1000.000000 1.000000
1166.235229 1000.000000 1.000000
1074.772339 1000.000000 1.000000
1211.275757 1000.000000 1.000000
2284.118896 1000.000000 1.000000
1628.956299 1000.000000 1.000000
867.274048 1000.000000 1.000000
976.731567 1000.000000 1.000000
1590.706177 1000.000000 1.000000
1286.525513 1000.000000 1.000000
1862.328003 1000.000000 1.000000
1546.087280 1000.000000 1.000000
2236.692383 1000.000000 1.000000
998.395752 1000.000000 1.000000
905.569153 1000.000000 1.000000
713.386780 1000.000000 1.000000
1031.211792 1000.000000 1.000000
961.756287 1000.000000 1.000000
1747.345703 1000.000000 1.000000
1431.576782 1000.000000 1.000000
982.130005 1000.000000 1.000000
854.543884 1000.000000 1.000000
897.889282 1000.000000 1.000000
2089.690918 1000.000000 1.000000
1045.730591 1000.000000 1.000000
993.638367 1000.000000 1.000000
845.571106 1000.000000 1.000000
1701.134277 1000.000000 1.000000
1160.684448 1000.000000 1.000000
1364.200195 1000.000000 1.000000
892.326721 1000.000000 1.000000
980.174255 1000.000000 1.000000
1019.223145 1000.000000 1.000000
1361.866577 1000.000000 1.000000
1119.300537 1000.000000 1.000000
1081.980713 1000.000000 1.000000
1010.209229 1000.000000 1.000000
950.129089 1000.000000 1.000000
1177.211670 1000.000000 1.000000
1079.516479 1000.000000 1.000000
1295.804688 1000.000000 1.000000
3664.409424 1000.000000 1.000000
1010.904175 1000.000000 1.000000
1058.450195 1000.000000 1.000000
860.798889 1000.000000 1.000000
1080.612793 1000.000000 1.000000
810.626709 1000.000000 1.000000
1012.330017 1000.000000 1.000000
768.128235 1000.000000 1.000000
813.249146 1000.000000 1.000000
765.845215 1000.000000 1.000000
845.971985 1000.000000 1.000000
1404.014282 1000.000000 1.000000
721.386414 1000.000000 1.000000
1161.635376 1000.000000 1.000000
1100.180176 1000.000000 1.000000
812.762939 1000.000000 1.000000
1978.146729 1000.000000 1.000000
1570.436523 1000.000000 1.000000
981.292603 1000.000000 1.000000
1138.780151 1000.000000 1.000000
992.279846 1000.000000 1.000000
866.513489 1000.000000 1.000000
1126.033691 1000.000000 1.000000
965.103088 1000.000000 1.000000
1420.851318 1000.000000 1.000000
814.427307 1000.000000 1.000000
857.045837 1000.000000 1.000000
3352.680420 1000.000000 1.000000
885.430176 1000.000000 1.000000
892.882629 1000.000000 1.000000
1488.222290 1000.000000 1.000000
2793.987549 1000.000000 1.000000
1064.475708 1000.000000 1.000000
1234.981445 1000.000000 1.000000
1140.617920 1000.000000 1.000000
1468.866699 1000.000000 1.000000
1090.940796 1000.000000 1.000000
1109.994873 1000.000000 1.000000
1295.401978 1000.000000 1.000000
1039.600952 1000.000000 1.000000
3677.026123 1000.000000 1.000000
832.811401 1000.000000 1.000000
1463.321777 1000.000000 1.000000
682.028381 1000.000000 1.000000
972.606140 1000.000000 1.000000
790.825073 1000.000000 1.000000
1919.038574 1000.000000 1.000000
2834.315674 1000.000000 1.000000
1040.260742 1000.000000 1.000000
1078.098389 1000.000000 1.000000
658.843140 1000.000000 1.000000
950.262207 1000.000000 1.000000
2310.794678 1000.000000 1.000000
952.632324 1000.000000 1.000000
1775.399414 1000.000000 1.000000
1373.623291 1000.000000 1.000000
791.123596 1000.000000 1.000000
1008.828491 1000.000000 1.000000
2044.374146 1000.000000 1.000000
992.037415 1000.000000 1.000000
1895.143677 1000.000000 1.000000
1542.736572 1000.000000 1.000000
983.403625 1000.000000 1.000000
1017.667969 1000.000000 1.000000
1164.933350 1000.000000 1.000000
999.240601 1000.000000 1.000000
1010.914795 1000.000000 1.000000
1078.318481 1000.000000 1.000000
1672.544067 1000.000000 1.000000
1498.957764 1000.000000 1.000000
1733.773315 1000.000000 1.000000
886.676697 1000.000000 1.000000
594.039551 1000.000000 1.000000
1941.178955 1000.000000 1.000000
2061.817383 1000.000000 1.000000
996.759033 1000.000000 1.000000
1254.203735 1000.000000 1.000000
1316.464966 1000.000000 1.000000
1083.730103 1000.000000 1.000000
1055.858032 1000.000000 1.000000
689.606934 1000.000000 1.000000
1150.829224 1000.000000 1.000000
1609.923096 1000.000000 1.000000
1381.935791 1000.000000 1.000000
1242.364380 1000.000000 1.000000
914.891541 1000.000000 1.000000
1100.381104 1000.000000 1.000000
1273.669922 1000.000000 1.000000
1358.621460 1000.000000 1.000000
885.503906 1000.000000 1.000000
1108.267700 1000.000000 1.000000
1391.899048 1000.000000 1.000000
936.162720 1000.000000 1.000000
1038.292114 1000.000000 1.000000
1065.057495 1000.000000 1.000000
1034.567993 1000.000000 1.000000
948.771545 1000.000000 1.000000
733.857910 1000.000000 1.000000
979.963257 1000.000000 1.000000
1516.993774 1000.000000 1.000000
896.532715 1000.000000 1.000000
1042.326050 1000.000000 1.000000
1010.949585 1000.000000 1.000000
1103.243774 1000.000000 1.000000
927.525391 1000.000000 1.000000
1023.510010 1000.000000 1.000000
1547.475464 1000.000000 1.000000
951.326721 1000.000000 1.000000
1276.524658 1000.000000 1.000000
1103.567871 1000.000000 1.000000
933.918518 1000.000000 1.000000
943.145081 1000.000000 1.000000
1197.403320 1000.000000 1.000000
955.600952 1000.000000 1.000000
1491.284302 1000.000000 1.000000
1078.039551 1000.000000 1.000000
1494.187012 1000.000000 1.000000
894.486694 1000.000000 1.000000
978.248779 1000.000000 1.000000
496.707550 1000.000000 1.000000
965.246826 1000.000000 1.000000
1313.290771 1000.000000 1.000000
1476.740479 1000.000000 1.000000
885.155945 1000.000000 1.000000
929.601379 1000.000000 1.000000
893.976074 1000.000000 1.000000
1010.728577 1000.000000 1.000000
1302.807495 1000.000000 1.000000
809.075012 1000.000000 1.000000
966.431763 1000.000000 1.000000
670.345215 1000.000000 1.000000
1000.119324 1000.000000 1.000000
988.702515 1000.000000 1.000000
1426.451416 1000.000000 1.000000
1684.171265 1000.000000 1.000000
1091.990723 1000.000000 1.000000
889.065430 1000.000000 1.000000
874.937500 1000.000000 1.000000
1067.193481 1000.000000 1.000000
2002.603271 1000.000000 1.000000
929.886780 1000.000000 1.000000
1320.431396 1000.000000 1.000000
982.545105 1000.000000 1.000000
1060.339355 1000.000000 1.000000
1580.934692 1000.000000 1.000000
1293.374878 1000.000000 1.000000
3318.137695 1000.000000 1.000000
1275.862427 1000.000000 1.000000
1359.612549 1000.000000 1.000000
1358.906738 1000.000000 1.000000
1139.395142 1000.000000 1.000000
967.534180 1000.000000 1.000000
1048.224487 1000.000000 1.000000
1398.899414 1000.000000 1.000000
1117.215820 1000.000000 1.000000
1123.176514 1000.000000 1.000000
1333.318359 1000.000000 1.000000
1053.897949 1000.000000 1.000000
1013.495239 1000.000000 1.000000
1156.870972 1000.000000 1.000000
942.396973 1000.000000 1.000000
1109.025757 1000.000000 1.000000
1023.396179 1000.000000 1.000000
1529.947266 1000.000000 1.000000
1798.281494 1000.000000 1.000000
953.557495 1000.000000 1.000000
1168.588135 1000.000000 1.000000
1729.613770 1000.000000 1.000000
1392.064819 1000.000000 1.000000
798.085876 1000.000000 1.000000
1536.452759 1000.000000 1.000000
1971.659180 1000.000000 1.000000
1221.184814 1000.000000 1.000000
1006.807556 1000.000000 1.000000
821.405518 1000.000000 1.000000
897.467651 1000.000000 1.000000
1404.789185 1000.000000 1.000000
2659.393311 1000.000000 1.000000
1364.119873 1000.000000 1.000000
1229.404297 1000.000000 1.000000
752.985229 1000.000000 1.000000
985.270325 1000.000000 1.000000
1405.783203 1000.000000 1.000000
2225.117676 1000.000000 1.000000
1262.162720 1000.000000 1.000000
1008.765747 1000.000000 1.000000
1025.788208 1000.000000 1.000000
1157.283447 1000.000000 1.000000
865.049927 1000.000000 1.000000
888.292053 1000.000000 1.000000
1043.772705 1000.000000 1.000000
855.192261 1000.000000 1.000000
1073.197998 1000.000000 1.000000
1227.911499 1000.000000 1.000000
1090.459839 1000.000000 1.000000
639.854431 1000.000000 1.000000
626.831116 1000.000000 1.000000
1646.318848 1000.000000 1.000000
959.543762 1000.000000 1.000000
839.709534 1000.000000 1.000000
1586.491333 1000.000000 1.000000
725.435669 1000.000000 1.000000
1280.494995 1000.000000 1.000000
921.150269 1000.000000 1.000000
840.645020 1000.000000 1.000000
1249.859985 1000.000000 1.000000
1072.898071 1000.000000 1.000000
1294.700195 1000.000000 1.000000
731.438599 1000.000000 1.000000
973.281799 1000.000000 1.000000
1772.117432 1000.000000 1.000000
1341.047363 1000.000000 1.000000
915.617310 1000.000000 1.000000
1018.948242 1000.000000 1.000000
1919.927002 1000.000000 1.000000
1087.457275 1000.000000 1.000000
1338.508911 1000.000000 1.000000
946.000122 1000.000000 1.000000
1197.344604 1000.000000 1.000000
856.233582 1000.000000 1.000000
1084.079590 1000.000000 1.000000
763.250488 1000.000000 1.000000
816.100708 1000.000000 1.000000
723.597778 1000.000000 1.000000
767.468201 1000.000000 1.000000
1146.031616 1000.000000 1.000000
893.424011 1000.000000 1.000000
1476.550171 1000.000000 1.000000
1904.308472 1000.000000 1.000000
1042.095581 1000.000000 1.000000
732.233826 1000.000000 1.000000
1721.348511 1000.000000 1.000000
948.451294 1000.000000 1.000000
868.116455 1000.000000 1.000000
1431.875000 1000.000000 1.000000
1356.059692 1000.000000 1.000000
919.358337 1000.000000 1.000000
983.346375 1000.000000 1.000000
1519.292603 1000.000000 1.000000
837.381104 1000.000000 1.000000
801.652954 1000.000000 1.000000
1009.240234 1000.000000 1.000000
933.273804 1000.000000 1.000000
917.066650 1000.000000 1.000000
1200.287964 1000.000000 1.000000
897.090454 1000.000000 1.000000
859.133240 1000.000000 1.000000
1202.012939 1000.000000 1.000000
1061.945435 1000.000000 1.000000
1985.290527 1000.000000 1.000000
1187.182739 1000.000000 1.000000
885.700073 1000.000000 1.000000
642.830383 1000.000000 1.000000
1012.888916 1000.000000 1.000000
939.557251 1000.000000 1.000000
929.577820 1000.000000 1.000000
2487.106689 1000.000000 1.000000
1925.605469 1000.000000 1.000000
2262.686035 1000.000000 1.000000
1339.057007 1000.000000 1.000000
1146.699951 1000.000000 1.000000
1041.095215 1000.000000 1.000000
1171.946045 1000.000000 1.000000
880.504517 1000.000000 1.000000
1341.840332 1000.000000 1.000000
2110.317871 1000.000000 1.000000
1147.529419 1000.000000 1.000000
2508.533936 1000.000000 1.000000
882.592163 1000.000000 1.000000
1529.612305 1000.000000 1.000000
928.346497 1000.000000 1.000000
1488.534668 1000.000000 1.000000
1022.891602 1000.000000 1.000000
878.160095 1000.000000 1.000000
1106.621338 1000.000000 1.000000
1114.073486 1000.000000 1.000000
1888.386108 1000.000000 1.000000
1118.407227 1000.000000 1.000000
961.780823 1000.000000 1.000000
877.574890 1000.000000 1.000000
799.071350 1000.000000 1.000000
961.729004 1000.000000 1.000000
1494.289551 1000.000000 1.000000
1245.467529 1000.000000 1.000000
1394.108398 1000.000000 1.000000
742.866211 1000.000000 1.000000
967.271423 1000.000000 1.000000
1198.811401 1000.000000 1.000000
1002.160217 1000.000000 1.000000
992.676086 1000.000000 1.000000
951.869019 1000.000000 1.000000
1091.784912 1000.000000 1.000000
1114.055542 1000.000000 1.000000
1489.824219 1000.000000 1.000000
1042.539062 1000.000000 1.000000
831.813904 1000.000000 1.000000
983.934631 1000.000000 1.000000
1423.328857 1000.000000 1.000000
985.346313 1000.000000 1.000000
730.598145 1000.000000 1.000000
1192.802734 1000.000000 1.000000
1346.564209 1000.000000 1.000000
843.650024 1000.000000 1.000000
1181.836182 1000.000000 1.000000
1755.840332 1000.000000 1.000000
1520.536133 1000.000000 1.000000
1493.207642 1000.000000 1.000000
996.271912 1000.000000 1.000000
1160.257935 1000.000000 1.000000
1213.781616 1000.000000 1.000000
893.384155 1000.000000 1.000000
1000.939331 1000.000000 1.000000
936.903137 1000.000000 1.000000
874.897156 1000.000000 1.000000
1895.735229 1000.000000 1.000000
1028.386353 1000.000000 1.000000
943.586121 1000.000000 1.000000
874.448547 1000.000000 1.000000
1080.594727 1000.000000 1.000000
1094.845337 1000.000000 1.000000
938.902954 1000.000000 1.000000
1318.638428 1000.000000 1.000000
1069.687012 1000.000000 1.000000
1262.272339 1000.000000 1.000000
888.815857 1000.000000 1.000000
966.937683 1000.000000 1.000000
1134.747559 1000.000000 1.000000
1080.183960 1000.000000 1.000000
1433.891968 1000.000000 1.000000
2593.639404 1000.000000 1.000000
1534.592041 1000.000000 1.000000
1277.029419 1000.000000 1.000000
1406.321411 1000.000000 1.000000
1191.219849 1000.000000 1.000000
1973.678345 1000.000000 1.000000
1037.096436 1000.000000 1.000000
1176.910034 1000.000000 1.000000
974.543213 1000.000000 1.000000
926.857117 1000.000000 1.000000
891.694092 1000.000000 1.000000
824.203003 1000.000000 1.000000
1482.937012 1000.000000 1.000000
762.505554 1000.000000 1.000000
770.687622 1000.000000 1.000000
1358.242065 1000.000000 1.000000
735.317383 1000.000000 1.000000
1065.955444 1000.000000 1.000000
604.695923 1000.000000 1.000000
836.181335 1000.000000 1.000000
930.038757 1000.000000 1.000000
948.148193 1000.000000 1.000000
1164.399292 1000.000000 1.000000
1020.778625 1000.000000 1.000000
1579.109253 1000.000000 1.000000
3244.486084 1000.000000 1.000000
867.398743 1000.000000 1.000000
1291.714478 1000.000000 1.000000
1345.625488 1000.000000 1.000000
965.668152 1000.000000 1.000000
1046.664551 1000.000000 1.000000
1102.311768 1000.000000 1.000000
970.891968 1000.000000 1.000000
1008.568176 1000.000000 1.000000
874.541260 1000.000000 1.000000
924.062805 1000.000000 1.000000
1057.821777 1000.000000 1.000000
1450.472656 1000.000000 1.000000
1048.875977 1000.000000 1.000000
1023.492004 1000.000000 1.000000
2130.007812 1000.000000 1.000000
1147.416504 1000.000000 1.000000
1085.980103 1000.000000 1.000000
873.749390 1000.000000 1.000000
587.838684 1000.000000 1.000000
1922.860962 1000.000000 1.000000
1424.494873 1000.000000 1.000000
1146.940552 1000.000000 1.000000
1782.634155 1000.000000 1.000000
1533.022339 1000.000000 1.000000
1081.245483 1000.000000 1.000000
1249.212891 1000.000000 1.000000
1737.779175 1000.000000 1.000000
1193.848389 1000.000000 1.000000
860.764282 1000.000000 1.000000
1047.352661 1000.000000 1.000000
1725.464233 1000.000000 1.000000
539.201538 1000.000000 1.000000
655.857422 1000.000000 1.000000
934.752991 1000.000000 1.000000
1104.457520 1000.000000 1.000000
2066.297607 1000.000000 1.000000
1068.398438 1000.000000 1.000000
831.932434 1000.000000 1.000000
1001.327759 1000.000000 1.000000
1254.826904 1000.000000 1.000000
1036.356079 1000.000000 1.000000
1133.243042 1000.000000 1.000000
881.955627 1000.000000 1.000000
1071.613525 1000.000000 1.000000
960.089905 1000.000000 1.000000
922.073181 1000.000000 1.000000
1228.312256 1000.000000 1.000000
835.699036 1000.000000 1.000000
1120.084106 1000.000000 1.000000
1319.809570 1000.000000 1.000000
1008.035645 1000.000000 1.000000
1863.555176 1000.000000 1.000000
929.253357 1000.000000 1.000000
1008.547668 1000.000000 1.000000
929.735474 1000.000000 1.000000
1160.701294 1000.000000 1.000000
1170.744507 1000.000000 1.000000
1309.531982 1000.000000 1.000000
1359.306519 1000.000000 1.000000
1583.114746 1000.000000 1.000000
853.067444 1000.000000 1.000000
862.836487 1000.000000 1.000000
1181.119873 1000.000000 1.000000
1076.311646 1000.000000 1.000000
1007.980225 1000.000000 1.000000
1121.797729 1000.000000 1.000000
1076.724854 1000.000000 1.000000
1418.832764 1000.000000 1.000000
1518.450073 1000.000000 1.000000
1149.552124 1000.000000 1.000000
975.863953 1000.000000 1.000000
1008.953125 1000.000000 1.000000
770.838013 1000.000000 1.000000
1003.231018 1000.000000 1.000000
1522.356323 1000.000000 1.000000
939.194580 1000.000000 1.000000
1267.191406 1000.000000 1.000000
1067.974487 1000.000000 1.000000
2314.631348 1000.000000 1.000000
1022.435608 1000.000000 1.000000
882.277222 1000.000000 1.000000
1228.850342 1000.000000 1.000000
2015.070557 1000.000000 1.000000
1194.206299 1000.000000 1.000000
3115.697021 1000.000000 1.000000
1001.789978 1000.000000 1.000000
1118.882812 1000.000000 1.000000
970.221497 1000.000000 1.000000
1373.848267 1000.000000 1.000000
1323.774902 1000.000000 1.000000
1124.595093 1000.000000 1.000000
879.660828 1000.000000 1.000000
1099.096069 1000.000000 1.000000
956.225525 1000.000000 1.000000
1043.037354 1000.000000 1.000000
900.363647 1000.000000 1.000000
947.609497 1000.000000 1.000000
1516.726318 1000.000000 1.000000
1572.460571 1000.000000 1.000000
1140.266479 1000.000000 1.000000
1033.706909 1000.000000 1.000000
975.000549 1000.000000 1.000000
795.725769 1000.000000 1.000000
1068.730103 1000.000000 1.000000
1283.817139 1000.000000 1.000000
1366.800171 1000.000000 1.000000
1753.715332 1000.000000 1.000000
909.483154 1000.000000 1.000000
1344.945068 1000.000000 1.000000
1669.679688 1000.000000 1.000000
1232.657471 1000.000000 1.000000
789.849487 1000.000000 1.000000
2090.920898 1000.000000 1.000000
871.428345 1000.000000 1.000000
1515.456543 1000.000000 1.000000
1030.917725 1000.000000 1.000000
1102.714478 1000.000000 1.000000
1400.563110 1000.000000 1.000000
1343.079346 1000.000000 1.000000
1342.927368 1000.000000 1.000000
2504.977539 1000.000000 1.000000
1084.834229 1000.000000 1.000000
1971.272217 1000.000000 1.000000
1037.553223 1000.000000 1.000000
1203.331543 1000.000000 1.000000
1334.725708 1000.000000 1.000000
950.710999 1000.000000 1.000000
1056.934814 1000.000000 1.000000
1689.584473 1000.000000 1.000000
1441.258423 1000.000000 1.000000
1374.632446 1000.000000 1.000000
927.616089 1000.000000 1.000000
1867.802612 1000.000000 1.000000
1169.383301 1000.000000 1.000000
957.000488 1000.000000 1.000000
1694.298218 1000.000000 1.000000
1320.100586 1000.000000 1.000000
1041.058716 1000.000000 1.000000
771.035278 1000.000000 1.000000
1118.139771 1000.000000 1.000000
1204.279053 1000.000000 1.000000
1240.692505 1000.000000 1.000000
984.101501 1000.000000 1.000000
958.332642 1000.000000 1.000000
973.308228 1000.000000 1.000000
1552.448975 1000.000000 1.000000
838.446045 1000.000000 1.000000
1024.881104 1000.000000 1.000000
883.674255 1000.000000 1.000000
705.058472 1000.000000 1.000000
1715.290771 1000.000000 1.000000
1028.637451 1000.000000 1.000000
1025.689575 1000.000000 1.000000
733.167114 1000.000000 1.000000
1214.769531 1000.000000 1.000000
1197.535767 1000.000000 1.000000
947.482056 1000.000000 1.000000
2247.018799 1000.000000 1.000000
1352.542725 1000.000000 1.000000
941.214111 1000.000000 1.000000
1027.768677 1000.000000 1.000000
1392.526123 1000.000000 1.000000
1136.958374 1000.000000 1.000000
849.006409 1000.000000 1.000000
1026.547607 1000.000000 1.000000
1144.587280 1000.000000 1.000000
977.902893 1000.000000 1.000000
1046.127563 1000.000000 1.000000
1019.582886 1000.000000 1.000000
2059.546143 1000.000000 1.000000
938.907227 1000.000000 1.000000
1043.763062 1000.000000 1.000000
830.346436 1000.000000 1.000000
1098.522583 1000.000000 1.000000
861.427673 1000.000000 1.000000
1053.887695 1000.000000 1.000000
1281.471436 1000.000000 1.000000
865.948853 1000.000000 1.000000
1981.135376 1000.000000 1.000000
1244.720947 1000.000000 1.000000
799.826904 1000.000000 1.000000
1366.953613 1000.000000 1.000000
856.434204 1000.000000 1.000000
948.041687 1000.000000 1.000000
840.570557 1000.000000 1.000000
897.236633 1000.000000 1.000000
1200.296875 1000.000000 1.000000
1153.720215 1000.000000 1.000000
1007.306885 1000.000000 1.000000
870.703003 1000.000000 1.000000
1205.365723 1000.000000 1.000000
1015.475281 1000.000000 1.000000
993.442383 1000.000000 1.000000
1092.691284 1000.000000 1.000000
1392.742065 1000.000000 1.000000
1074.001953 1000.000000 1.000000
888.429504 1000.000000 1.000000
1216.240479 1000.000000 1.000000
966.457031 1000.000000 1.000000
1269.791016 1000.000000 1.000000
1465.173218 1000.000000 1.000000
974.379395 1000.000000 1.000000
891.859131 1000.000000 1.000000
1773.670654 1000.000000 1.000000
879.272217 1000.000000 1.000000
1575.196899 1000.000000 1.000000
958.813538 1000.000000 1.000000
982.340881 1000.000000 1.000000
1452.239258 1000.000000 1.000000
2985.090088 1000.000000 1.000000
2030.040405 1000.000000 1.000000
731.474243 1000.000000 1.000000
1212.688599 1000.000000 1.000000
1262.532471 1000.000000 1.000000
2732.459473 1000.000000 1.000000
1124.161499 1000.000000 1.000000
1352.890381 1000.000000 1.000000
894.057678 1000.000000 1.000000
834.993591 1000.000000 1.000000
2612.570068 1000.000000 1.000000
1503.487671 1000.000000 1.000000
1204.407715 1000.000000 1.000000
790.104370 1000.000000 1.000000
951.398254 1000.000000 1.000000
904.367554 1000.000000 1.000000
1201.759277 1000.000000 1.000000
933.284546 1000.000000 1.000000
953.792969 1000.000000 1.000000
1259.155396 1000.000000 1.000000
1071.551392 1000.000000 1.000000
1076.489502 1000.000000 1.000000
1248.696533 1000.000000 1.000000
846.623291 1000.000000 1.000000
491.562042 1000.000000 1.000000
1378.051880 1000.000000 1.000000
1238.608521 1000.000000 1.000000
1099.172974 1000.000000 1.000000
1267.254517 1000.000000 1.000000
963.466675 1000.000000 1.000000
2217.312012 1000.000000 1.000000
1066.139893 1000.000000 1.000000
942.707520 1000.000000 1.000000
3395.821045 1000.000000 1.000000
920.631592 1000.000000 1.000000
2210.858643 1000.000000 1.000000
1141.190430 1000.000000 1.000000
2154.856445 1000.000000 1.000000
2809.869629 1000.000000 1.000000
2489.000732 1000.000000 1.000000
1364.249634 1000.000000 1.000000
849.794006 1000.000000 1.000000
1639.552368 1000.000000 1.000000
1016.533142 1000.000000 1.000000
948.898926 1000.000000 1.000000
1598.576416 1000.000000 1.000000
2997.567383 1000.000000 1.000000
857.522644 1000.000000 1.000000
1206.225464 1000.000000 1.000000
1502.355591 1000.000000 1.000000
806.363464 1000.000000 1.000000
1261.922607 1000.000000 1.000000
854.996338 1000.000000 1.000000
1922.442749 1000.000000 1.000000
1012.963318 1000.000000 1.000000
1023.366760 1000.000000 1.000000
1123.191406 1000.000000 1.000000
2155.076172 1000.000000 1.000000
1079.991699 1000.000000 1.000000
947.214233 1000.000000 1.000000
1190.254883 1000.000000 1.000000
1125.489746 1000.000000 1.000000
1503.238403 1000.000000 1.000000
1705.194702 1000.000000 1.000000
1026.871948 1000.000000 1.000000
1147.965576 1000.000000 1.000000
972.361511 1000.000000 1.000000
1060.137451 1000.000000 1.000000
978.531860 1000.000000 1.000000
1239.508057 1000.000000 1.000000
1040.485962 1000.000000 1.000000
986.026001 1000.000000 1.000000
4941.818359 1000.000000 1.000000
1243.249512 1000.000000 1.000000
933.473145 1000.000000 1.000000
2052.890381 1000.000000 1.000000
1008.599976 1000.000000 1.000000
1088.044312 1000.000000 1.000000
1852.147095 1000.000000 1.000000
896.424561 1000.000000 1.000000
1133.248657 1000.000000 1.000000
843.126038 1000.000000 1.000000
921.484741 1000.000000 1.000000
2924.781494 1000.000000 1.000000
1102.692383 1000.000000 1.000000
893.571655 1000.000000 1.000000
905.605103 1000.000000 1.000000
904.143127 1000.000000 1.000000
936.132019 1000.000000 1.000000
1122.494019 1000.000000 1.000000
1115.305786 1000.000000 1.000000
874.157410 1000.000000 1.000000
1113.704468 1000.000000 1.000000
1071.033691 1000.000000 1.000000
1655.871094 1000.000000 1.000000
921.364502 1000.000000 1.000000
1376.570435 1000.000000 1.000000
890.993713 1000.000000 1.000000
975.011108 1000.000000 1.000000
877.205444 1000.000000 1.000000
1010.216614 1000.000000 1.000000
1268.469482 1000.000000 1.000000
922.859924 1000.000000 1.000000
952.183594 1000.000000 1.000000
853.812683 1000.000000 1.000000
1133.882080 1000.000000 1.000000
1405.051880 1000.000000 1.000000
892.558899 1000.000000 1.000000
975.899963 1000.000000 1.000000
1350.957275 1000.000000 1.000000
895.018799 1000.000000 1.000000
1057.167358 1000.000000 1.000000
1095.830688 1000.000000 1.000000
2077.981689 1000.000000 1.000000
1060.603882 1000.000000 1.000000
1331.034424 1000.000000 1.000000
965.590027 1000.000000 1.000000
1076.822266 1000.000000 1.000000
1094.204834 1000.000000 1.000000
959.840149 1000.000000 1.000000
1044.054810 1000.000000 1.000000
3691.070312 1000.000000 1.000000
936.043335 1000.000000 1.000000
967.550781 1000.000000 1.000000
902.696228 1000.000000 1.000000
1028.158691 1000.000000 1.000000
1588.508179 1000.000000 1.000000
1557.272583 1000.000000 1.000000
1063.734863 1000.000000 1.000000
1781.035522 1000.000000 1.000000
1034.844238 1000.000000 1.000000
780.155396 1000.000000 1.000000
1529.042480 1000.000000 1.000000
994.540466 1000.000000 1.000000
636.885925 1000.000000 1.000000
970.904785 1000.000000 1.000000
909.401245 1000.000000 1.000000
1024.002930 1000.000000 1.000000
1225.760010 1000.000000 1.000000
2695.249268 1000.000000 1.000000
992.010559 1000.000000 1.000000
1044.907227 1000.000000 1.000000
624.879272 1000.000000 1.000000
1362.999634 1000.000000 1.000000
1294.719482 1000.000000 1.000000
1388.821289 1000.000000 1.000000
990.390381 1000.000000 1.000000
1956.953125 1000.000000 1.000000
908.058960 1000.000000 1.000000
1469.071289 1000.000000 1.000000
827.097473 1000.000000 1.000000
1007.350464 1000.000000 1.000000
1053.705933 1000.000000 1.000000
1062.047241 1000.000000 1.000000
955.376892 1000.000000 1.000000
786.276367 1000.000000 1.000000
1415.568237 1000.000000 1.000000
1661.526611 1000.000000 1.000000
1138.148438 1000.000000 1.000000
1168.101318 1000.000000 1.000000
966.016541 1000.000000 1.000000
1254.365723 1000.000000 1.000000
1226.175415 1000.000000 1.000000
1906.963379 1000.000000 1.000000
687.085266 1000.000000 1.000000
1064.533447 1000.000000 1.000000
1078.706055 1000.000000 1.000000
905.921692 1000.000000 1.000000
2300.135986 1000.000000 1.000000
1536.300049 1000.000000 1.000000
832.906311 1000.000000 1.000000
972.409058 1000.000000 1.000000
1215.437256 1000.000000 1.000000
4301.140137 1000.000000 1.000000
911.921875 1000.000000 1.000000
2081.035645 1000.000000 1.000000
2977.337646 1000.000000 1.000000
1816.099487 1000.000000 1.000000
1060.816528 1000.000000 1.000000
886.982544 1000.000000 1.000000
1158.557251 1000.000000 1.000000
1006.048950 1000.000000 1.000000
3869.498535 1000.000000 1.000000
1316.590088 1000.000000 1.000000
717.025024 1000.000000 1.000000
1645.726807 1000.000000 1.000000
1108.506836 1000.000000 1.000000
1608.108521 1000.000000 1.000000
2285.143555 1000.000000 1.000000
905.053162 1000.000000 1.000000
1282.281494 1000.000000 1.000000
1128.015503 1000.000000 1.000000
880.747864 1000.000000 1.000000
827.030884 1000.000000 1.000000
1248.747192 1000.000000 1.000000
1165.512085 1000.000000 1.000000
1016.948364 1000.000000 1.000000
1060.689575 1000.000000 1.000000
853.866760 1000.000000 1.000000
1069.687866 1000.000000 1.000000
1016.124451 1000.000000 1.000000
1076.281494 1000.000000 1.000000
1027.842651 1000.000000 1.000000
958.500671 1000.000000 1.000000
982.465088 1000.000000 1.000000
1579.607178 1000.000000 1.000000
914.111450 1000.000000 1.000000
1692.740234 1000.000000 1.000000
1121.711670 1000.000000 1.000000
1816.951294 1000.000000 1.000000
649.076294 1000.000000 1.000000
2794.439209 1000.000000 1.000000
1427.198853 1000.000000 1.000000
1123.751221 1000.000000 1.000000
1175.758057 1000.000000 1.000000
960.944702 1000.000000 1.000000
786.508667 1000.000000 1.000000
861.109802 1000.000000 1.000000
1530.021973 1000.000000 1.000000
884.513977 1000.000000 1.000000
944.283875 1000.000000 1.000000
937.255493 1000.000000 1.000000
1219.151978 1000.000000 1.000000
734.526917 1000.000000 1.000000
1459.414917 1000.000000 1.000000
1163.564941 1000.000000 1.000000
915.689880 1000.000000 1.000000
1133.759644 1000.000000 1.000000
974.430115 1000.000000 1.000000
785.115234 1000.000000 1.000000
1107.362915 1000.000000 1.000000
771.070679 1000.000000 1.000000
1710.497925 1000.000000 1.000000
863.589172 1000.000000 1.000000
922.894470 1000.000000 1.000000
958.452637 1000.000000 1.000000
2622.745850 1000.000000 1.000000
2061.269775 1000.000000 1.000000
1105.373291 1000.000000 1.000000
2547.829834 1000.000000 1.000000
4266.440430 1000.000000 1.000000
791.938538 1000.000000 1.000000
1220.652466 1000.000000 1.000000
