1935.461670 700.000000 1.000000
663.684204 700.000000 1.000000
1090.503174 700.000000 1.000000
703.279602 700.000000 1.000000
778.372437 700.000000 1.000000
886.763489 700.000000 1.000000
689.937439 700.000000 1.000000
649.422668 700.000000 1.000000
725.951355 700.000000 1.000000
1043.136719 700.000000 1.000000
651.190918 700.000000 1.000000
2101.136963 700.000000 1.000000
765.320496 700.000000 1.000000
855.018005 700.000000 1.000000
1083.492432 700.000000 1.000000
715.199341 700.000000 1.000000
681.102966 700.000000 1.000000
589.585266 700.000000 1.000000
604.066528 700.000000 1.000000
3260.224365 700.000000 1.000000
1253.722656 700.000000 1.000000
692.163208 700.000000 1.000000
556.334167 700.000000 1.000000
838.141052 700.000000 1.000000
812.257202 700.000000 1.000000
892.270020 700.000000 1.000000
893.584778 700.000000 1.000000
1145.397339 700.000000 1.000000
1717.648071 700.000000 1.000000
735.634094 700.000000 1.000000
1052.011108 700.000000 1.000000
1070.845337 700.000000 1.000000
732.913635 700.000000 1.000000
1240.087891 700.000000 1.000000
672.122559 700.000000 1.000000
598.774353 700.000000 1.000000
1148.612183 700.000000 1.000000
639.723877 700.000000 1.000000
891.609985 700.000000 1.000000
700.859253 700.000000 1.000000
972.826355 700.000000 1.000000
1106.185791 700.000000 1.000000
438.568207 700.000000 1.000000
683.619507 700.000000 1.000000
747.460693 700.000000 1.000000
852.146606 700.000000 1.000000
603.169983 700.000000 1.000000
1173.104492 700.000000 1.000000
1016.809875 700.000000 1.000000
678.314148 700.000000 1.000000
621.699097 700.000000 1.000000
1228.319580 700.000000 1.000000
675.812256 700.000000 1.000000
638.541809 700.000000 1.000000
2193.303223 700.000000 1.000000
703.454651 700.000000 1.000000
593.010010 700.000000 1.000000
1208.997314 700.000000 1.000000
1376.894775 700.000000 1.000000
515.004395 700.000000 1.000000
621.305786 700.000000 1.000000
1616.687134 700.000000 1.000000
1638.475830 700.000000 1.000000
644.152344 700.000000 1.000000
369.275116 700.000000 1.000000
2720.458496 700.000000 1.000000
1573.428101 700.000000 1.000000
732.223755 700.000000 1.000000
1597.695312 700.000000 1.000000
1572.600830 700.000000 1.000000
886.273987 700.000000 1.000000
1355.923706 700.000000 1.000000
1495.246582 700.000000 1.000000
1329.449341 700.000000 1.000000
801.328613 700.000000 1.000000
971.348328 700.000000 1.000000
578.500244 700.000000 1.000000
740.718079 700.000000 1.000000
751.233215 700.000000 1.000000
653.404419 700.000000 1.000000
847.158386 700.000000 1.000000
1177.626831 700.000000 1.000000
960.360229 700.000000 1.000000
691.505371 700.000000 1.000000
823.298096 700.000000 1.000000
650.774719 700.000000 1.000000
1477.224487 700.000000 1.000000
996.377991 700.000000 1.000000
806.094910 700.000000 1.000000
901.136536 700.000000 1.000000
705.449768 700.000000 1.000000
672.633057 700.000000 1.000000
788.125000 700.000000 1.000000
1868.091309 700.000000 1.000000
586.708313 700.000000 1.000000
684.273682 700.000000 1.000000
703.364685 700.000000 1.000000
897.719482 700.000000 1.000000
726.725525 700.000000 1.000000
622.473145 700.000000 1.000000
703.695007 700.000000 1.000000
677.033386 700.000000 1.000000
917.627808 700.000000 1.000000
576.206238 700.000000 1.000000
544.717957 700.000000 1.000000
1026.320312 700.000000 1.000000
747.034180 700.000000 1.000000
824.780823 700.000000 1.000000
1402.701294 700.000000 1.000000
691.865295 700.000000 1.000000
760.830627 700.000000 1.000000
1819.064697 700.000000 1.000000
453.946136 700.000000 1.000000
633.225647 700.000000 1.000000
690.809082 700.000000 1.000000
790.896484 700.000000 1.000000
686.744202 700.000000 1.000000
782.573242 700.000000 1.000000
819.949524 700.000000 1.000000
987.677368 700.000000 1.000000
723.677246 700.000000 1.000000
679.224182 700.000000 1.000000
1022.153076 700.000000 1.000000
1645.901611 700.000000 1.000000
1009.118530 700.000000 1.000000
1715.464233 700.000000 1.000000
1372.660889 700.000000 1.000000
1137.437622 700.000000 1.000000
673.297241 700.000000 1.000000
823.004395 700.000000 1.000000
1219.949951 700.000000 1.000000
848.388916 700.000000 1.000000
739.971802 700.000000 1.000000
893.727722 700.000000 1.000000
823.812805 700.000000 1.000000
534.898621 700.000000 1.000000
746.743164 700.000000 1.000000
592.958069 700.000000 1.000000
1243.191772 700.000000 1.000000
706.239136 700.000000 1.000000
499.658661 700.000000 1.000000
717.097656 700.000000 1.000000
627.044128 700.000000 1.000000
1443.574097 700.000000 1.000000
952.227844 700.000000 1.000000
794.472473 700.000000 1.000000
747.310791 700.000000 1.000000
727.265015 700.000000 1.000000
1173.393066 700.000000 1.000000
1159.419800 700.000000 1.000000
454.941132 700.000000 1.000000
658.384094 700.000000 1.000000
594.315735 700.000000 1.000000
623.935547 700.000000 1.000000
776.492798 700.000000 1.000000
1219.612915 700.000000 1.000000
729.363342 700.000000 1.000000
827.866943 700.000000 1.000000
568.698975 700.000000 1.000000
664.695679 700.000000 1.000000
587.341736 700.000000 1.000000
828.940613 700.000000 1.000000
644.449951 700.000000 1.000000
959.204773 700.000000 1.000000
1375.832520 700.000000 1.000000
1367.335083 700.000000 1.000000
912.297791 700.000000 1.000000
1532.368652 700.000000 1.000000
568.102722 700.000000 1.000000
928.625671 700.000000 1.000000
537.198547 700.000000 1.000000
643.178711 700.000000 1.000000
706.013428 700.000000 1.000000
597.939209 700.000000 1.000000
1917.954224 700.000000 1.000000
794.895813 700.000000 1.000000
604.871216 700.000000 1.000000
640.775146 700.000000 1.000000
1574.649780 700.000000 1.000000
636.750977 700.000000 1.000000
600.668823 700.000000 1.000000
638.129272 700.000000 1.000000
1673.513306 700.000000 1.000000
1263.837524 700.000000 1.000000
1418.723145 700.000000 1.000000
535.290466 700.000000 1.000000
663.896362 700.000000 1.000000
1230.758301 700.000000 1.000000
891.427917 700.000000 1.000000
799.976440 700.000000 1.000000
686.246643 700.000000 1.000000
661.313782 700.000000 1.000000
1248.674194 700.000000 1.000000
738.279480 700.000000 1.000000
959.843994 700.000000 1.000000
999.159973 700.000000 1.000000
769.759155 700.000000 1.000000
727.365784 700.000000 1.000000
1228.921143 700.000000 1.000000
1679.739380 700.000000 1.000000
746.093933 700.000000 1.000000
993.253540 700.000000 1.000000
779.386292 700.000000 1.000000
689.473328 700.000000 1.000000
572.309937 700.000000 1.000000
783.704651 700.000000 1.000000
1147.652466 700.000000 1.000000
555.394348 700.000000 1.000000
1314.429077 700.000000 1.000000
1548.276611 700.000000 1.000000
729.209045 700.000000 1.000000
1131.889038 700.000000 1.000000
572.468811 700.000000 1.000000
1109.270996 700.000000 1.000000
666.555603 700.000000 1.000000
909.782898 700.000000 1.000000
1446.299805 700.000000 1.000000
924.169678 700.000000 1.000000
722.026917 700.000000 1.000000
698.304626 700.000000 1.000000
731.819275 700.000000 1.000000
681.224548 700.000000 1.000000
707.160522 700.000000 1.000000
700.075439 700.000000 1.000000
589.597229 700.000000 1.000000
1550.960815 700.000000 1.000000
521.113525 700.000000 1.000000
734.076660 700.000000 1.000000
752.255249 700.000000 1.000000
640.430115 700.000000 1.000000
641.777588 700.000000 1.000000
1278.282471 700.000000 1.000000
927.668640 700.000000 1.000000
950.267639 700.000000 1.000000
970.091125 700.000000 1.000000
604.087402 700.000000 1.000000
672.857422 700.000000 1.000000
1042.262329 700.000000 1.000000
764.607910 700.000000 1.000000
1045.411011 700.000000 1.000000
848.264221 700.000000 1.000000
694.348450 700.000000 1.000000
848.093323 700.000000 1.000000
1072.286133 700.000000 1.000000
901.634644 700.000000 1.000000
826.708923 700.000000 1.000000
764.265869 700.000000 1.000000
793.645447 700.000000 1.000000
832.403442 700.000000 1.000000
848.143311 700.000000 1.000000
816.990173 700.000000 1.000000
860.695312 700.000000 1.000000
1071.696533 700.000000 1.000000
990.153992 700.000000 1.000000
899.505920 700.000000 1.000000
1607.919800 700.000000 1.000000
1016.253479 700.000000 1.000000
1411.178467 700.000000 1.000000
693.226074 700.000000 1.000000
677.445923 700.000000 1.000000
813.427429 700.000000 1.000000
496.934845 700.000000 1.000000
885.246033 700.000000 1.000000
854.327942 700.000000 1.000000
511.664703 700.000000 1.000000
849.319580 700.000000 1.000000
798.470703 700.000000 1.000000
597.954590 700.000000 1.000000
764.427063 700.000000 1.000000
913.634155 700.000000 1.000000
557.735840 700.000000 1.000000
1056.560913 700.000000 1.000000
1806.160400 700.000000 1.000000
955.849609 700.000000 1.000000
711.970947 700.000000 1.000000
420.980835 700.000000 1.000000
636.364319 700.000000 1.000000
1238.355957 700.000000 1.000000
844.650085 700.000000 1.000000
673.010437 700.000000 1.000000
761.096619 700.000000 1.000000
992.941467 700.000000 1.000000
783.666809 700.000000 1.000000
586.591370 700.000000 1.000000
1358.782593 700.000000 1.000000
723.687439 700.000000 1.000000
451.361603 700.000000 1.000000
682.921570 700.000000 1.000000
763.959106 700.000000 1.000000
784.394226 700.000000 1.000000
637.168579 700.000000 1.000000
2422.883789 700.000000 1.000000
1585.451660 700.000000 1.000000
558.013916 700.000000 1.000000
1523.701416 700.000000 1.000000
733.639465 700.000000 1.000000
943.683105 700.000000 1.000000
545.202881 700.000000 1.000000
682.298889 700.000000 1.000000
767.358337 700.000000 1.000000
692.525208 700.000000 1.000000
482.028290 700.000000 1.000000
620.865417 700.000000 1.000000
702.786865 700.000000 1.000000
1346.394165 700.000000 1.000000
642.517883 700.000000 1.000000
844.574097 700.000000 1.000000
652.594116 700.000000 1.000000
757.556152 700.000000 1.000000
604.622437 700.000000 1.000000
771.726868 700.000000 1.000000
671.977722 700.000000 1.000000
679.327698 700.000000 1.000000
735.941895 700.000000 1.000000
1267.220337 700.000000 1.000000
697.161438 700.000000 1.000000
536.149536 700.000000 1.000000
726.376648 700.000000 1.000000
606.405151 700.000000 1.000000
598.846863 700.000000 1.000000
657.723511 700.000000 1.000000
937.541016 700.000000 1.000000
1351.622437 700.000000 1.000000
1552.248657 700.000000 1.000000
643.309570 700.000000 1.000000
672.792542 700.000000 1.000000
695.414917 700.000000 1.000000
940.959778 700.000000 1.000000
634.457458 700.000000 1.000000
523.588867 700.000000 1.000000
659.460388 700.000000 1.000000
970.776611 700.000000 1.000000
527.372192 700.000000 1.000000
724.569702 700.000000 1.000000
1353.533936 700.000000 1.000000
1808.762573 700.000000 1.000000
1316.501587 700.000000 1.000000
728.521973 700.000000 1.000000
644.128662 700.000000 1.000000
821.663269 700.000000 1.000000
751.182678 700.000000 1.000000
541.479980 700.000000 1.000000
2061.941406 700.000000 1.000000
578.106018 700.000000 1.000000
679.750610 700.000000 1.000000
1151.568604 700.000000 1.000000
594.647339 700.000000 1.000000
1365.176025 700.000000 1.000000
1106.281372 700.000000 1.000000
842.536377 700.000000 1.000000
1266.883667 700.000000 1.000000
783.768311 700.000000 1.000000
655.013428 700.000000 1.000000
649.052612 700.000000 1.000000
551.396423 700.000000 1.000000
886.558167 700.000000 1.000000
714.965820 700.000000 1.000000
948.230957 700.000000 1.000000
904.592651 700.000000 1.000000
1264.033691 700.000000 1.000000
748.659241 700.000000 1.000000
1085.808472 700.000000 1.000000
840.211670 700.000000 1.000000
1037.706299 700.000000 1.000000
751.905518 700.000000 1.000000
970.603088 700.000000 1.000000
688.927246 700.000000 1.000000
860.730225 700.000000 1.000000
597.376221 700.000000 1.000000
1378.276489 700.000000 1.000000
1214.083618 700.000000 1.000000
676.858887 700.000000 1.000000
790.218994 700.000000 1.000000
708.198242 700.000000 1.000000
1098.518921 700.000000 1.000000
626.836426 700.000000 1.000000
809.390015 700.000000 1.000000
682.921143 700.000000 1.000000
959.997131 700.000000 1.000000
625.590088 700.000000 1.000000
721.161255 700.000000 1.000000
1110.467896 700.000000 1.000000
654.088989 700.000000 1.000000
584.808472 700.000000 1.000000
961.960754 700.000000 1.000000
1275.584595 700.000000 1.000000
719.529175 700.000000 1.000000
1055.428955 700.000000 1.000000
688.383728 700.000000 1.000000
1094.274780 700.000000 1.000000
699.956604 700.000000 1.000000
739.737671 700.000000 1.000000
724.183228 700.000000 1.000000
647.217224 700.000000 1.000000
979.257019 700.000000 1.000000
1206.064209 700.000000 1.000000
607.815002 700.000000 1.000000
1616.726196 700.000000 1.000000
1132.999268 700.000000 1.000000
659.005981 700.000000 1.000000
963.231506 700.000000 1.000000
995.222656 700.000000 1.000000
889.082397 700.000000 1.000000
1247.305908 700.000000 1.000000
684.293823 700.000000 1.000000
494.160980 700.000000 1.000000
612.432617 700.000000 1.000000
831.979309 700.000000 1.000000
748.014771 700.000000 1.000000
958.627808 700.000000 1.000000
657.149475 700.000000 1.000000
709.972778 700.000000 1.000000
1215.119507 700.000000 1.000000
931.534729 700.000000 1.000000
1039.755859 700.000000 1.000000
650.159668 700.000000 1.000000
1034.733032 700.000000 1.000000
604.875854 700.000000 1.000000
534.160583 700.000000 1.000000
705.452576 700.000000 1.000000
715.194763 700.000000 1.000000
892.321167 700.000000 1.000000
912.346741 700.000000 1.000000
1551.452637 700.000000 1.000000
519.884277 700.000000 1.000000
687.558289 700.000000 1.000000
953.529785 700.000000 1.000000
670.854431 700.000000 1.000000
624.588074 700.000000 1.000000
735.731445 700.000000 1.000000
782.738525 700.000000 1.000000
649.278015 700.000000 1.000000
724.331543 700.000000 1.000000
659.287170 700.000000 1.000000
2142.372803 700.000000 1.000000
652.789062 700.000000 1.000000
456.697906 700.000000 1.000000
544.936462 700.000000 1.000000
809.232117 700.000000 1.000000
969.425232 700.000000 1.000000
782.749023 700.000000 1.000000
862.492676 700.000000 1.000000
711.971252 700.000000 1.000000
1184.552124 700.000000 1.000000
720.538818 700.000000 1.000000
654.894409 700.000000 1.000000
579.741089 700.000000 1.000000
601.516602 700.000000 1.000000
586.897400 700.000000 1.000000
634.038330 700.000000 1.000000
850.666199 700.000000 1.000000
758.668335 700.000000 1.000000
584.961853 700.000000 1.000000
607.090149 700.000000 1.000000
1012.640442 700.000000 1.000000
603.191833 700.000000 1.000000
1157.424927 700.000000 1.000000
674.738953 700.000000 1.000000
1041.203613 700.000000 1.000000
639.201233 700.000000 1.000000
899.527222 700.000000 1.000000
1171.091553 700.000000 1.000000
754.309387 700.000000 1.000000
957.649902 700.000000 1.000000
993.022827 700.000000 1.000000
809.435608 700.000000 1.000000
661.742920 700.000000 1.000000
811.190247 700.000000 1.000000
483.935059 700.000000 1.000000
621.008911 700.000000 1.000000
1174.229126 700.000000 1.000000
540.391541 700.000000 1.000000
825.763733 700.000000 1.000000
611.952209 700.000000 1.000000
1424.109253 700.000000 1.000000
619.626831 700.000000 1.000000
638.218323 700.000000 1.000000
1031.606689 700.000000 1.000000
721.808960 700.000000 1.000000
654.959473 700.000000 1.000000
655.120300 700.000000 1.000000
1185.926514 700.000000 1.000000
1012.254272 700.000000 1.000000
1364.199707 700.000000 1.000000
779.608276 700.000000 1.000000
664.754028 700.000000 1.000000
2617.540039 700.000000 1.000000
1301.866699 700.000000 1.000000
669.461609 700.000000 1.000000
687.782043 700.000000 1.000000
841.256836 700.000000 1.000000
876.957825 700.000000 1.000000
618.845032 700.000000 1.000000
629.397827 700.000000 1.000000
1075.177734 700.000000 1.000000
1397.037109 700.000000 1.000000
677.395142 700.000000 1.000000
577.214355 700.000000 1.000000
620.370300 700.000000 1.000000
1131.836426 700.000000 1.000000
737.742737 700.000000 1.000000
730.975220 700.000000 1.000000
1185.260498 700.000000 1.000000
627.939880 700.000000 1.000000
992.247986 700.000000 1.000000
793.723267 700.000000 1.000000
684.685791 700.000000 1.000000
694.279968 700.000000 1.000000
857.465210 700.000000 1.000000
1422.737061 700.000000 1.000000
624.052063 700.000000 1.000000
1094.312378 700.000000 1.000000
706.314819 700.000000 1.000000
747.069763 700.000000 1.000000
1892.593994 700.000000 1.000000
625.508850 700.000000 1.000000
922.591858 700.000000 1.000000
619.412109 700.000000 1.000000
871.337402 700.000000 1.000000
645.342896 700.000000 1.000000
657.158630 700.000000 1.000000
720.622864 700.000000 1.000000
1062.485840 700.000000 1.000000
703.686890 700.000000 1.000000
686.948547 700.000000 1.000000
574.248230 700.000000 1.000000
681.099609 700.000000 1.000000
1638.808838 700.000000 1.000000
661.513245 700.000000 1.000000
642.923096 700.000000 1.000000
2272.960205 700.000000 1.000000
664.725952 700.000000 1.000000
1021.446472 700.000000 1.000000
761.562622 700.000000 1.000000
1221.689819 700.000000 1.000000
715.972107 700.000000 1.000000
737.615845 700.000000 1.000000
1434.342896 700.000000 1.000000
720.257263 700.000000 1.000000
762.167175 700.000000 1.000000
833.849487 700.000000 1.000000
706.588867 700.000000 1.000000
718.035767 700.000000 1.000000
723.138306 700.000000 1.000000
1268.648438 700.000000 1.000000
723.908630 700.000000 1.000000
556.216553 700.000000 1.000000
507.273529 700.000000 1.000000
689.795959 700.000000 1.000000
842.843628 700.000000 1.000000
669.848938 700.000000 1.000000
1126.334473 700.000000 1.000000
1225.335815 700.000000 1.000000
600.979370 700.000000 1.000000
3656.118408 700.000000 1.000000
1287.609985 700.000000 1.000000
1400.171875 700.000000 1.000000
795.723145 700.000000 1.000000
1464.425415 700.000000 1.000000
826.859497 700.000000 1.000000
772.460205 700.000000 1.000000
703.881348 700.000000 1.000000
1185.303101 700.000000 1.000000
693.159302 700.000000 1.000000
870.804993 700.000000 1.000000
563.345337 700.000000 1.000000
880.128784 700.000000 1.000000
828.729004 700.000000 1.000000
842.886658 700.000000 1.000000
770.316711 700.000000 1.000000
721.591675 700.000000 1.000000
868.235107 700.000000 1.000000
729.732910 700.000000 1.000000
648.344543 700.000000 1.000000
857.799927 700.000000 1.000000
606.709900 700.000000 1.000000
729.725464 700.000000 1.000000
2203.066406 700.000000 1.000000
1046.908325 700.000000 1.000000
1184.921387 700.000000 1.000000
653.653320 700.000000 1.000000
609.761353 700.000000 1.000000
1708.575317 700.000000 1.000000
763.960815 700.000000 1.000000
976.127136 700.000000 1.000000
689.550171 700.000000 1.000000
432.073700 700.000000 1.000000
576.496460 700.000000 1.000000
988.574646 700.000000 1.000000
932.462830 700.000000 1.000000
583.425110 700.000000 1.000000
780.502502 700.000000 1.000000
691.835693 700.000000 1.000000
1286.255005 700.000000 1.000000
797.842224 700.000000 1.000000
937.767151 700.000000 1.000000
681.222595 700.000000 1.000000
603.944702 700.000000 1.000000
708.334290 700.000000 1.000000
761.870911 700.000000 1.000000
787.548218 700.000000 1.000000
702.906372 700.000000 1.000000
703.715759 700.000000 1.000000
965.495483 700.000000 1.000000
969.152588 700.000000 1.000000
734.758789 700.000000 1.000000
694.397461 700.000000 1.000000
876.305359 700.000000 1.000000
889.284851 700.000000 1.000000
707.809448 700.000000 1.000000
509.056366 700.000000 1.000000
590.344727 700.000000 1.000000
2304.864014 700.000000 1.000000
973.566772 700.000000 1.000000
762.066284 700.000000 1.000000
1084.427246 700.000000 1.000000
1260.468018 700.000000 1.000000
627.243958 700.000000 1.000000
647.306946 700.000000 1.000000
1187.346069 700.000000 1.000000
824.481873 700.000000 1.000000
691.424988 700.000000 1.000000
846.260864 700.000000 1.000000
794.198364 700.000000 1.000000
776.366028 700.000000 1.000000
599.220093 700.000000 1.000000
770.661560 700.000000 1.000000
701.604187 700.000000 1.000000
663.979797 700.000000 1.000000
1360.041626 700.000000 1.000000
652.535950 700.000000 1.000000
746.814392 700.000000 1.000000
508.206238 700.000000 1.000000
664.903076 700.000000 1.000000
1172.596924 700.000000 1.000000
1040.376221 700.000000 1.000000
913.219238 700.000000 1.000000
1738.480591 700.000000 1.000000
625.157654 700.000000 1.000000
1402.780273 700.000000 1.000000
1185.077759 700.000000 1.000000
809.321228 700.000000 1.000000
1029.729004 700.000000 1.000000
579.303223 700.000000 1.000000
558.805786 700.000000 1.000000
667.310486 700.000000 1.000000
732.656433 700.000000 1.000000
667.808655 700.000000 1.000000
717.221436 700.000000 1.000000
879.012817 700.000000 1.000000
1206.971313 700.000000 1.000000
1158.951172 700.000000 1.000000
1601.531860 700.000000 1.000000
700.953735 700.000000 1.000000
699.047363 700.000000 1.000000
2125.154541 700.000000 1.000000
486.831970 700.000000 1.000000
964.418640 700.000000 1.000000
1158.139160 700.000000 1.000000
629.056274 700.000000 1.000000
953.111389 700.000000 1.000000
678.905029 700.000000 1.000000
741.901794 700.000000 1.000000
760.254089 700.000000 1.000000
606.347595 700.000000 1.000000
1022.240356 700.000000 1.000000
1145.408813 700.000000 1.000000
742.458008 700.000000 1.000000
749.303406 700.000000 1.000000
792.413696 700.000000 1.000000
1183.590454 700.000000 1.000000
1613.261841 700.000000 1.000000
969.921875 700.000000 1.000000
1221.773315 700.000000 1.000000
793.565552 700.000000 1.000000
1404.913452 700.000000 1.000000
804.204407 700.000000 1.000000
696.138062 700.000000 1.000000
812.591675 700.000000 1.000000
1130.530151 700.000000 1.000000
791.876648 700.000000 1.000000
917.674255 700.000000 1.000000
672.183411 700.000000 1.000000
1181.778931 700.000000 1.000000
838.478149 700.000000 1.000000
732.397827 700.000000 1.000000
761.026794 700.000000 1.000000
638.497498 700.000000 1.000000
678.896851 700.000000 1.000000
1075.977173 700.000000 1.000000
723.568359 700.000000 1.000000
895.391052 700.000000 1.000000
671.409302 700.000000 1.000000
760.486267 700.000000 1.000000
676.622620 700.000000 1.000000
757.612244 700.000000 1.000000
859.035217 700.000000 1.000000
1042.500732 700.000000 1.000000
470.874390 700.000000 1.000000
645.989746 700.000000 1.000000
728.082703 700.000000 1.000000
721.349670 700.000000 1.000000
1067.804321 700.000000 1.000000
702.053528 700.000000 1.000000
827.936462 700.000000 1.000000
1234.452759 700.000000 1.000000
1220.826538 700.000000 1.000000
878.358826 700.000000 1.000000
699.096436 700.000000 1.000000
846.579956 700.000000 1.000000
750.989746 700.000000 1.000000
633.964050 700.000000 1.000000
871.042969 700.000000 1.000000
963.254150 700.000000 1.000000
623.942993 700.000000 1.000000
703.000000 700.000000 1.000000
595.966858 700.000000 1.000000
725.535950 700.000000 1.000000
1430.137451 700.000000 1.000000
928.734070 700.000000 1.000000
855.189697 700.000000 1.000000
1784.334717 700.000000 1.000000
616.317261 700.000000 1.000000
895.877930 700.000000 1.000000
570.715393 700.000000 1.000000
1165.051270 700.000000 1.000000
1720.743652 700.000000 1.000000
674.575989 700.000000 1.000000
937.472473 700.000000 1.000000
699.017639 700.000000 1.000000
809.102295 700.000000 1.000000
1552.726562 700.000000 1.000000
648.044983 700.000000 1.000000
888.716492 700.000000 1.000000
808.209473 700.000000 1.000000
1613.650879 700.000000 1.000000
376.108398 700.000000 1.000000
632.492859 700.000000 1.000000
847.975220 700.000000 1.000000
992.712646 700.000000 1.000000
835.164368 700.000000 1.000000
1339.836182 700.000000 1.000000
632.484375 700.000000 1.000000
1304.971680 700.000000 1.000000
936.013489 700.000000 1.000000
719.151123 700.000000 1.000000
635.695129 700.000000 1.000000
744.500671 700.000000 1.000000
1164.004272 700.000000 1.000000
645.892822 700.000000 1.000000
735.596375 700.000000 1.000000
748.343323 700.000000 1.000000
549.480164 700.000000 1.000000
645.060486 700.000000 1.000000
550.775940 700.000000 1.000000
649.089050 700.000000 1.000000
737.161133 700.000000 1.000000
741.695435 700.000000 1.000000
692.157471 700.000000 1.000000
2281.713623 700.000000 1.000000
805.096191 700.000000 1.000000
524.864075 700.000000 1.000000
2013.731934 700.000000 1.000000
581.620789 700.000000 1.000000
764.469666 700.000000 1.000000
626.993286 700.000000 1.000000
724.023254 700.000000 1.000000
889.179138 700.000000 1.000000
662.833557 700.000000 1.000000
649.010742 700.000000 1.000000
917.703430 700.000000 1.000000
1629.870361 700.000000 1.000000
894.332520 700.000000 1.000000
721.775330 700.000000 1.000000
747.303772 700.000000 1.000000
610.599915 700.000000 1.000000
1030.964233 700.000000 1.000000
940.269897 700.000000 1.000000
1318.459961 700.000000 1.000000
1318.246704 700.000000 1.000000
504.809723 700.000000 1.000000
812.343323 700.000000 1.000000
636.691223 700.000000 1.000000
559.344177 700.000000 1.000000
875.185547 700.000000 1.000000
770.520935 700.000000 1.000000
705.859619 700.000000 1.000000
1115.919678 700.000000 1.000000
951.439575 700.000000 1.000000
2298.608398 700.000000 1.000000
638.905273 700.000000 1.000000
889.483948 700.000000 1.000000
991.394409 700.000000 1.000000
793.565247 700.000000 1.000000
741.116394 700.000000 1.000000
1498.313477 700.000000 1.000000
575.715515 700.000000 1.000000
579.093384 700.000000 1.000000
583.225586 700.000000 1.000000
2429.746338 700.000000 1.000000
748.656067 700.000000 1.000000
819.704773 700.000000 1.000000
873.619141 700.000000 1.000000
881.630432 700.000000 1.000000
1855.781250 700.000000 1.000000
784.905823 700.000000 1.000000
1121.697876 700.000000 1.000000
987.446899 700.000000 1.000000
698.031433 700.000000 1.000000
782.369934 700.000000 1.000000
854.793152 700.000000 1.000000
909.856750 700.000000 1.000000
613.073364 700.000000 1.000000
555.066040 700.000000 1.000000
684.509888 700.000000 1.000000
900.998718 700.000000 1.000000
734.952576 700.000000 1.000000
906.086304 700.000000 1.000000
582.748657 700.000000 1.000000
1289.648071 700.000000 1.000000
633.090332 700.000000 1.000000
908.396729 700.000000 1.000000
1028.428101 700.000000 1.000000
502.543976 700.000000 1.000000
729.817627 700.000000 1.000000
710.575073 700.000000 1.000000
646.794250 700.000000 1.000000
999.140747 700.000000 1.000000
1101.256226 700.000000 1.000000
1374.218994 700.000000 1.000000
662.682251 700.000000 1.000000
654.682983 700.000000 1.000000
589.348206 700.000000 1.000000
1324.060791 700.000000 1.000000
589.087341 700.000000 1.000000
687.058899 700.000000 1.000000
905.669128 700.000000 1.000000
544.761230 700.000000 1.000000
688.066772 700.000000 1.000000
888.343872 700.000000 1.000000
778.703979 700.000000 1.000000
1097.115112 700.000000 1.000000
711.155090 700.000000 1.000000
1029.067017 700.000000 1.000000
1035.328003 700.000000 1.000000
673.873535 700.000000 1.000000
918.485168 700.000000 1.000000
1089.035767 700.000000 1.000000
837.220825 700.000000 1.000000
819.144836 700.000000 1.000000
767.551880 700.000000 1.000000
769.373474 700.000000 1.000000
839.028137 700.000000 1.000000
491.680511 700.000000 1.000000
1387.591309 700.000000 1.000000
716.113892 700.000000 1.000000
889.250488 700.000000 1.000000
835.276306 700.000000 1.000000
574.357178 700.000000 1.000000
953.103577 700.000000 1.000000
636.039551 700.000000 1.000000
2328.677979 700.000000 1.000000
664.970215 700.000000 1.000000
1092.364868 700.000000 1.000000
1850.289062 700.000000 1.000000
803.643555 700.000000 1.000000
727.856018 700.000000 1.000000
645.994446 700.000000 1.000000
624.542053 700.000000 1.000000
1493.114746 700.000000 1.000000
584.169312 700.000000 1.000000
711.598755 700.000000 1.000000
1398.593384 700.000000 1.000000
473.561615 700.000000 1.000000
674.970825 700.000000 1.000000
663.228516 700.000000 1.000000
1477.483643 700.000000 1.000000
624.488525 700.000000 1.000000
673.775085 700.000000 1.000000
838.132446 700.000000 1.000000
880.406738 700.000000 1.000000
1542.239868 700.000000 1.000000
685.612854 700.000000 1.000000
1599.803467 700.000000 1.000000
701.103699 700.000000 1.000000
631.306396 700.000000 1.000000
739.095642 700.000000 1.000000
1251.468384 700.000000 1.000000
1682.263550 700.000000 1.000000
1946.188477 700.000000 1.000000
1054.381714 700.000000 1.000000
939.742249 700.000000 1.000000
674.132263 700.000000 1.000000
625.173889 700.000000 1.000000
629.350159 700.000000 1.000000
624.277222 700.000000 1.000000
1296.216919 700.000000 1.000000
626.153748 700.000000 1.000000
893.289673 700.000000 1.000000
860.072327 700.000000 1.000000
541.451660 700.000000 1.000000
690.107422 700.000000 1.000000
783.465027 700.000000 1.000000
1217.423706 700.000000 1.000000
741.073914 700.000000 1.000000
544.258301 700.000000 1.000000
812.392456 700.000000 1.000000
1240.852905 700.000000 1.000000
601.296570 700.000000 1.000000
720.754944 700.000000 1.000000
1315.011475 700.000000 1.000000
677.033203 700.000000 1.000000
633.320251 700.000000 1.000000
907.322144 700.000000 1.000000
646.703918 700.000000 1.000000
747.584229 700.000000 1.000000
761.969849 700.000000 1.000000
892.809143 700.000000 1.000000
531.006653 700.000000 1.000000
1058.421021 700.000000 1.000000
648.403198 700.000000 1.000000
1007.425781 700.000000 1.000000
1038.785767 700.000000 1.000000
627.283508 700.000000 1.000000
1429.651245 700.000000 1.000000
697.138916 700.000000 1.000000
1595.825928 700.000000 1.000000
791.731628 700.000000 1.000000
836.574890 700.000000 1.000000
688.498047 700.000000 1.000000
1067.721558 700.000000 1.000000
600.383728 700.000000 1.000000
1398.973633 700.000000 1.000000
475.067169 700.000000 1.000000
1038.645386 700.000000 1.000000
790.127319 700.000000 1.000000
1013.052917 700.000000 1.000000
1049.487427 700.000000 1.000000
1091.253662 700.000000 1.000000
662.806213 700.000000 1.000000
779.656311 700.000000 1.000000
640.852905 700.000000 1.000000
693.380554 700.000000 1.000000
706.133667 700.000000 1.000000
667.614868 700.000000 1.000000
670.928711 700.000000 1.000000
737.975037 700.000000 1.000000
848.546326 700.000000 1.000000
1340.442871 700.000000 1.000000
685.700806 700.000000 1.000000
768.883545 700.000000 1.000000
1311.479492 700.000000 1.000000
614.529968 700.000000 1.000000
641.765991 700.000000 1.000000
1342.165771 700.000000 1.000000
1121.071655 700.000000 1.000000
814.168030 700.000000 1.000000
872.260376 700.000000 1.000000
818.502258 700.000000 1.000000
1245.580078 700.000000 1.000000
412.340485 700.000000 1.000000
613.345886 700.000000 1.000000
928.028625 700.000000 1.000000
727.849976 700.000000 1.000000
722.784973 700.000000 1.000000
842.688843 700.000000 1.000000
857.097168 700.000000 1.000000
824.348022 700.000000 1.000000
623.605347 700.000000 1.000000
666.712219 700.000000 1.000000
624.261902 700.000000 1.000000
877.664856 700.000000 1.000000
748.746155 700.000000 1.000000
1388.722168 700.000000 1.000000
1560.119141 700.000000 1.000000
936.240173 700.000000 1.000000
1592.349609 700.000000 1.000000
728.335327 700.000000 1.000000
633.046265 700.000000 1.000000
722.856689 700.000000 1.000000
610.158264 700.000000 1.000000
635.097961 700.000000 1.000000
768.517273 700.000000 1.000000
1035.767700 700.000000 1.000000
888.812134 700.000000 1.000000
1097.665894 700.000000 1.000000
645.354980 700.000000 1.000000
671.050293 700.000000 1.000000
673.805054 700.000000 1.000000
612.637756 700.000000 1.000000
765.976135 700.000000 1.000000
637.360291 700.000000 1.000000
1017.476562 700.000000 1.000000
689.580811 700.000000 1.000000
910.736816 700.000000 1.000000
718.611816 700.000000 1.000000
526.792053 700.000000 1.000000
1156.693359 700.000000 1.000000
647.083191 700.000000 1.000000
682.139526 700.000000 1.000000
816.884338 700.000000 1.000000
1710.716675 700.000000 1.000000
827.432007 700.000000 1.000000
752.740234 700.000000 1.000000
634.707458 700.000000 1.000000
776.117065 700.000000 1.000000
970.344727 700.000000 1.000000
621.300049 700.000000 1.000000
753.566284 700.000000 1.000000
712.331299 700.000000 1.000000
677.097961 700.000000 1.000000
695.981384 700.000000 1.000000
806.095520 700.000000 1.000000
1085.244629 700.000000 1.000000
665.214417 700.000000 1.000000
910.262817 700.000000 1.000000
704.365417 700.000000 1.000000
982.701172 700.000000 1.000000
696.878784 700.000000 1.000000
832.587952 700.000000 1.000000
513.825806 700.000000 1.000000
755.661255 700.000000 1.000000
553.391968 700.000000 1.000000
676.197205 700.000000 1.000000
1034.479980 700.000000 1.000000
509.714752 700.000000 1.000000
624.510986 700.000000 1.000000
757.370117 700.000000 1.000000
1960.734619 700.000000 1.000000
802.671814 700.000000 1.000000
641.238342 700.000000 1.000000
744.030151 700.000000 1.000000
877.901001 700.000000 1.000000
747.241760 700.000000 1.000000
646.626465 700.000000 1.000000
1163.435425 700.000000 1.000000
866.599976 700.000000 1.000000
786.001953 700.000000 1.000000
662.218079 700.000000 1.000000
845.204041 700.000000 1.000000
711.858337 700.000000 1.000000
675.258057 700.000000 1.000000
1208.395752 700.000000 1.000000
737.143188 700.000000 1.000000
598.241272 700.000000 1.000000
667.132019 700.000000 1.000000
636.770569 700.000000 1.000000
675.568237 700.000000 1.000000
543.430664 700.000000 1.000000
836.882690 700.000000 1.000000
739.936401 700.000000 1.000000
624.331299 700.000000 1.000000
699.338806 700.000000 1.000000
660.873901 700.000000 1.000000
839.129944 700.000000 1.000000
931.678528 700.000000 1.000000
571.916382 700.000000 1.000000
652.405212 700.000000 1.000000
1362.624756 700.000000 1.000000
621.621521 700.000000 1.000000
585.743347 700.000000 1.000000
1434.455933 700.000000 1.000000
765.899780 700.000000 1.000000
1844.823486 700.000000 1.000000
971.961975 700.000000 1.000000
645.878723 700.000000 1.000000
1140.670898 700.000000 1.000000
949.767700 700.000000 1.000000
575.092529 700.000000 1.000000
883.744324 700.000000 1.000000
1052.893433 700.000000 1.000000
863.847229 700.000000 1.000000
2064.288330 700.000000 1.000000
655.131836 700.000000 1.000000
840.563477 700.000000 1.000000
729.143250 700.000000 1.000000
681.370300 700.000000 1.000000
936.633362 700.000000 1.000000
877.723572 700.000000 1.000000
713.232300 700.000000 1.000000
1175.221802 700.000000 1.000000
600.249329 700.000000 1.000000
1309.888794 700.000000 1.000000
703.404724 700.000000 1.000000
623.897583 700.000000 1.000000
539.103943 700.000000 1.000000
809.280579 700.000000 1.000000
1516.442017 700.000000 1.000000
787.116577 700.000000 1.000000
846.435181 700.000000 1.000000
676.973206 700.000000 1.000000
762.307068 700.000000 1.000000
592.062073 700.000000 1.000000
749.891968 700.000000 1.000000
1473.119995 700.000000 1.000000
1197.418945 700.000000 1.000000
1113.119385 700.000000 1.000000
823.079651 700.000000 1.000000
1211.241211 700.000000 1.000000
677.639404 700.000000 1.000000
1106.334106 700.000000 1.000000
698.385742 700.000000 1.000000
738.473877 700.000000 1.000000
674.017029 700.000000 1.000000
651.077148 700.000000 1.000000
616.075073 700.000000 1.000000
645.926025 700.000000 1.000000
628.753479 700.000000 1.000000
690.452026 700.000000 1.000000
1048.746582 700.000000 1.000000
917.953552 700.000000 1.000000
1176.357666 700.000000 1.000000
698.730652 700.000000 1.000000
913.951843 700.000000 1.000000
540.684021 700.000000 1.000000
807.623169 700.000000 1.000000
878.895630 700.000000 1.000000
2006.095947 700.000000 1.000000
633.771423 700.000000 1.000000
701.994324 700.000000 1.000000
744.160217 700.000000 1.000000
1188.770630 700.000000 1.000000
768.981323 700.000000 1.000000
1221.927368 700.000000 1.000000
662.518616 700.000000 1.000000
1541.626099 700.000000 1.000000
1226.608765 700.000000 1.000000
782.731079 700.000000 1.000000
613.614075 700.000000 1.000000
645.827271 700.000000 1.000000
809.151672 700.000000 1.000000
1572.554810 700.000000 1.000000
694.946289 700.000000 1.000000
732.848572 700.000000 1.000000
824.830322 700.000000 1.000000
968.174194 700.000000 1.000000
558.785522 700.000000 1.000000
1070.116821 700.000000 1.000000
674.798645 700.000000 1.000000
986.994690 700.000000 1.000000
693.518188 700.000000 1.000000
768.264343 700.000000 1.000000
631.541992 700.000000 1.000000
769.614624 700.000000 1.000000
1095.364502 700.000000 1.000000
950.703918 700.000000 1.000000
1100.527954 700.000000 1.000000
762.569214 700.000000 1.000000
1327.742432 700.000000 1.000000
675.384644 700.000000 1.000000
708.532471 700.000000 1.000000
1469.315552 700.000000 1.000000
617.292847 700.000000 1.000000
656.194824 700.000000 1.000000
1213.579590 700.000000 1.000000
910.265503 700.000000 1.000000
436.274384 700.000000 1.000000
957.395813 700.000000 1.000000
839.006592 700.000000 1.000000
1153.171875 700.000000 1.000000
634.701599 700.000000 1.000000
1085.238647 700.000000 1.000000
965.792358 700.000000 1.000000
1137.636963 700.000000 1.000000
690.493896 700.000000 1.000000
715.545654 700.000000 1.000000
913.680115 700.000000 1.000000
709.932617 700.000000 1.000000
675.069641 700.000000 1.000000
1351.302734 700.000000 1.000000
584.490540 700.000000 1.000000
675.496765 700.000000 1.000000
613.962524 700.000000 1.000000
665.545715 700.000000 1.000000
515.093018 700.000000 1.000000
731.203552 700.000000 1.000000
540.822327 700.000000 1.000000
673.610779 700.000000 1.000000
685.176331 700.000000 1.000000
1091.857300 700.000000 1.000000
535.082092 700.000000 1.000000
869.433350 700.000000 1.000000
671.813354 700.000000 1.000000
556.091614 700.000000 1.000000
706.176270 700.000000 1.000000
703.434448 700.000000 1.000000
680.475037 700.000000 1.000000
863.314209 700.000000 1.000000
825.312317 700.000000 1.000000
1771.675415 700.000000 1.000000
528.122192 700.000000 1.000000
606.657227 700.000000 1.000000
642.914551 700.000000 1.000000
2329.712646 700.000000 1.000000
625.567871 700.000000 1.000000
721.194519 700.000000 1.000000
745.792786 700.000000 1.000000
663.766846 700.000000 1.000000
887.129944 700.000000 1.000000
786.427368 700.000000 1.000000
680.787048 700.000000 1.000000
857.400330 700.000000 1.000000
2403.153076 700.000000 1.000000
631.278320 700.000000 1.000000
698.593689 700.000000 1.000000
1313.794312 700.000000 1.000000
1169.855347 700.000000 1.000000
651.541382 700.000000 1.000000
638.957764 700.000000 1.000000
816.623718 700.000000 1.000000
2001.932373 700.000000 1.000000
668.097595 700.000000 1.000000
802.340332 700.000000 1.000000
1011.757507 700.000000 1.000000
806.990723 700.000000 1.000000
765.340881 700.000000 1.000000
717.084045 700.000000 1.000000
692.060425 700.000000 1.000000
674.386475 700.000000 1.000000
870.870605 700.000000 1.000000
1027.643188 700.000000 1.000000
1526.529785 700.000000 1.000000
683.876709 700.000000 1.000000
632.507629 700.000000 1.000000
867.419495 700.000000 1.000000
618.739197 700.000000 1.000000
1124.995117 700.000000 1.000000
757.621155 700.000000 1.000000
1241.793213 700.000000 1.000000
1547.293701 700.000000 1.000000
684.093750 700.000000 1.000000
581.866333 700.000000 1.000000
1371.823975 700.000000 1.000000
1157.558105 700.000000 1.000000
1205.590942 700.000000 1.000000
1036.697510 700.000000 1.000000
738.074158 700.000000 1.000000
554.743469 700.000000 1.000000
769.751465 700.000000 1.000000
889.357117 700.000000 1.000000
1564.675903 700.000000 1.000000
638.724976 700.000000 1.000000
588.868774 700.000000 1.000000
724.442322 700.000000 1.000000
671.298645 700.000000 1.000000
752.008057 700.000000 1.000000
677.618286 700.000000 1.000000
718.386169 700.000000 1.000000
1049.515869 700.000000 1.000000
833.784912 700.000000 1.000000
543.429443 700.000000 1.000000
646.274231 700.000000 1.000000
2204.491455 700.000000 1.000000
1877.428833 700.000000 1.000000
731.417786 700.000000 1.000000
747.167053 700.000000 1.000000
514.671387 700.000000 1.000000
678.271057 700.000000 1.000000
1132.571655 700.000000 1.000000
868.912903 700.000000 1.000000
604.635010 700.000000 1.000000
1992.998535 700.000000 1.000000
981.962097 700.000000 1.000000
913.201355 700.000000 1.000000
727.744019 700.000000 1.000000
622.626953 700.000000 1.000000
640.167603 700.000000 1.000000
1019.924805 700.000000 1.000000
903.859558 700.000000 1.000000
967.850647 700.000000 1.000000
698.649292 700.000000 1.000000
687.186768 700.000000 1.000000
787.198608 700.000000 1.000000
788.595581 700.000000 1.000000
672.884460 700.000000 1.000000
1691.638672 700.000000 1.000000
769.484436 700.000000 1.000000
815.933838 700.000000 1.000000
3173.196045 700.000000 1.000000
666.456238 700.000000 1.000000
648.358215 700.000000 1.000000
667.875366 700.000000 1.000000
897.310120 700.000000 1.000000
629.426575 700.000000 1.000000
667.602966 700.000000 1.000000
687.652466 700.000000 1.000000
864.479675 700.000000 1.000000
821.165100 700.000000 1.000000
1104.026733 700.000000 1.000000
1006.716064 700.000000 1.000000
1506.688354 700.000000 1.000000
675.414612 700.000000 1.000000
811.885376 700.000000 1.000000
605.442932 700.000000 1.000000
729.563965 700.000000 1.000000
622.082947 700.000000 1.000000
697.240295 700.000000 1.000000
596.122314 700.000000 1.000000
829.256226 700.000000 1.000000
630.776733 700.000000 1.000000
1202.975708 700.000000 1.000000
937.541809 700.000000 1.000000
803.762634 700.000000 1.000000
663.513489 700.000000 1.000000
1083.723633 700.000000 1.000000
651.291382 700.000000 1.000000
681.627808 700.000000 1.000000
704.061035 700.000000 1.000000
1023.556091 700.000000 1.000000
635.112427 700.000000 1.000000
1241.503662 700.000000 1.000000
679.872253 700.000000 1.000000
552.682861 700.000000 1.000000
818.689758 700.000000 1.000000
1384.039917 700.000000 1.000000
677.879395 700.000000 1.000000
920.320679 700.000000 1.000000
1060.692993 700.000000 1.000000
807.916687 700.000000 1.000000
627.068970 700.000000 1.000000
891.869446 700.000000 1.000000
1156.654175 700.000000 1.000000
713.746948 700.000000 1.000000
738.375427 700.000000 1.000000
684.390564 700.000000 1.000000
1015.445129 700.000000 1.000000
1742.437622 700.000000 1.000000
634.771423 700.000000 1.000000
1278.717041 700.000000 1.000000
1911.131348 700.000000 1.000000
1199.298096 700.000000 1.000000
684.206665 700.000000 1.000000
684.994263 700.000000 1.000000
511.817596 700.000000 1.000000
1066.090088 700.000000 1.000000
2654.961914 700.000000 1.000000
923.193420 700.000000 1.000000
1936.465820 700.000000 1.000000
806.512817 700.000000 1.000000
1136.057373 700.000000 1.000000
1152.789795 700.000000 1.000000
873.351196 700.000000 1.000000
941.594360 700.000000 1.000000
1769.425049 700.000000 1.000000
467.756500 700.000000 1.000000
763.674683 700.000000 1.000000
668.042725 700.000000 1.000000
647.910767 700.000000 1.000000
1267.276611 700.000000 1.000000
1528.962280 700.000000 1.000000
923.254822 700.000000 1.000000
770.983032 700.000000 1.000000
817.954956 700.000000 1.000000
693.076782 700.000000 1.000000
2156.529785 700.000000 1.000000
961.810181 700.000000 1.000000
1181.934082 700.000000 1.000000
612.305359 700.000000 1.000000
632.453308 700.000000 1.000000
679.301331 700.000000 1.000000
1688.493164 700.000000 1.000000
967.911255 700.000000 1.000000
826.435852 700.000000 1.000000
1064.888794 700.000000 1.000000
645.073486 700.000000 1.000000
467.692688 700.000000 1.000000
1350.895996 700.000000 1.000000
821.331238 700.000000 1.000000
698.160156 700.000000 1.000000
1298.297363 700.000000 1.000000
932.533264 700.000000 1.000000
845.542175 700.000000 1.000000
715.890198 700.000000 1.000000
1966.236206 700.000000 1.000000
764.398804 700.000000 1.000000
1430.516235 700.000000 1.000000
738.464050 700.000000 1.000000
846.092957 700.000000 1.000000
850.275879 700.000000 1.000000
676.097900 700.000000 1.000000
676.489685 700.000000 1.000000
834.416687 700.000000 1.000000
702.769226 700.000000 1.000000
1228.865601 700.000000 1.000000
662.630310 700.000000 1.000000
637.013306 700.000000 1.000000
624.377747 700.000000 1.000000
1588.266113 700.000000 1.000000
748.565491 700.000000 1.000000
1193.281494 700.000000 1.000000
726.755676 700.000000 1.000000
771.221802 700.000000 1.000000
887.632751 700.000000 1.000000
2940.058105 700.000000 1.000000
658.186096 700.000000 1.000000
1240.989990 700.000000 1.000000
743.239136 700.000000 1.000000
791.194641 700.000000 1.000000
939.430542 700.000000 1.000000
647.327759 700.000000 1.000000
1091.975830 700.000000 1.000000
946.324097 700.000000 1.000000
1420.363281 700.000000 1.000000
832.871948 700.000000 1.000000
731.782532 700.000000 1.000000
759.229553 700.000000 1.000000
796.566528 700.000000 1.000000
842.881897 700.000000 1.000000
653.923645 700.000000 1.000000
786.612183 700.000000 1.000000
591.704346 700.000000 1.000000
628.522949 700.000000 1.000000
734.985474 700.000000 1.000000
1150.231567 700.000000 1.000000
1421.921143 700.000000 1.000000
1003.367554 700.000000 1.000000
938.924133 700.000000 1.000000
697.741272 700.000000 1.000000
719.292297 700.000000 1.000000
1171.880615 700.000000 1.000000
896.076172 700.000000 1.000000
732.696228 700.000000 1.000000
720.548096 700.000000 1.000000
786.402466 700.000000 1.000000
1003.617859 700.000000 1.000000
861.175110 700.000000 1.000000
963.109558 700.000000 1.000000
625.844360 700.000000 1.000000
929.700195 700.000000 1.000000
1142.392700 700.000000 1.000000
758.357544 700.000000 1.000000
730.543030 700.000000 1.000000
858.828491 700.000000 1.000000
576.934814 700.000000 1.000000
700.942444 700.000000 1.000000
825.915771 700.000000 1.000000
729.812988 700.000000 1.000000
636.006775 700.000000 1.000000
996.935303 700.000000 1.000000
745.671753 700.000000 1.000000
622.259338 700.000000 1.000000
656.810120 700.000000 1.000000
610.258362 700.000000 1.000000
1045.565308 700.000000 1.000000
710.554016 700.000000 1.000000
862.664612 700.000000 1.000000
829.516479 700.000000 1.000000
689.000366 700.000000 1.000000
658.865295 700.000000 1.000000
732.440918 700.000000 1.000000
763.610413 700.000000 1.000000
568.751404 700.000000 1.000000
751.047485 700.000000 1.000000
969.670288 700.000000 1.000000
1418.480713 700.000000 1.000000
1173.831177 700.000000 1.000000
724.909058 700.000000 1.000000
716.724060 700.000000 1.000000
600.235962 700.000000 1.000000
977.471680 700.000000 1.000000
605.787415 700.000000 1.000000
1063.880371 700.000000 1.000000
772.470947 700.000000 1.000000
449.568451 700.000000 1.000000
741.681274 700.000000 1.000000
846.776489 700.000000 1.000000
861.640320 700.000000 1.000000
653.541748 700.000000 1.000000
1579.451050 700.000000 1.000000
839.010742 700.000000 1.000000
1900.721802 700.000000 1.000000
994.799561 700.000000 1.000000
1033.966553 700.000000 1.000000
766.312683 700.000000 1.000000
802.136963 700.000000 1.000000
1509.051147 700.000000 1.000000
1191.426025 700.000000 1.000000
2219.877686 700.000000 1.000000
674.941589 700.000000 1.000000
540.760071 700.000000 1.000000
699.749451 700.000000 1.000000
728.603027 700.000000 1.000000
2062.114746 700.000000 1.000000
1142.427856 700.000000 1.000000
1731.949829 700.000000 1.000000
899.819458 700.000000 1.000000
1192.531250 700.000000 1.000000
1111.823364 700.000000 1.000000
685.269348 700.000000 1.000000
943.918274 700.000000 1.000000
658.408447 700.000000 1.000000
684.488525 700.000000 1.000000
1789.864746 700.000000 1.000000
891.190735 700.000000 1.000000
679.246521 700.000000 1.000000
657.335754 700.000000 1.000000
791.286865 700.000000 1.000000
835.621216 700.000000 1.000000
969.680298 700.000000 1.000000
857.208008 700.000000 1.000000
850.719360 700.000000 1.000000
685.510376 700.000000 1.000000
756.523132 700.000000 1.000000
562.165833 700.000000 1.000000
1000.203369 700.000000 1.000000
869.173889 700.000000 1.000000
1612.035156 700.000000 1.000000
583.750916 700.000000 1.000000
694.625427 700.000000 1.000000
757.644958 700.000000 1.000000
873.787720 700.000000 1.000000
982.972412 700.000000 1.000000
681.283203 700.000000 1.000000
733.773621 700.000000 1.000000
505.583099 700.000000 1.000000
1430.938354 700.000000 1.000000
798.400513 700.000000 1.000000
675.115845 700.000000 1.000000
1589.482666 700.000000 1.000000
3557.903564 700.000000 1.000000
894.728149 700.000000 1.000000
2019.096680 700.000000 1.000000
979.051270 700.000000 1.000000
775.923035 700.000000 1.000000
625.774475 700.000000 1.000000
765.797791 700.000000 1.000000
654.429993 700.000000 1.000000
660.951050 700.000000 1.000000
649.677795 700.000000 1.000000
627.127014 700.000000 1.000000
2858.473633 700.000000 1.000000
689.171204 700.000000 1.000000
651.444580 700.000000 1.000000
640.328247 700.000000 1.000000
786.894409 700.000000 1.000000
756.654785 700.000000 1.000000
700.199158 700.000000 1.000000
1006.810242 700.000000 1.000000
588.519165 700.000000 1.000000
703.564270 700.000000 1.000000
782.737305 700.000000 1.000000
876.692139 700.000000 1.000000
922.232788 700.000000 1.000000
538.476624 700.000000 1.000000
800.178894 700.000000 1.000000
1176.768433 700.000000 1.000000
631.670776 700.000000 1.000000
882.437866 700.000000 1.000000
752.277649 700.000000 1.000000
822.236572 700.000000 1.000000
1097.864624 700.000000 1.000000
839.606628 700.000000 1.000000
1202.386230 700.000000 1.000000
714.499084 700.000000 1.000000
666.245361 700.000000 1.000000
573.649414 700.000000 1.000000
675.408997 700.000000 1.000000
660.637878 700.000000 1.000000
1269.437866 700.000000 1.000000
1798.180664 700.000000 1.000000
1468.105469 700.000000 1.000000
831.391296 700.000000 1.000000
769.500610 700.000000 1.000000
586.420959 700.000000 1.000000
840.473755 700.000000 1.000000
1821.984131 700.000000 1.000000
859.127258 700.000000 1.000000
795.050415 700.000000 1.000000
804.497925 700.000000 1.000000
559.495239 700.000000 1.000000
841.148315 700.000000 1.000000
625.392151 700.000000 1.000000
647.975830 700.000000 1.000000
725.181519 700.000000 1.000000
1270.207397 700.000000 1.000000
983.778320 700.000000 1.000000
839.664124 700.000000 1.000000
652.651550 700.000000 1.000000
1269.479980 700.000000 1.000000
1218.723755 700.000000 1.000000
685.458618 700.000000 1.000000
1427.561890 700.000000 1.000000
645.261169 700.000000 1.000000
682.044006 700.000000 1.000000
808.371582 700.000000 1.000000
690.230896 700.000000 1.000000
1240.892700 700.000000 1.000000
1008.063843 700.000000 1.000000
1585.700317 700.000000 1.000000
900.247314 700.000000 1.000000
611.019653 700.000000 1.000000
664.064819 700.000000 1.000000
917.190430 700.000000 1.000000
599.150635 700.000000 1.000000
663.272583 700.000000 1.000000
748.452820 700.000000 1.000000
841.587158 700.000000 1.000000
1527.900757 700.000000 1.000000
606.573181 700.000000 1.000000
593.975037 700.000000 1.000000
1051.855347 700.000000 1.000000
607.373779 700.000000 1.000000
653.896057 700.000000 1.000000
643.191833 700.000000 1.000000
2646.165771 700.000000 1.000000
692.359680 700.000000 1.000000
1124.636719 700.000000 1.000000
590.148499 700.000000 1.000000
676.248352 700.000000 1.000000
917.284058 700.000000 1.000000
639.660706 700.000000 1.000000
820.455811 700.000000 1.000000
931.182556 700.000000 1.000000
609.066650 700.000000 1.000000
752.232605 700.000000 1.000000
686.843323 700.000000 1.000000
675.145325 700.000000 1.000000
865.177429 700.000000 1.000000
989.584290 700.000000 1.000000
733.348450 700.000000 1.000000
555.068237 700.000000 1.000000
509.712891 700.000000 1.000000
970.744995 700.000000 1.000000
923.838013 700.000000 1.000000
754.473083 700.000000 1.000000
1264.913330 700.000000 1.000000
765.934998 700.000000 1.000000
902.406128 700.000000 1.000000
841.018433 700.000000 1.000000
652.838013 700.000000 1.000000
923.705505 700.000000 1.000000
713.280334 700.000000 1.000000
512.514404 700.000000 1.000000
800.476135 700.000000 1.000000
631.006226 700.000000 1.000000
685.739075 700.000000 1.000000
1193.194824 700.000000 1.000000
580.236755 700.000000 1.000000
2846.877197 700.000000 1.000000
764.556213 700.000000 1.000000
578.903992 700.000000 1.000000
821.126526 700.000000 1.000000
597.733398 700.000000 1.000000
811.879028 700.000000 1.000000
1818.292114 700.000000 1.000000
776.718201 700.000000 1.000000
729.887268 700.000000 1.000000
1540.523071 700.000000 1.000000
1477.865845 700.000000 1.000000
678.016907 700.000000 1.000000
1668.088989 700.000000 1.000000
725.060425 700.000000 1.000000
1192.146973 700.000000 1.000000
1197.365601 700.000000 1.000000
1423.364868 700.000000 1.000000
975.803772 700.000000 1.000000
686.517883 700.000000 1.000000
470.100250 700.000000 1.000000
942.489868 700.000000 1.000000
1097.665894 700.000000 1.000000
742.750244 700.000000 1.000000
983.981201 700.000000 1.000000
712.147217 700.000000 1.000000
939.338806 700.000000 1.000000
935.772461 700.000000 1.000000
729.036133 700.000000 1.000000
1227.196045 700.000000 1.000000
582.201843 700.000000 1.000000
663.033813 700.000000 1.000000
708.561340 700.000000 1.000000
625.873657 700.000000 1.000000
977.807434 700.000000 1.000000
899.283447 700.000000 1.000000
756.334106 700.000000 1.000000
746.761719 700.000000 1.000000
928.118164 700.000000 1.000000
675.174622 700.000000 1.000000
648.160400 700.000000 1.000000
789.528076 700.000000 1.000000
661.219482 700.000000 1.000000
669.546814 700.000000 1.000000
889.762695 700.000000 1.000000
838.463806 700.000000 1.000000
570.773438 700.000000 1.000000
636.492859 700.000000 1.000000
838.893494 700.000000 1.000000
869.610168 700.000000 1.000000
573.042603 700.000000 1.000000
707.954224 700.000000 1.000000
712.705078 700.000000 1.000000
705.370544 700.000000 1.000000
1069.995972 700.000000 1.000000
1546.958740 700.000000 1.000000
770.484680 700.000000 1.000000
1166.494507 700.000000 1.000000
807.536865 700.000000 1.000000
780.573669 700.000000 1.000000
595.073181 700.000000 1.000000
745.998535 700.000000 1.000000
714.105286 700.000000 1.000000
1085.164551 700.000000 1.000000
1459.961182 700.000000 1.000000
1389.830078 700.000000 1.000000
1362.737671 700.000000 1.000000
513.237427 700.000000 1.000000
588.104004 700.000000 1.000000
1424.546509 700.000000 1.000000
994.032593 700.000000 1.000000
966.392395 700.000000 1.000000
571.483582 700.000000 1.000000
695.418640 700.000000 1.000000
666.816589 700.000000 1.000000
995.802002 700.000000 1.000000
1526.609253 700.000000 1.000000
586.496460 700.000000 1.000000
858.987366 700.000000 1.000000
732.818604 700.000000 1.000000
1176.983398 700.000000 1.000000
1837.041016 700.000000 1.000000
588.422791 700.000000 1.000000
1700.496826 700.000000 1.000000
760.242493 700.000000 1.000000
1145.084473 700.000000 1.000000
724.680481 700.000000 1.000000
1284.450195 700.000000 1.000000
665.728516 700.000000 1.000000
558.933533 700.000000 1.000000
1106.901001 700.000000 1.000000
969.955261 700.000000 1.000000
692.912842 700.000000 1.000000
628.374084 700.000000 1.000000
1111.818237 700.000000 1.000000
956.374390 700.000000 1.000000
883.432556 700.000000 1.000000
740.665649 700.000000 1.000000
728.883301 700.000000 1.000000
689.770569 700.000000 1.000000
877.070862 700.000000 1.000000
723.117126 700.000000 1.000000
496.166992 700.000000 1.000000
690.708740 700.000000 1.000000
637.950439 700.000000 1.000000
769.683960 700.000000 1.000000
744.313293 700.000000 1.000000
753.234131 700.000000 1.000000
994.289124 700.000000 1.000000
917.866211 700.000000 1.000000
1171.158813 700.000000 1.000000
610.271240 700.000000 1.000000
713.817261 700.000000 1.000000
705.598999 700.000000 1.000000
883.326599 700.000000 1.000000
606.876587 700.000000 1.000000
410.713165 700.000000 1.000000
662.559265 700.000000 1.000000
760.221558 700.000000 1.000000
605.954895 700.000000 1.000000
948.031494 700.000000 1.000000
932.783813 700.000000 1.000000
764.146179 700.000000 1.000000
2094.208740 700.000000 1.000000
875.151245 700.000000 1.000000
725.963501 700.000000 1.000000
538.451538 700.000000 1.000000
569.944641 700.000000 1.000000
700.372925 700.000000 1.000000
734.518738 700.000000 1.000000
1217.163330 700.000000 1.000000
633.344299 700.000000 1.000000
1671.864258 700.000000 1.000000
749.852051 700.000000 1.000000
640.276917 700.000000 1.000000
705.990356 700.000000 1.000000
841.177307 700.000000 1.000000
667.286499 700.000000 1.000000
769.789917 700.000000 1.000000
634.793640 700.000000 1.000000
776.066650 700.000000 1.000000
1148.609863 700.000000 1.000000
749.632935 700.000000 1.000000
668.679321 700.000000 1.000000
1471.015381 700.000000 1.000000
1451.848633 700.000000 1.000000
884.307007 700.000000 1.000000
1357.029175 700.000000 1.000000
547.968262 700.000000 1.000000
1028.839600 700.000000 1.000000
726.470520 700.000000 1.000000
732.609680 700.000000 1.000000
1070.706543 700.000000 1.000000
714.601379 700.000000 1.000000
607.586609 700.000000 1.000000
516.358704 700.000000 1.000000
600.330261 700.000000 1.000000
903.794495 700.000000 1.000000
622.985229 700.000000 1.000000
1055.465210 700.000000 1.000000
1482.220825 700.000000 1.000000
754.479065 700.000000 1.000000
1162.813843 700.000000 1.000000
739.275146 700.000000 1.000000
815.828247 700.000000 1.000000
637.057007 700.000000 1.000000
637.655151 700.000000 1.000000
619.730774 700.000000 1.000000
777.669128 700.000000 1.000000
810.155212 700.000000 1.000000
668.853149 700.000000 1.000000
728.960449 700.000000 1.000000
859.153259 700.000000 1.000000
698.055298 700.000000 1.000000
2764.091553 700.000000 1.000000
1688.398560 700.000000 1.000000
684.821228 700.000000 1.000000
741.438293 700.000000 1.000000
1458.849243 700.000000 1.000000
723.667542 700.000000 1.000000
1133.090332 700.000000 1.000000
897.390747 700.000000 1.000000
709.529053 700.000000 1.000000
664.268311 700.000000 1.000000
2195.807617 700.000000 1.000000
2360.931396 700.000000 1.000000
702.184448 700.000000 1.000000
683.329102 700.000000 1.000000
928.716125 700.000000 1.000000
790.655945 700.000000 1.000000
647.390747 700.000000 1.000000
1151.636108 700.000000 1.000000
1091.582275 700.000000 1.000000
627.211914 700.000000 1.000000
591.475525 700.000000 1.000000
1060.521973 700.000000 1.000000
775.023987 700.000000 1.000000
674.010742 700.000000 1.000000
972.808533 700.000000 1.000000
758.297913 700.000000 1.000000
506.636414 700.000000 1.000000
816.306946 700.000000 1.000000
1502.024170 700.000000 1.000000
759.928345 700.000000 1.000000
878.086975 700.000000 1.000000
1704.442017 700.000000 1.000000
919.391785 700.000000 1.000000
1447.407349 700.000000 1.000000
575.401550 700.000000 1.000000
798.446838 700.000000 1.000000
1285.408691 700.000000 1.000000
962.746704 700.000000 1.000000
1130.804688 700.000000 1.000000
1087.499023 700.000000 1.000000
1527.009521 700.000000 1.000000
719.528687 700.000000 1.000000
711.136963 700.000000 1.000000
715.547791 700.000000 1.000000
518.428467 700.000000 1.000000
963.157410 700.000000 1.000000
712.236694 700.000000 1.000000
703.467651 700.000000 1.000000
870.505676 700.000000 1.000000
672.797180 700.000000 1.000000
675.625854 700.000000 1.000000
1034.905884 700.000000 1.000000
983.773499 700.000000 1.000000
823.224915 700.000000 1.000000
618.113586 700.000000 1.000000
607.321167 700.000000 1.000000
1096.703613 700.000000 1.000000
1030.615479 700.000000 1.000000
722.516602 700.000000 1.000000
591.454895 700.000000 1.000000
622.784912 700.000000 1.000000
835.885437 700.000000 1.000000
674.561096 700.000000 1.000000
610.263489 700.000000 1.000000
662.061157 700.000000 1.000000
881.741760 700.000000 1.000000
1410.028198 700.000000 1.000000
760.422363 700.000000 1.000000
1429.538330 700.000000 1.000000
1535.403442 700.000000 1.000000
1083.344238 700.000000 1.000000
663.570374 700.000000 1.000000
747.349304 700.000000 1.000000
787.853210 700.000000 1.000000
863.708252 700.000000 1.000000
589.827026 700.000000 1.000000
675.329163 700.000000 1.000000
772.117371 700.000000 1.000000
732.673096 700.000000 1.000000
1119.593140 700.000000 1.000000
1167.344360 700.000000 1.000000
658.768188 700.000000 1.000000
