408.88821 400.000000 1.000000 
400.29962 400.000000 1.000000 
374.17810 400.000000 1.000000 
755.95739 400.000000 1.000000 
408.76510 400.000000 1.000000 
722.56958 400.000000 1.000000 
679.79785 400.000000 1.000000 
317.20001 400.000000 1.000000 
545.09942 400.000000 1.000000 
506.22253 400.000000 1.000000 
767.19171 400.000000 1.000000 
576.36865 400.000000 1.000000 
1067.88 400.000000 1.000000 
794.91857 400.000000 1.000000 
391.87390 400.000000 1.000000 
391.46588 400.000000 1.000000 
358.24835 400.000000 1.000000 
340.37274 400.000000 1.000000 
350.35403 400.000000 1.000000 
1093.5920 400.000000 1.000000 
715.77526 400.000000 1.000000 
706.55389 400.000000 1.000000 
561.26690 400.000000 1.000000 
427.12936 400.000000 1.000000 
1027.1132 400.000000 1.000000 
606.10321 400.000000 1.000000 
659.20715 400.000000 1.000000 
535.32952 400.000000 1.000000 
714.17138 400.000000 1.000000 
418.77752 400.000000 1.000000 
476.73388 400.000000 1.000000 
379.87719 400.000000 1.000000 
329.63742 400.000000 1.000000 
409.62545 400.000000 1.000000 
998.78814 400.000000 1.000000 
770.07293 400.000000 1.000000 
436.82385 400.000000 1.000000 
345.74887 400.000000 1.000000 
1148.0246 400.000000 1.000000 
381.47763 400.000000 1.000000 
596.09198 400.000000 1.000000 
681.36358 400.000000 1.000000 
646.20745 400.000000 1.000000 
583.62707 400.000000 1.000000 
380.23867 400.000000 1.000000 
362.62377 400.000000 1.000000 
499.82891 400.000000 1.000000 
376.44915 400.000000 1.000000 
536.59326 400.000000 1.000000 
388.49478 400.000000 1.000000 
368.01440 400.000000 1.000000 
1151.6245 400.000000 1.000000 
1143.7191 400.000000 1.000000 
364.93335 400.000000 1.000000 
807.10534 400.000000 1.000000 
437.10171 400.000000 1.000000 
390.96472 400.000000 1.000000 
422.92544 400.000000 1.000000 
367.90426 400.000000 1.000000 
2670.0463 400.000000 1.000000 
414.20666 400.000000 1.000000 
690.31530 400.000000 1.000000 
343.02334 400.000000 1.000000 
399.68643 400.000000 1.000000 
774.41149 400.000000 1.000000 
1246.2669 400.000000 1.000000 
726.23138 400.000000 1.000000 
425.73126 400.000000 1.000000 
324.79495 400.000000 1.000000 
359.40982 400.000000 1.000000 
346.33767 400.000000 1.000000 
367.72222 400.000000 1.000000 
543.59094 400.000000 1.000000 
569.30175 400.000000 1.000000 
540.38397 400.000000 1.000000 
1032.4707 400.000000 1.000000 
702.72161 400.000000 1.000000 
520.89904 400.000000 1.000000 
657.58905 400.000000 1.000000 
1041.1442 400.000000 1.000000 
405.51739 400.000000 1.000000 
442.90167 400.000000 1.000000 
704.86908 400.000000 1.000000 
382.31137 400.000000 1.000000 
384.99325 400.000000 1.000000 
565.76763 400.000000 1.000000 
487.25061 400.000000 1.000000 
383.83685 400.000000 1.000000 
432.08941 400.000000 1.000000 
807.10522 400.000000 1.000000 
1992.9512 400.000000 1.000000 
659.85333 400.000000 1.000000 
723.31707 400.000000 1.000000 
364.91012 400.000000 1.000000 
748.93945 400.000000 1.000000 
406.41717 400.000000 1.000000 
805.31897 400.000000 1.000000 
580.36279 400.000000 1.000000 
309.45098 400.000000 1.000000 
485.52917 400.000000 1.000000 
584.31951 400.000000 1.000000 
453.87075 400.000000 1.000000 
441.52926 400.000000 1.000000 
637.96960 400.000000 1.000000 
676.14160 400.000000 1.000000 
1019.9406 400.000000 1.000000 
352.96768 400.000000 1.000000 
905.40094 400.000000 1.000000 
470.16473 400.000000 1.000000 
513.74823 400.000000 1.000000 
422.54577 400.000000 1.000000 
601.34686 400.000000 1.000000 
623.36511 400.000000 1.000000 
358.43441 400.000000 1.000000 
670.70770 400.000000 1.000000 
341.44909 400.000000 1.000000 
645.70532 400.000000 1.000000 
400.20752 400.000000 1.000000 
391.85281 400.000000 1.000000 
514.22094 400.000000 1.000000 
321.28945 400.000000 1.000000 
378.63400 400.000000 1.000000 
336.59857 400.000000 1.000000 
555.18634 400.000000 1.000000 
496.80401 400.000000 1.000000 
643.73767 400.000000 1.000000 
1378.8314 400.000000 1.000000 
789.02557 400.000000 1.000000 
607.33166 400.000000 1.000000 
657.53344 400.000000 1.000000 
703.40258 400.000000 1.000000 
354.57699 400.000000 1.000000 
337.13919 400.000000 1.000000 
502.42102 400.000000 1.000000 
553.48931 400.000000 1.000000 
503.00021 400.000000 1.000000 
393.71646 400.000000 1.000000 
397.51321 400.000000 1.000000 
555.57293 400.000000 1.000000 
847.29541 400.000000 1.000000 
1056.7387 400.000000 1.000000 
1061.0894 400.000000 1.000000 
296.77056 400.000000 1.000000 
373.44689 400.000000 1.000000 
448.26074 400.000000 1.000000 
486.27362 400.000000 1.000000 
577.26904 400.000000 1.000000 
356.50509 400.000000 1.000000 
1037.6237 400.000000 1.000000 
395.44369 400.000000 1.000000 
620.49334 400.000000 1.000000 
 490.3526 400.000000 1.000000 
566.46569 400.000000 1.000000 
503.22549 400.000000 1.000000 
485.19848 400.000000 1.000000 
829.64746 400.000000 1.000000 
697.22137 400.000000 1.000000 
340.60070 400.000000 1.000000 
406.36068 400.000000 1.000000 
594.16949 400.000000 1.000000 
841.69549 400.000000 1.000000 
542.89331 400.000000 1.000000 
412.36581 400.000000 1.000000 
440.49887 400.000000 1.000000 
730.59918 400.000000 1.000000 
635.57580 400.000000 1.000000 
337.17413 400.000000 1.000000 
1361.3432 400.000000 1.000000 
938.00909 400.000000 1.000000 
677.77948 400.000000 1.000000 
928.12078 400.000000 1.000000 
386.17019 400.000000 1.000000 
3000.4599 400.000000 1.000000 
687.48461 400.000000 1.000000 
627.10168 400.000000 1.000000 
526.37207 400.000000 1.000000 
619.20422 400.000000 1.000000 
1928.6030 400.000000 1.000000 
577.56939 400.000000 1.000000 
396.98550 400.000000 1.000000 
444.96173 400.000000 1.000000 
729.43048 400.000000 1.000000 
514.48962 400.000000 1.000000 
300.61065 400.000000 1.000000 
422.92123 400.000000 1.000000 
396.69989 400.000000 1.000000 
434.91275 400.000000 1.000000 
459.11651 400.000000 1.000000 
422.47430 400.000000 1.000000 
457.30099 400.000000 1.000000 
530.66290 400.000000 1.000000 
385.54367 400.000000 1.000000 
584.18902 400.000000 1.000000 
385.90441 400.000000 1.000000 
373.95758 400.000000 1.000000 
456.58071 400.000000 1.000000 
769.06256 400.000000 1.000000 
321.05117 400.000000 1.000000 
347.09664 400.000000 1.000000 
495.69427 400.000000 1.000000 
435.54736 400.000000 1.000000 
833.51977 400.000000 1.000000 
377.36734 400.000000 1.000000 
463.40631 400.000000 1.000000 
507.69671 400.000000 1.000000 
729.18035 400.000000 1.000000 
491.94998 400.000000 1.000000 
756.86261 400.000000 1.000000 
574.80511 400.000000 1.000000 
450.08889 400.000000 1.000000 
450.28323 400.000000 1.000000 
495.94363 400.000000 1.000000 
514.72839 400.000000 1.000000 
623.71777 400.000000 1.000000 
1411.4561 400.000000 1.000000 
556.76043 400.000000 1.000000 
501.15438 400.000000 1.000000 
622.70153 400.000000 1.000000 
419.03942 400.000000 1.000000 
383.97671 400.000000 1.000000 
412.90216 400.000000 1.000000 
386.63919 400.000000 1.000000 
781.01898 400.000000 1.000000 
450.54055 400.000000 1.000000 
650.23638 400.000000 1.000000 
673.68341 400.000000 1.000000 
700.14648 400.000000 1.000000 
288.22738 400.000000 1.000000 
842.15466 400.000000 1.000000 
570.49786 400.000000 1.000000 
437.06543 400.000000 1.000000 
473.71850 400.000000 1.000000 
456.90734 400.000000 1.000000 
419.78543 400.000000 1.000000 
388.32324 400.000000 1.000000 
1297.6934 400.000000 1.000000 
781.95965 400.000000 1.000000 
523.02636 400.000000 1.000000 
408.06027 400.000000 1.000000 
 551.6698 400.000000 1.000000 
430.38763 400.000000 1.000000 
794.16577 400.000000 1.000000 
924.83117 400.000000 1.000000 
940.88464 400.000000 1.000000 
377.04794 400.000000 1.000000 
430.98962 400.000000 1.000000 
492.84289 400.000000 1.000000 
735.37921 400.000000 1.000000 
1078.6674 400.000000 1.000000 
402.15957 400.000000 1.000000 
529.48596 400.000000 1.000000 
424.60919 400.000000 1.000000 
378.17419 400.000000 1.000000 
434.65173 400.000000 1.000000 
396.05950 400.000000 1.000000 
1138.0164 400.000000 1.000000 
392.77514 400.000000 1.000000 
384.03482 400.000000 1.000000 
503.91238 400.000000 1.000000 
399.56527 400.000000 1.000000 
896.03356 400.000000 1.000000 
507.21704 400.000000 1.000000 
1828.4815 400.000000 1.000000 
489.20779 400.000000 1.000000 
537.36053 400.000000 1.000000 
438.46038 400.000000 1.000000 
316.79748 400.000000 1.000000 
690.32067 400.000000 1.000000 
405.57363 400.000000 1.000000 
431.08184 400.000000 1.000000 
375.21041 400.000000 1.000000 
486.98767 400.000000 1.000000 
311.56262 400.000000 1.000000 
425.86187 400.000000 1.000000 
508.62609 400.000000 1.000000 
333.86096 400.000000 1.000000 
1619.4179 400.000000 1.000000 
779.61511 400.000000 1.000000 
734.09838 400.000000 1.000000 
967.07263 400.000000 1.000000 
438.61877 400.000000 1.000000 
727.79168 400.000000 1.000000 
393.97509 400.000000 1.000000 
2570.6752 400.000000 1.000000 
563.76605 400.000000 1.000000 
1078.5694 400.000000 1.000000 
655.75579 400.000000 1.000000 
491.43426 400.000000 1.000000 
347.63360 400.000000 1.000000 
452.81808 400.000000 1.000000 
395.51269 400.000000 1.000000 
431.40005 400.000000 1.000000 
485.72009 400.000000 1.000000 
756.69335 400.000000 1.000000 
896.55963 400.000000 1.000000 
806.46502 400.000000 1.000000 
597.23236 400.000000 1.000000 
561.92919 400.000000 1.000000 
455.59234 400.000000 1.000000 
663.03710 400.000000 1.000000 
403.46752 400.000000 1.000000 
441.78262 400.000000 1.000000 
504.21920 400.000000 1.000000 
835.97009 400.000000 1.000000 
380.05877 400.000000 1.000000 
552.83606 400.000000 1.000000 
831.02069 400.000000 1.000000 
575.87316 400.000000 1.000000 
1075.9952 400.000000 1.000000 
657.19757 400.000000 1.000000 
488.49136 400.000000 1.000000 
973.84680 400.000000 1.000000 
377.08038 400.000000 1.000000 
331.78152 400.000000 1.000000 
418.86462 400.000000 1.000000 
430.40292 400.000000 1.000000 
2585.5737 400.000000 1.000000 
1109.5450 400.000000 1.000000 
674.28057 400.000000 1.000000 
466.57052 400.000000 1.000000 
577.20581 400.000000 1.000000 
472.21264 400.000000 1.000000 
338.13684 400.000000 1.000000 
341.23788 400.000000 1.000000 
738.98419 400.000000 1.000000 
379.23083 400.000000 1.000000 
663.27801 400.000000 1.000000 
700.51794 400.000000 1.000000 
573.74377 400.000000 1.000000 
504.98492 400.000000 1.000000 
1555.1512 400.000000 1.000000 
344.68283 400.000000 1.000000 
821.60229 400.000000 1.000000 
1106.1934 400.000000 1.000000 
386.80606 400.000000 1.000000 
1425.4440 400.000000 1.000000 
387.64309 400.000000 1.000000 
458.28146 400.000000 1.000000 
1088.8188 400.000000 1.000000 
617.02862 400.000000 1.000000 
556.83288 400.000000 1.000000 
423.19500 400.000000 1.000000 
541.15234 400.000000 1.000000 
537.89379 400.000000 1.000000 
1469.2771 400.000000 1.000000 
687.97833 400.000000 1.000000 
1151.9326 400.000000 1.000000 
662.22241 400.000000 1.000000 
705.69360 400.000000 1.000000 
2374.7763 400.000000 1.000000 
392.40658 400.000000 1.000000 
916.92230 400.000000 1.000000 
463.79489 400.000000 1.000000 
949.88604 400.000000 1.000000 
751.45593 400.000000 1.000000 
616.97070 400.000000 1.000000 
335.96841 400.000000 1.000000 
303.99377 400.000000 1.000000 
433.31518 400.000000 1.000000 
1264.7999 400.000000 1.000000 
532.81201 400.000000 1.000000 
474.29251 400.000000 1.000000 
723.20867 400.000000 1.000000 
608.92382 400.000000 1.000000 
337.48996 400.000000 1.000000 
414.32119 400.000000 1.000000 
383.28067 400.000000 1.000000 
374.67602 400.000000 1.000000 
399.51797 400.000000 1.000000 
779.38043 400.000000 1.000000 
1085.9427 400.000000 1.000000 
396.99993 400.000000 1.000000 
450.37851 400.000000 1.000000 
1116.7006 400.000000 1.000000 
587.97918 400.000000 1.000000 
338.50659 400.000000 1.000000 
545.03387 400.000000 1.000000 
449.89239 400.000000 1.000000 
1833.8349 400.000000 1.000000 
383.98449 400.000000 1.000000 
550.48773 400.000000 1.000000 
360.09262 400.000000 1.000000 
345.50906 400.000000 1.000000 
507.31161 400.000000 1.000000 
586.83306 400.000000 1.000000 
427.37924 400.000000 1.000000 
724.61499 400.000000 1.000000 
534.42590 400.000000 1.000000 
932.44049 400.000000 1.000000 
593.82421 400.000000 1.000000 
561.08734 400.000000 1.000000 
470.22619 400.000000 1.000000 
384.89392 400.000000 1.000000 
411.05349 400.000000 1.000000 
650.71197 400.000000 1.000000 
1670.7741 400.000000 1.000000 
343.89926 400.000000 1.000000 
697.31463 400.000000 1.000000 
365.67871 400.000000 1.000000 
354.49942 400.000000 1.000000 
392.96096 400.000000 1.000000 
521.02618 400.000000 1.000000 
383.46838 400.000000 1.000000 
 443.2034 400.000000 1.000000 
460.02957 400.000000 1.000000 
455.65518 400.000000 1.000000 
724.16619 400.000000 1.000000 
592.03607 400.000000 1.000000 
1007.4967 400.000000 1.000000 
689.19262 400.000000 1.000000 
544.43737 400.000000 1.000000 
1808.1866 400.000000 1.000000 
638.24969 400.000000 1.000000 
322.10516 400.000000 1.000000 
446.44412 400.000000 1.000000 
454.45959 400.000000 1.000000 
763.76702 400.000000 1.000000 
1478.1326 400.000000 1.000000 
607.21148 400.000000 1.000000 
457.06820 400.000000 1.000000 
528.99115 400.000000 1.000000 
1961.8761 400.000000 1.000000 
511.23199 400.000000 1.000000 
807.03057 400.000000 1.000000 
342.94055 400.000000 1.000000 
811.79266 400.000000 1.000000 
516.88427 400.000000 1.000000 
368.49877 400.000000 1.000000 
625.83105 400.000000 1.000000 
654.85699 400.000000 1.000000 
1159.3654 400.000000 1.000000 
488.36688 400.000000 1.000000 
360.67981 400.000000 1.000000 
654.28472 400.000000 1.000000 
721.66015 400.000000 1.000000 
657.19909 400.000000 1.000000 
685.96826 400.000000 1.000000 
1545.8023 400.000000 1.000000 
1179.6518 400.000000 1.000000 
372.44354 400.000000 1.000000 
921.62744 400.000000 1.000000 
380.78985 400.000000 1.000000 
554.65490 400.000000 1.000000 
409.36724 400.000000 1.000000 
416.55563 400.000000 1.000000 
1156.0473 400.000000 1.000000 
370.54055 400.000000 1.000000 
817.26928 400.000000 1.000000 
754.22015 400.000000 1.000000 
947.74304 400.000000 1.000000 
312.99038 400.000000 1.000000 
963.84246 400.000000 1.000000 
842.72882 400.000000 1.000000 
1494.9921 400.000000 1.000000 
513.14996 400.000000 1.000000 
472.96011 400.000000 1.000000 
720.83123 400.000000 1.000000 
412.51712 400.000000 1.000000 
415.33075 400.000000 1.000000 
706.44464 400.000000 1.000000 
454.12213 400.000000 1.000000 
710.01532 400.000000 1.000000 
634.93542 400.000000 1.000000 
356.33483 400.000000 1.000000 
420.65548 400.000000 1.000000 
866.94525 400.000000 1.000000 
564.99853 400.000000 1.000000 
627.91857 400.000000 1.000000 
291.96005 400.000000 1.000000 
340.79223 400.000000 1.000000 
809.48931 400.000000 1.000000 
390.06704 400.000000 1.000000 
469.45806 400.000000 1.000000 
780.38513 400.000000 1.000000 
1159.7170 400.000000 1.000000 
440.81369 400.000000 1.000000 
941.46789 400.000000 1.000000 
942.55291 400.000000 1.000000 
735.15570 400.000000 1.000000 
582.63812 400.000000 1.000000 
342.75842 400.000000 1.000000 
493.68209 400.000000 1.000000 
411.02172 400.000000 1.000000 
420.12185 400.000000 1.000000 
423.94207 400.000000 1.000000 
433.28744 400.000000 1.000000 
369.36795 400.000000 1.000000 
473.74902 400.000000 1.000000 
385.87960 400.000000 1.000000 
1154.4340 400.000000 1.000000 
343.70098 400.000000 1.000000 
1348.9615 400.000000 1.000000 
627.97168 400.000000 1.000000 
1787.6733 400.000000 1.000000 
1846.1551 400.000000 1.000000 
708.52124 400.000000 1.000000 
401.20785 400.000000 1.000000 
936.11212 400.000000 1.000000 
387.16409 400.000000 1.000000 
368.93545 400.000000 1.000000 
1027.2182 400.000000 1.000000 
1504.8060 400.000000 1.000000 
558.38958 400.000000 1.000000 
1860.2592 400.000000 1.000000 
425.71652 400.000000 1.000000 
365.79574 400.000000 1.000000 
588.07086 400.000000 1.000000 
361.81759 400.000000 1.000000 
370.57482 400.000000 1.000000 
597.22863 400.000000 1.000000 
710.24792 400.000000 1.000000 
810.01153 400.000000 1.000000 
503.71374 400.000000 1.000000 
372.12249 400.000000 1.000000 
1322.0550 400.000000 1.000000 
1031.4044 400.000000 1.000000 
1019.1840 400.000000 1.000000 
390.59860 400.000000 1.000000 
715.56597 400.000000 1.000000 
644.11816 400.000000 1.000000 
856.14227 400.000000 1.000000 
719.45855 400.000000 1.000000 
359.91067 400.000000 1.000000 
739.83520 400.000000 1.000000 
371.94455 400.000000 1.000000 
1025.9456 400.000000 1.000000 
867.15490 400.000000 1.000000 
490.40875 400.000000 1.000000 
323.00894 400.000000 1.000000 
347.56839 400.000000 1.000000 
908.27020 400.000000 1.000000 
436.65951 400.000000 1.000000 
386.29608 400.000000 1.000000 
 728.0896 400.000000 1.000000 
637.77154 400.000000 1.000000 
431.93981 400.000000 1.000000 
574.73205 400.000000 1.000000 
440.59686 400.000000 1.000000 
367.12307 400.000000 1.000000 
610.94439 400.000000 1.000000 
508.70294 400.000000 1.000000 
326.36010 400.000000 1.000000 
434.34774 400.000000 1.000000 
412.08261 400.000000 1.000000 
460.70068 400.000000 1.000000 
486.97222 400.000000 1.000000 
353.12289 400.000000 1.000000 
368.96905 400.000000 1.000000 
410.89306 400.000000 1.000000 
522.64337 400.000000 1.000000 
1494.4249 400.000000 1.000000 
1185.1251 400.000000 1.000000 
592.00787 400.000000 1.000000 
713.39959 400.000000 1.000000 
390.04794 400.000000 1.000000 
370.45379 400.000000 1.000000 
712.60314 400.000000 1.000000 
801.24328 400.000000 1.000000 
691.00299 400.000000 1.000000 
493.78265 400.000000 1.000000 
1321.8111 400.000000 1.000000 
551.26257 400.000000 1.000000 
351.05770 400.000000 1.000000 
472.71814 400.000000 1.000000 
882.19921 400.000000 1.000000 
390.93685 400.000000 1.000000 
1090.4116 400.000000 1.000000 
386.33502 400.000000 1.000000 
342.80239 400.000000 1.000000 
612.66882 400.000000 1.000000 
670.36193 400.000000 1.000000 
507.89456 400.000000 1.000000 
362.41577 400.000000 1.000000 
854.26287 400.000000 1.000000 
1127.2359 400.000000 1.000000 
415.58905 400.000000 1.000000 
473.33566 400.000000 1.000000 
506.78070 400.000000 1.000000 
1582.2528 400.000000 1.000000 
659.38995 400.000000 1.000000 
911.98266 400.000000 1.000000 
374.36816 400.000000 1.000000 
724.37237 400.000000 1.000000 
693.74792 400.000000 1.000000 
693.22345 400.000000 1.000000 
766.89477 400.000000 1.000000 
392.15350 400.000000 1.000000 
434.22949 400.000000 1.000000 
560.77294 400.000000 1.000000 
703.18896 400.000000 1.000000 
431.27951 400.000000 1.000000 
578.78460 400.000000 1.000000 
657.78265 400.000000 1.000000 
445.12167 400.000000 1.000000 
405.52740 400.000000 1.000000 
531.40832 400.000000 1.000000 
1033.9512 400.000000 1.000000 
451.17184 400.000000 1.000000 
431.01455 400.000000 1.000000 
368.27917 400.000000 1.000000 
451.27844 400.000000 1.000000 
423.40887 400.000000 1.000000 
768.27539 400.000000 1.000000 
486.30297 400.000000 1.000000 
345.26681 400.000000 1.000000 
1170.2414 400.000000 1.000000 
504.57553 400.000000 1.000000 
712.48663 400.000000 1.000000 
829.80725 400.000000 1.000000 
405.05072 400.000000 1.000000 
626.49255 400.000000 1.000000 
523.63104 400.000000 1.000000 
403.98748 400.000000 1.000000 
371.97818 400.000000 1.000000 
377.61450 400.000000 1.000000 
395.56906 400.000000 1.000000 
409.51776 400.000000 1.000000 
508.75863 400.000000 1.000000 
651.82379 400.000000 1.000000 
526.51605 400.000000 1.000000 
454.74548 400.000000 1.000000 
458.06643 400.000000 1.000000 
326.20529 400.000000 1.000000 
944.84405 400.000000 1.000000 
365.69393 400.000000 1.000000 
321.68106 400.000000 1.000000 
635.58679 400.000000 1.000000 
339.69821 400.000000 1.000000 
385.79190 400.000000 1.000000 
449.78607 400.000000 1.000000 
876.15271 400.000000 1.000000 
408.53973 400.000000 1.000000 
610.07019 400.000000 1.000000 
412.74188 400.000000 1.000000 
377.71923 400.000000 1.000000 
681.25854 400.000000 1.000000 
403.65017 400.000000 1.000000 
416.77764 400.000000 1.000000 
519.30413 400.000000 1.000000 
1215.9119 400.000000 1.000000 
345.49231 400.000000 1.000000 
709.02935 400.000000 1.000000 
813.09979 400.000000 1.000000 
631.29559 400.000000 1.000000 
1210.1783 400.000000 1.000000 
747.12133 400.000000 1.000000 
621.85015 400.000000 1.000000 
473.72854 400.000000 1.000000 
301.79162 400.000000 1.000000 
555.73345 400.000000 1.000000 
360.92807 400.000000 1.000000 
560.20501 400.000000 1.000000 
485.34872 400.000000 1.000000 
652.70025 400.000000 1.000000 
554.69696 400.000000 1.000000 
1326.5776 400.000000 1.000000 
989.68035 400.000000 1.000000 
513.63507 400.000000 1.000000 
491.50964 400.000000 1.000000 
509.33459 400.000000 1.000000 
343.58065 400.000000 1.000000 
454.06207 400.000000 1.000000 
376.06207 400.000000 1.000000 
689.40264 400.000000 1.000000 
644.58300 400.000000 1.000000 
549.00537 400.000000 1.000000 
1758.7237 400.000000 1.000000 
400.02252 400.000000 1.000000 
420.22039 400.000000 1.000000 
333.92764 400.000000 1.000000 
432.95047 400.000000 1.000000 
401.27383 400.000000 1.000000 
887.19982 400.000000 1.000000 
387.47403 400.000000 1.000000 
385.82815 400.000000 1.000000 
717.54632 400.000000 1.000000 
594.77893 400.000000 1.000000 
824.31207 400.000000 1.000000 
364.59033 400.000000 1.000000 
563.53869 400.000000 1.000000 
396.66217 400.000000 1.000000 
 440.0755 400.000000 1.000000 
689.00866 400.000000 1.000000 
605.15490 400.000000 1.000000 
436.22564 400.000000 1.000000 
553.32226 400.000000 1.000000 
385.28912 400.000000 1.000000 
1127.1054 400.000000 1.000000 
388.32235 400.000000 1.000000 
489.07681 400.000000 1.000000 
902.29504 400.000000 1.000000 
674.94787 400.000000 1.000000 
541.66882 400.000000 1.000000 
1471.8303 400.000000 1.000000 
492.51248 400.000000 1.000000 
385.27499 400.000000 1.000000 
1947.2135 400.000000 1.000000 
645.83563 400.000000 1.000000 
1165.1884 400.000000 1.000000 
625.49572 400.000000 1.000000 
522.64160 400.000000 1.000000 
398.96749 400.000000 1.000000 
1091.2189 400.000000 1.000000 
401.30447 400.000000 1.000000 
342.81887 400.000000 1.000000 
495.76544 400.000000 1.000000 
1819.2082 400.000000 1.000000 
571.69775 400.000000 1.000000 
662.81073 400.000000 1.000000 
430.40872 400.000000 1.000000 
805.27795 400.000000 1.000000 
1273.7260 400.000000 1.000000 
866.42694 400.000000 1.000000 
344.03909 400.000000 1.000000 
341.86114 400.000000 1.000000 
503.31216 400.000000 1.000000 
1055.1158 400.000000 1.000000 
426.97616 400.000000 1.000000 
396.52899 400.000000 1.000000 
807.61480 400.000000 1.000000 
528.23797 400.000000 1.000000 
 587.5448 400.000000 1.000000 
373.21035 400.000000 1.000000 
1057.1268 400.000000 1.000000 
366.72961 400.000000 1.000000 
444.49801 400.000000 1.000000 
966.18554 400.000000 1.000000 
554.60583 400.000000 1.000000 
494.95037 400.000000 1.000000 
460.82019 400.000000 1.000000 
432.19067 400.000000 1.000000 
377.22863 400.000000 1.000000 
598.56561 400.000000 1.000000 
503.75351 400.000000 1.000000 
 706.0354 400.000000 1.000000 
847.87890 400.000000 1.000000 
451.23803 400.000000 1.000000 
610.39697 400.000000 1.000000 
754.17736 400.000000 1.000000 
517.89862 400.000000 1.000000 
852.78497 400.000000 1.000000 
667.85815 400.000000 1.000000 
550.18029 400.000000 1.000000 
717.59832 400.000000 1.000000 
508.45517 400.000000 1.000000 
480.69302 400.000000 1.000000 
595.42382 400.000000 1.000000 
422.11163 400.000000 1.000000 
843.47900 400.000000 1.000000 
406.07037 400.000000 1.000000 
435.37390 400.000000 1.000000 
524.66253 400.000000 1.000000 
1265.9890 400.000000 1.000000 
1084.1882 400.000000 1.000000 
939.02655 400.000000 1.000000 
715.79284 400.000000 1.000000 
 341.4021 400.000000 1.000000 
489.54995 400.000000 1.000000 
 348.4711 400.000000 1.000000 
528.53338 400.000000 1.000000 
837.05987 400.000000 1.000000 
343.71316 400.000000 1.000000 
399.76098 400.000000 1.000000 
1322.2501 400.000000 1.000000 
775.38073 400.000000 1.000000 
1013.5871 400.000000 1.000000 
423.56970 400.000000 1.000000 
473.75347 400.000000 1.000000 
829.21826 400.000000 1.000000 
463.36297 400.000000 1.000000 
624.07702 400.000000 1.000000 
361.10495 400.000000 1.000000 
521.44995 400.000000 1.000000 
576.69036 400.000000 1.000000 
897.35083 400.000000 1.000000 
743.93060 400.000000 1.000000 
340.21142 400.000000 1.000000 
380.73361 400.000000 1.000000 
1893.6488 400.000000 1.000000 
370.87933 400.000000 1.000000 
315.72113 400.000000 1.000000 
796.61914 400.000000 1.000000 
583.71331 400.000000 1.000000 
677.08825 400.000000 1.000000 
435.98483 400.000000 1.000000 
672.37744 400.000000 1.000000 
373.95001 400.000000 1.000000 
882.95697 400.000000 1.000000 
462.81893 400.000000 1.000000 
640.11566 400.000000 1.000000 
411.29531 400.000000 1.000000 
337.20455 400.000000 1.000000 
451.31228 400.000000 1.000000 
507.54089 400.000000 1.000000 
659.12811 400.000000 1.000000 
667.10583 400.000000 1.000000 
644.53210 400.000000 1.000000 
767.29138 400.000000 1.000000 
712.21966 400.000000 1.000000 
321.53186 400.000000 1.000000 
616.19134 400.000000 1.000000 
786.88690 400.000000 1.000000 
471.34454 400.000000 1.000000 
360.59622 400.000000 1.000000 
478.71862 400.000000 1.000000 
705.38299 400.000000 1.000000 
422.39605 400.000000 1.000000 
417.32513 400.000000 1.000000 
947.85607 400.000000 1.000000 
532.54016 400.000000 1.000000 
488.52249 400.000000 1.000000 
365.69332 400.000000 1.000000 
867.60485 400.000000 1.000000 
641.53210 400.000000 1.000000 
1506.1749 400.000000 1.000000 
455.75827 400.000000 1.000000 
1365.8232 400.000000 1.000000 
722.71722 400.000000 1.000000 
472.24136 400.000000 1.000000 
498.95651 400.000000 1.000000 
319.53628 400.000000 1.000000 
379.42688 400.000000 1.000000 
323.37988 400.000000 1.000000 
440.02377 400.000000 1.000000 
453.12533 400.000000 1.000000 
503.54171 400.000000 1.000000 
618.25799 400.000000 1.000000 
813.89849 400.000000 1.000000 
354.43109 400.000000 1.000000 
594.68554 400.000000 1.000000 
388.53173 400.000000 1.000000 
309.05593 400.000000 1.000000 
707.07330 400.000000 1.000000 
412.76416 400.000000 1.000000 
370.23217 400.000000 1.000000 
435.73715 400.000000 1.000000 
1011.0015 400.000000 1.000000 
411.94540 400.000000 1.000000 
749.18231 400.000000 1.000000 
572.05926 400.000000 1.000000 
465.05017 400.000000 1.000000 
423.47729 400.000000 1.000000 
550.13726 400.000000 1.000000 
733.65698 400.000000 1.000000 
381.58316 400.000000 1.000000 
694.48681 400.000000 1.000000 
1013.5991 400.000000 1.000000 
313.48028 400.000000 1.000000 
1282.0806 400.000000 1.000000 
1160.7302 400.000000 1.000000 
361.04165 400.000000 1.000000 
781.77740 400.000000 1.000000 
392.46176 400.000000 1.000000 
524.41290 400.000000 1.000000 
361.98162 400.000000 1.000000 
696.52264 400.000000 1.000000 
443.96093 400.000000 1.000000 
548.44329 400.000000 1.000000 
638.48529 400.000000 1.000000 
403.06518 400.000000 1.000000 
397.16244 400.000000 1.000000 
1412.3109 400.000000 1.000000 
634.30084 400.000000 1.000000 
2579.2946 400.000000 1.000000 
388.04892 400.000000 1.000000 
430.51272 400.000000 1.000000 
356.07904 400.000000 1.000000 
389.20596 400.000000 1.000000 
517.84539 400.000000 1.000000 
558.29467 400.000000 1.000000 
336.89462 400.000000 1.000000 
435.86569 400.000000 1.000000 
348.94158 400.000000 1.000000 
845.06964 400.000000 1.000000 
916.58801 400.000000 1.000000 
373.54565 400.000000 1.000000 
427.77941 400.000000 1.000000 
557.17144 400.000000 1.000000 
964.39801 400.000000 1.000000 
412.07571 400.000000 1.000000 
861.86193 400.000000 1.000000 
418.57247 400.000000 1.000000 
683.37481 400.000000 1.000000 
732.24041 400.000000 1.000000 
1580.4226 400.000000 1.000000 
356.61947 400.000000 1.000000 
1200.9178 400.000000 1.000000 
1111.1311 400.000000 1.000000 
1102.3761 400.000000 1.000000 
395.47024 400.000000 1.000000 
420.02984 400.000000 1.000000 
389.95565 400.000000 1.000000 
384.16146 400.000000 1.000000 
544.64325 400.000000 1.000000 
432.73635 400.000000 1.000000 
388.90539 400.000000 1.000000 
485.20129 400.000000 1.000000 
1293.8809 400.000000 1.000000 
427.15054 400.000000 1.000000 
544.76983 400.000000 1.000000 
913.75848 400.000000 1.000000 
402.33337 400.000000 1.000000 
1244.5794 400.000000 1.000000 
425.81796 400.000000 1.000000 
420.57693 400.000000 1.000000 
617.40380 400.000000 1.000000 
740.07293 400.000000 1.000000 
424.68762 400.000000 1.000000 
350.36703 400.000000 1.000000 
918.38409 400.000000 1.000000 
434.33737 400.000000 1.000000 
461.39202 400.000000 1.000000 
948.89135 400.000000 1.000000 
380.80145 400.000000 1.000000 
468.59237 400.000000 1.000000 
790.88348 400.000000 1.000000 
426.75415 400.000000 1.000000 
503.55789 400.000000 1.000000 
506.30947 400.000000 1.000000 
1030.0543 400.000000 1.000000 
422.17749 400.000000 1.000000 
555.47668 400.000000 1.000000 
815.84759 400.000000 1.000000 
1022.6554 400.000000 1.000000 
299.88012 400.000000 1.000000 
513.72943 400.000000 1.000000 
1210.4189 400.000000 1.000000 
895.01928 400.000000 1.000000 
493.45010 400.000000 1.000000 
397.90365 400.000000 1.000000 
368.15316 400.000000 1.000000 
1423.9094 400.000000 1.000000 
400.55304 400.000000 1.000000 
372.95074 400.000000 1.000000 
438.60070 400.000000 1.000000 
369.04522 400.000000 1.000000 
584.36108 400.000000 1.000000 
389.84002 400.000000 1.000000 
339.94351 400.000000 1.000000 
367.47058 400.000000 1.000000 
822.10858 400.000000 1.000000 
476.60134 400.000000 1.000000 
392.94335 400.000000 1.000000 
449.91784 400.000000 1.000000 
623.37164 400.000000 1.000000 
367.01275 400.000000 1.000000 
657.24389 400.000000 1.000000 
747.40319 400.000000 1.000000 
485.90719 400.000000 1.000000 
688.49792 400.000000 1.000000 
492.59310 400.000000 1.000000 
803.71991 400.000000 1.000000 
373.88449 400.000000 1.000000 
405.43225 400.000000 1.000000 
312.89996 400.000000 1.000000 
1086.7465 400.000000 1.000000 
1092.5562 400.000000 1.000000 
486.22982 400.000000 1.000000 
1189.4058 400.000000 1.000000 
584.76995 400.000000 1.000000 
466.27554 400.000000 1.000000 
649.77972 400.000000 1.000000 
586.93078 400.000000 1.000000 
1488.1611 400.000000 1.000000 
352.87597 400.000000 1.000000 
537.16967 400.000000 1.000000 
428.23483 400.000000 1.000000 
624.83215 400.000000 1.000000 
1142.6666 400.000000 1.000000 
355.67453 400.000000 1.000000 
392.25500 400.000000 1.000000 
1253.6712 400.000000 1.000000 
919.54254 400.000000 1.000000 
396.19155 400.000000 1.000000 
346.93762 400.000000 1.000000 
513.33471 400.000000 1.000000 
740.06207 400.000000 1.000000 
944.34155 400.000000 1.000000 
379.50289 400.000000 1.000000 
425.10726 400.000000 1.000000 
658.93811 400.000000 1.000000 
1095.3282 400.000000 1.000000 
412.10479 400.000000 1.000000 
995.09161 400.000000 1.000000 
643.00579 400.000000 1.000000 
1010.5442 400.000000 1.000000 
596.16809 400.000000 1.000000 
461.98342 400.000000 1.000000 
1445.0789 400.000000 1.000000 
713.90539 400.000000 1.000000 
353.83718 400.000000 1.000000 
645.00195 400.000000 1.000000 
521.24469 400.000000 1.000000 
1093.9591 400.000000 1.000000 
541.33081 400.000000 1.000000 
402.00857 400.000000 1.000000 
330.65304 400.000000 1.000000 
642.50335 400.000000 1.000000 
1263.1452 400.000000 1.000000 
380.55398 400.000000 1.000000 
989.21936 400.000000 1.000000 
338.59149 400.000000 1.000000 
451.17684 400.000000 1.000000 
1085.5633 400.000000 1.000000 
661.35791 400.000000 1.000000 
347.71240 400.000000 1.000000 
566.81732 400.000000 1.000000 
642.47076 400.000000 1.000000 
398.96124 400.000000 1.000000 
464.67437 400.000000 1.000000 
738.19116 400.000000 1.000000 
302.05456 400.000000 1.000000 
465.73223 400.000000 1.000000 
439.56713 400.000000 1.000000 
455.36499 400.000000 1.000000 
844.16577 400.000000 1.000000 
418.64614 400.000000 1.000000 
402.15267 400.000000 1.000000 
311.46786 400.000000 1.000000 
426.94122 400.000000 1.000000 
480.94516 400.000000 1.000000 
461.23471 400.000000 1.000000 
295.01709 400.000000 1.000000 
398.66159 400.000000 1.000000 
650.04522 400.000000 1.000000 
414.59280 400.000000 1.000000 
878.95318 400.000000 1.000000 
442.10736 400.000000 1.000000 
467.47692 400.000000 1.000000 
429.73870 400.000000 1.000000 
1069.2038 400.000000 1.000000 
390.19744 400.000000 1.000000 
428.61215 400.000000 1.000000 
406.78659 400.000000 1.000000 
337.31628 400.000000 1.000000 
1160.3756 400.000000 1.000000 
404.50860 400.000000 1.000000 
730.99127 400.000000 1.000000 
612.74939 400.000000 1.000000 
1306.3505 400.000000 1.000000 
1044.9542 400.000000 1.000000 
367.67404 400.000000 1.000000 
486.44244 400.000000 1.000000 
766.53088 400.000000 1.000000 
470.72338 400.000000 1.000000 
515.88995 400.000000 1.000000 
383.62536 400.000000 1.000000 
937.86517 400.000000 1.000000 
456.19772 400.000000 1.000000 
348.54061 400.000000 1.000000 
409.79449 400.000000 1.000000 
579.94073 400.000000 1.000000 
558.71264 400.000000 1.000000 
505.91445 400.000000 1.000000 
708.95703 400.000000 1.000000 
583.03570 400.000000 1.000000 
359.50671 400.000000 1.000000 
2509.0456 400.000000 1.000000 
1408.1838 400.000000 1.000000 
487.42184 400.000000 1.000000 
453.05404 400.000000 1.000000 
921.96417 400.000000 1.000000 
479.65313 400.000000 1.000000 
432.25219 400.000000 1.000000 
352.41693 400.000000 1.000000 
363.44491 400.000000 1.000000 
386.14587 400.000000 1.000000 
389.82461 400.000000 1.000000 
411.03057 400.000000 1.000000 
916.23248 400.000000 1.000000 
329.64480 400.000000 1.000000 
381.65145 400.000000 1.000000 
368.60772 400.000000 1.000000 
464.25491 400.000000 1.000000 
358.22827 400.000000 1.000000 
585.75457 400.000000 1.000000 
416.02896 400.000000 1.000000 
509.76940 400.000000 1.000000 
409.74884 400.000000 1.000000 
1186.5208 400.000000 1.000000 
471.61673 400.000000 1.000000 
805.17382 400.000000 1.000000 
612.95532 400.000000 1.000000 
735.47998 400.000000 1.000000 
1106.3187 400.000000 1.000000 
1084.6944 400.000000 1.000000 
449.74777 400.000000 1.000000 
1703.1679 400.000000 1.000000 
838.83685 400.000000 1.000000 
652.65661 400.000000 1.000000 
374.29403 400.000000 1.000000 
506.80960 400.000000 1.000000 
1756.1528 400.000000 1.000000 
913.85968 400.000000 1.000000 
747.18585 400.000000 1.000000 
380.96563 400.000000 1.000000 
912.66217 400.000000 1.000000 
420.38696 400.000000 1.000000 
394.94680 400.000000 1.000000 
1180.4047 400.000000 1.000000 
640.51171 400.000000 1.000000 
675.87957 400.000000 1.000000 
388.33004 400.000000 1.000000 
713.21325 400.000000 1.000000 
946.21331 400.000000 1.000000 
416.31555 400.000000 1.000000 
454.05343 400.000000 1.000000 
761.48791 400.000000 1.000000 
394.99639 400.000000 1.000000 
740.19567 400.000000 1.000000 
409.33120 400.000000 1.000000 
470.35791 400.000000 1.000000 
427.15124 400.000000 1.000000 
411.88415 400.000000 1.000000 
370.32019 400.000000 1.000000 
439.64306 400.000000 1.000000 
499.95599 400.000000 1.000000 
377.28079 400.000000 1.000000 
871.04711 400.000000 1.000000 
350.52966 400.000000 1.000000 
426.39077 400.000000 1.000000 
373.14389 400.000000 1.000000 
458.29391 400.000000 1.000000 
442.26544 400.000000 1.000000 
656.69769 400.000000 1.000000 
622.01348 400.000000 1.000000 
1914.8579 400.000000 1.000000 
866.04632 400.000000 1.000000 
1124.2128 400.000000 1.000000 
395.87039 400.000000 1.000000 
399.20132 400.000000 1.000000 
326.76394 400.000000 1.000000 
748.71112 400.000000 1.000000 
326.56839 400.000000 1.000000 
547.81097 400.000000 1.000000 
1194.7669 400.000000 1.000000 
383.74691 400.000000 1.000000 
636.02288 400.000000 1.000000 
640.58392 400.000000 1.000000 
413.95800 400.000000 1.000000 
982.86853 400.000000 1.000000 
465.96026 400.000000 1.000000 
577.84497 400.000000 1.000000 
434.28561 400.000000 1.000000 
430.12347 400.000000 1.000000 
1149.8313 400.000000 1.000000 
479.29278 400.000000 1.000000 
2282.1125 400.000000 1.000000 
404.69482 400.000000 1.000000 
365.93515 400.000000 1.000000 
410.49697 400.000000 1.000000 
743.33673 400.000000 1.000000 
1179.0042 400.000000 1.000000 
232.55236 400.000000 1.000000 
610.95361 400.000000 1.000000 
361.73248 400.000000 1.000000 
397.03884 400.000000 1.000000 
508.04397 400.000000 1.000000 
369.29733 400.000000 1.000000 
540.80798 400.000000 1.000000 
753.81317 400.000000 1.000000 
337.15133 400.000000 1.000000 
1040.8518 400.000000 1.000000 
374.31698 400.000000 1.000000 
1237.7855 400.000000 1.000000 
394.39141 400.000000 1.000000 
1043.7635 400.000000 1.000000 
445.14559 400.000000 1.000000 
420.70535 400.000000 1.000000 
518.65728 400.000000 1.000000 
377.06124 400.000000 1.000000 
392.00140 400.000000 1.000000 
403.09878 400.000000 1.000000 
903.43646 400.000000 1.000000 
419.97970 400.000000 1.000000 
355.48217 400.000000 1.000000 
1067.1805 400.000000 1.000000 
476.46310 400.000000 1.000000 
515.19903 400.000000 1.000000 
536.99060 400.000000 1.000000 
560.24182 400.000000 1.000000 
428.62466 400.000000 1.000000 
418.53793 400.000000 1.000000 
1313.8715 400.000000 1.000000 
820.63342 400.000000 1.000000 
314.67260 400.000000 1.000000 
716.83923 400.000000 1.000000 
446.76217 400.000000 1.000000 
474.11004 400.000000 1.000000 
894.86218 400.000000 1.000000 
423.33429 400.000000 1.000000 
527.87353 400.000000 1.000000 
446.11608 400.000000 1.000000 
635.16680 400.000000 1.000000 
856.21368 400.000000 1.000000 
414.17074 400.000000 1.000000 
589.59704 400.000000 1.000000 
499.81259 400.000000 1.000000 
616.05358 400.000000 1.000000 
446.54080 400.000000 1.000000 
427.13775 400.000000 1.000000 
368.39746 400.000000 1.000000 
915.70697 400.000000 1.000000 
420.09448 400.000000 1.000000 
544.05114 400.000000 1.000000 
676.03485 400.000000 1.000000 
315.64126 400.000000 1.000000 
550.01055 400.000000 1.000000 
401.18985 400.000000 1.000000 
386.07714 400.000000 1.000000 
343.19039 400.000000 1.000000 
1771.8942 400.000000 1.000000 
497.59994 400.000000 1.000000 
435.69876 400.000000 1.000000 
983.52130 400.000000 1.000000 
414.55709 400.000000 1.000000 
784.58703 400.000000 1.000000 
486.46316 400.000000 1.000000 
422.22589 400.000000 1.000000 
416.97113 400.000000 1.000000 
373.80432 400.000000 1.000000 
566.48101 400.000000 1.000000 
342.72988 400.000000 1.000000 
641.47296 400.000000 1.000000 
349.49847 400.000000 1.000000 
460.88815 400.000000 1.000000 
543.08898 400.000000 1.000000 
526.17309 400.000000 1.000000 
354.84249 400.000000 1.000000 
354.86871 400.000000 1.000000 
398.69039 400.000000 1.000000 
985.26190 400.000000 1.000000 
773.55517 400.000000 1.000000 
432.11422 400.000000 1.000000 
364.53799 400.000000 1.000000 
409.60064 400.000000 1.000000 
387.82186 400.000000 1.000000 
324.25842 400.000000 1.000000 
386.47256 400.000000 1.000000 
667.55676 400.000000 1.000000 
479.44036 400.000000 1.000000 
641.09509 400.000000 1.000000 
2963.3737 400.000000 1.000000 
610.34240 400.000000 1.000000 
1015.8741 400.000000 1.000000 
449.49169 400.000000 1.000000 
1032.8862 400.000000 1.000000 
1618.9191 400.000000 1.000000 
536.16955 400.000000 1.000000 
481.64514 400.000000 1.000000 
1239.5533 400.000000 1.000000 
536.74127 400.000000 1.000000 
399.28451 400.000000 1.000000 
426.91766 400.000000 1.000000 
391.91113 400.000000 1.000000 
356.90805 400.000000 1.000000 
403.83245 400.000000 1.000000 
555.52917 400.000000 1.000000 
474.65683 400.000000 1.000000 
373.97418 400.000000 1.000000 
510.68191 400.000000 1.000000 
475.92733 400.000000 1.000000 
549.14459 400.000000 1.000000 
477.90670 400.000000 1.000000 
806.14379 400.000000 1.000000 
781.89147 400.000000 1.000000 
379.22744 400.000000 1.000000 
630.91198 400.000000 1.000000 
378.11743 400.000000 1.000000 
1003.1634 400.000000 1.000000 
385.75882 400.000000 1.000000 
341.40271 400.000000 1.000000 
485.00579 400.000000 1.000000 
617.60131 400.000000 1.000000 
629.97882 400.000000 1.000000 
555.12738 400.000000 1.000000 
1093.6124 400.000000 1.000000 
862.23266 400.000000 1.000000 
480.09640 400.000000 1.000000 
408.50888 400.000000 1.000000 
504.56625 400.000000 1.000000 
441.27172 400.000000 1.000000 
1629.1558 400.000000 1.000000 
2138.6833 400.000000 1.000000 
517.95391 400.000000 1.000000 
316.52844 400.000000 1.000000 
443.33902 400.000000 1.000000 
484.13397 400.000000 1.000000 
563.58386 400.000000 1.000000 
1068.0377 400.000000 1.000000 
584.48938 400.000000 1.000000 
497.46948 400.000000 1.000000 
413.58456 400.000000 1.000000 
466.90286 400.000000 1.000000 
1079.1604 400.000000 1.000000 
736.53344 400.000000 1.000000 
572.81103 400.000000 1.000000 
348.47830 400.000000 1.000000 
404.26486 400.000000 1.000000 
1281.8872 400.000000 1.000000 
1209.8737 400.000000 1.000000 
1011.5111 400.000000 1.000000 
362.12606 400.000000 1.000000 
309.46368 400.000000 1.000000 
400.73541 400.000000 1.000000 
478.23397 400.000000 1.000000 
839.23425 400.000000 1.000000 
393.93740 400.000000 1.000000 
763.57861 400.000000 1.000000 
629.45953 400.000000 1.000000 
539.57251 400.000000 1.000000 
517.45544 400.000000 1.000000 
423.62881 400.000000 1.000000 
704.48516 400.000000 1.000000 
1138.4870 400.000000 1.000000 
737.32128 400.000000 1.000000 
554.70788 400.000000 1.000000 
453.77114 400.000000 1.000000 
333.61126 400.000000 1.000000 
433.93765 400.000000 1.000000 
410.25448 400.000000 1.000000 
403.86434 400.000000 1.000000 
514.16503 400.000000 1.000000 
400.70916 400.000000 1.000000 
378.11700 400.000000 1.000000 
478.08783 400.000000 1.000000 
366.51065 400.000000 1.000000 
386.38116 400.000000 1.000000 
569.55151 400.000000 1.000000 
509.85211 400.000000 1.000000 
1178.1760 400.000000 1.000000 
374.70669 400.000000 1.000000 
487.90908 400.000000 1.000000 
423.97564 400.000000 1.000000 
461.14395 400.000000 1.000000 
270.793979 400.000000 0.000000
895.483739 400.000000 0.000000
443.483335 400.000000 0.000000
474.420542 400.000000 0.000000
520.455709 400.000000 0.000000
823.986329 400.000000 0.000000
533.240122 400.000000 0.000000
685.624211 400.000000 0.000000
131.689769 400.000000 0.000000
914.756517 400.000000 0.000000
598.300911 400.000000 0.000000
403.825611 400.000000 0.000000
512.819272 400.000000 0.000000
975.018866 400.000000 0.000000
363.272393 400.000000 0.000000
768.365023 400.000000 0.000000
531.964086 400.000000 0.000000
720.101966 400.000000 0.000000
377.929950 400.000000 0.000000
449.566540 400.000000 0.000000
461.364053 400.000000 0.000000
629.474352 400.000000 0.000000
710.081527 400.000000 0.000000
953.230197 400.000000 0.000000
368.202280 400.000000 0.000000
991.743154 400.000000 0.000000
72.332871 400.000000 0.000000
508.134387 400.000000 0.000000
542.107051 400.000000 0.000000
763.215951 400.000000 0.000000
682.527165 400.000000 0.000000
954.371803 400.000000 0.000000
610.470980 400.000000 0.000000
531.911072 400.000000 0.000000
310.976184 400.000000 0.000000
22.864022 400.000000 0.000000
672.519025 400.000000 0.000000
820.257264 400.000000 0.000000
250.376389 400.000000 0.000000
53.833423 400.000000 0.000000
639.098185 400.000000 0.000000
500.935087 400.000000 0.000000
475.717788 400.000000 0.000000
701.578583 400.000000 0.000000
456.347516 400.000000 0.000000
278.751833 400.000000 0.000000
642.001070 400.000000 0.000000
465.224879 400.000000 0.000000
327.664604 400.000000 0.000000
535.056414 400.000000 0.000000
297.300840 400.000000 0.000000
192.926165 400.000000 0.000000
448.273146 400.000000 0.000000
856.252382 400.000000 0.000000
350.966683 400.000000 0.000000
557.961300 400.000000 0.000000
974.926706 400.000000 0.000000
325.103558 400.000000 0.000000
614.461469 400.000000 0.000000
13.480751 400.000000 0.000000
551.820314 400.000000 0.000000
893.730690 400.000000 0.000000
119.837131 400.000000 0.000000
230.093507 400.000000 0.000000
422.857863 400.000000 0.000000
8.702527 400.000000 0.000000
302.651580 400.000000 0.000000
776.807494 400.000000 0.000000
916.048756 400.000000 0.000000
424.136598 400.000000 0.000000
43.119694 400.000000 0.000000
638.554833 400.000000 0.000000
738.828196 400.000000 0.000000
542.736844 400.000000 0.000000
725.094694 400.000000 0.000000
583.861692 400.000000 0.000000
635.141885 400.000000 0.000000
63.826622 400.000000 0.000000
191.781450 400.000000 0.000000
815.325412 400.000000 0.000000
210.300206 400.000000 0.000000
308.697165 400.000000 0.000000
836.585507 400.000000 0.000000
268.939550 400.000000 0.000000
198.402976 400.000000 0.000000
646.722840 400.000000 0.000000
401.254865 400.000000 0.000000
535.897387 400.000000 0.000000
589.735138 400.000000 0.000000
776.638776 400.000000 0.000000
537.780097 400.000000 0.000000
109.110152 400.000000 0.000000
263.896127 400.000000 0.000000
905.194548 400.000000 0.000000
285.211500 400.000000 0.000000
484.019053 400.000000 0.000000
306.478949 400.000000 0.000000
706.476664 400.000000 0.000000
368.102976 400.000000 0.000000
163.713079 400.000000 0.000000
270.572730 400.000000 0.000000
381.103044 400.000000 0.000000
460.062114 400.000000 0.000000
550.471226 400.000000 0.000000
243.120497 400.000000 0.000000
27.538967 400.000000 0.000000
517.612102 400.000000 0.000000
520.189624 400.000000 0.000000
439.126116 400.000000 0.000000
794.983078 400.000000 0.000000
179.699879 400.000000 0.000000
292.039535 400.000000 0.000000
498.796582 400.000000 0.000000
65.991698 400.000000 0.000000
448.523161 400.000000 0.000000
405.060956 400.000000 0.000000
16.205239 400.000000 0.000000
516.044431 400.000000 0.000000
734.241054 400.000000 0.000000
347.815489 400.000000 0.000000
680.424450 400.000000 0.000000
493.820964 400.000000 0.000000
892.151965 400.000000 0.000000
128.602403 400.000000 0.000000
753.750949 400.000000 0.000000
886.778716 400.000000 0.000000
832.899365 400.000000 0.000000
929.374003 400.000000 0.000000
927.273158 400.000000 0.000000
704.980433 400.000000 0.000000
444.244065 400.000000 0.000000
960.170432 400.000000 0.000000
932.746209 400.000000 0.000000
763.582333 400.000000 0.000000
148.346424 400.000000 0.000000
918.432907 400.000000 0.000000
983.821271 400.000000 0.000000
232.400290 400.000000 0.000000
58.688651 400.000000 0.000000
865.417223 400.000000 0.000000
697.049208 400.000000 0.000000
442.637377 400.000000 0.000000
981.286174 400.000000 0.000000
197.993675 400.000000 0.000000
637.614059 400.000000 0.000000
941.884304 400.000000 0.000000
171.198999 400.000000 0.000000
75.405811 400.000000 0.000000
694.191593 400.000000 0.000000
849.749891 400.000000 0.000000
608.863492 400.000000 0.000000
798.032865 400.000000 0.000000
971.976927 400.000000 0.000000
75.610458 400.000000 0.000000
548.891425 400.000000 0.000000
912.722728 400.000000 0.000000
260.083433 400.000000 0.000000
874.998250 400.000000 0.000000
890.120292 400.000000 0.000000
348.384898 400.000000 0.000000
89.304016 400.000000 0.000000
581.130741 400.000000 0.000000
363.287421 400.000000 0.000000
120.068846 400.000000 0.000000
637.923030 400.000000 0.000000
35.759737 400.000000 0.000000
729.864616 400.000000 0.000000
774.163934 400.000000 0.000000
196.597003 400.000000 0.000000
177.938259 400.000000 0.000000
77.848678 400.000000 0.000000
668.433349 400.000000 0.000000
190.415099 400.000000 0.000000
873.364467 400.000000 0.000000
666.925807 400.000000 0.000000
853.215773 400.000000 0.000000
297.667318 400.000000 0.000000
653.341821 400.000000 0.000000
823.503213 400.000000 0.000000
570.414388 400.000000 0.000000
3.810622 400.000000 0.000000
0.117246 400.000000 0.000000
811.797619 400.000000 0.000000
34.252319 400.000000 0.000000
737.788324 400.000000 0.000000
660.695132 400.000000 0.000000
392.434001 400.000000 0.000000
150.223732 400.000000 0.000000
479.877594 400.000000 0.000000
275.879095 400.000000 0.000000
95.529568 400.000000 0.000000
576.398672 400.000000 0.000000
397.996926 400.000000 0.000000
932.846571 400.000000 0.000000
354.156138 400.000000 0.000000
798.024250 400.000000 0.000000
6.087794 400.000000 0.000000
541.288949 400.000000 0.000000
986.409095 400.000000 0.000000
919.465897 400.000000 0.000000
554.288637 400.000000 0.000000
478.934624 400.000000 0.000000
143.396051 400.000000 0.000000
908.576218 400.000000 0.000000
978.077043 400.000000 0.000000
463.224990 400.000000 0.000000
122.673178 400.000000 0.000000
410.490442 400.000000 0.000000
198.837886 400.000000 0.000000
207.608306 400.000000 0.000000
776.942593 400.000000 0.000000
20.891900 400.000000 0.000000
180.154790 400.000000 0.000000
877.819769 400.000000 0.000000
458.056405 400.000000 0.000000
574.071763 400.000000 0.000000
871.699421 400.000000 0.000000
89.282340 400.000000 0.000000
55.405044 400.000000 0.000000
614.930159 400.000000 0.000000
388.468722 400.000000 0.000000
742.188280 400.000000 0.000000
735.330401 400.000000 0.000000
792.412023 400.000000 0.000000
32.279261 400.000000 0.000000
312.665737 400.000000 0.000000
405.845477 400.000000 0.000000
562.568136 400.000000 0.000000
706.161424 400.000000 0.000000
832.932717 400.000000 0.000000
966.896628 400.000000 0.000000
668.005940 400.000000 0.000000
735.505931 400.000000 0.000000
335.388081 400.000000 0.000000
79.484984 400.000000 0.000000
526.653232 400.000000 0.000000
730.035432 400.000000 0.000000
502.742965 400.000000 0.000000
798.595266 400.000000 0.000000
62.286534 400.000000 0.000000
687.901302 400.000000 0.000000
265.289934 400.000000 0.000000
490.109592 400.000000 0.000000
441.637315 400.000000 0.000000
19.968340 400.000000 0.000000
131.891424 400.000000 0.000000
925.636112 400.000000 0.000000
209.475271 400.000000 0.000000
179.478132 400.000000 0.000000
895.643328 400.000000 0.000000
776.335367 400.000000 0.000000
968.304745 400.000000 0.000000
343.019986 400.000000 0.000000
638.595796 400.000000 0.000000
504.234169 400.000000 0.000000
469.474693 400.000000 0.000000
511.710342 400.000000 0.000000
980.683223 400.000000 0.000000
136.675397 400.000000 0.000000
674.087235 400.000000 0.000000
565.323684 400.000000 0.000000
113.099643 400.000000 0.000000
419.436957 400.000000 0.000000
449.444639 400.000000 0.000000
546.438975 400.000000 0.000000
610.796394 400.000000 0.000000
308.485811 400.000000 0.000000
757.221534 400.000000 0.000000
918.892830 400.000000 0.000000
773.558249 400.000000 0.000000
277.755136 400.000000 0.000000
895.579215 400.000000 0.000000
350.873629 400.000000 0.000000
495.688359 400.000000 0.000000
822.817931 400.000000 0.000000
6.330044 400.000000 0.000000
616.384951 400.000000 0.000000
247.130778 400.000000 0.000000
238.195591 400.000000 0.000000
657.186667 400.000000 0.000000
728.232819 400.000000 0.000000
614.392400 400.000000 0.000000
982.035980 400.000000 0.000000
579.588101 400.000000 0.000000
622.479585 400.000000 0.000000
662.778281 400.000000 0.000000
3.211664 400.000000 0.000000
659.974782 400.000000 0.000000
320.768909 400.000000 0.000000
706.409928 400.000000 0.000000
848.844006 400.000000 0.000000
411.563961 400.000000 0.000000
582.116029 400.000000 0.000000
523.446300 400.000000 0.000000
277.291724 400.000000 0.000000
449.408899 400.000000 0.000000
782.855045 400.000000 0.000000
676.977713 400.000000 0.000000
402.979152 400.000000 0.000000
200.799515 400.000000 0.000000
863.119995 400.000000 0.000000
389.838167 400.000000 0.000000
784.957898 400.000000 0.000000
803.347179 400.000000 0.000000
150.153871 400.000000 0.000000
950.196930 400.000000 0.000000
719.379156 400.000000 0.000000
746.266044 400.000000 0.000000
116.739786 400.000000 0.000000
536.916551 400.000000 0.000000
544.202921 400.000000 0.000000
56.627211 400.000000 0.000000
251.926251 400.000000 0.000000
565.989131 400.000000 0.000000
659.294629 400.000000 0.000000
803.314738 400.000000 0.000000
547.944301 400.000000 0.000000
644.335517 400.000000 0.000000
305.749226 400.000000 0.000000
14.445772 400.000000 0.000000
588.719236 400.000000 0.000000
342.854576 400.000000 0.000000
191.930590 400.000000 0.000000
950.060272 400.000000 0.000000
331.803108 400.000000 0.000000
999.969583 400.000000 0.000000
987.734531 400.000000 0.000000
710.354612 400.000000 0.000000
335.949217 400.000000 0.000000
337.385442 400.000000 0.000000
419.780481 400.000000 0.000000
909.228494 400.000000 0.000000
577.303701 400.000000 0.000000
215.385615 400.000000 0.000000
892.435325 400.000000 0.000000
171.188090 400.000000 0.000000
866.160813 400.000000 0.000000
702.136868 400.000000 0.000000
69.799765 400.000000 0.000000
420.586199 400.000000 0.000000
938.040815 400.000000 0.000000
717.428406 400.000000 0.000000
596.037385 400.000000 0.000000
713.242734 400.000000 0.000000
36.197344 400.000000 0.000000
39.780024 400.000000 0.000000
172.054798 400.000000 0.000000
284.747583 400.000000 0.000000
809.836776 400.000000 0.000000
657.649889 400.000000 0.000000
696.646681 400.000000 0.000000
526.746121 400.000000 0.000000
528.163005 400.000000 0.000000
22.196043 400.000000 0.000000
207.787839 400.000000 0.000000
785.332466 400.000000 0.000000
875.162157 400.000000 0.000000
823.506839 400.000000 0.000000
443.084129 400.000000 0.000000
488.176767 400.000000 0.000000
262.727669 400.000000 0.000000
432.744460 400.000000 0.000000
996.404906 400.000000 0.000000
685.910385 400.000000 0.000000
144.105057 400.000000 0.000000
429.952378 400.000000 0.000000
655.276581 400.000000 0.000000
146.380893 400.000000 0.000000
921.663457 400.000000 0.000000
825.043408 400.000000 0.000000
797.661757 400.000000 0.000000
98.314438 400.000000 0.000000
813.681665 400.000000 0.000000
152.843278 400.000000 0.000000
7.671161 400.000000 0.000000
142.528018 400.000000 0.000000
92.736196 400.000000 0.000000
574.037261 400.000000 0.000000
608.299356 400.000000 0.000000
290.482005 400.000000 0.000000
325.369033 400.000000 0.000000
69.957464 400.000000 0.000000
426.924480 400.000000 0.000000
663.213461 400.000000 0.000000
576.682506 400.000000 0.000000
801.382192 400.000000 0.000000
821.461318 400.000000 0.000000
674.552818 400.000000 0.000000
722.055824 400.000000 0.000000
219.381043 400.000000 0.000000
13.743222 400.000000 0.000000
242.231486 400.000000 0.000000
284.447315 400.000000 0.000000
797.657975 400.000000 0.000000
178.981076 400.000000 0.000000
502.779014 400.000000 0.000000
82.158484 400.000000 0.000000
838.179971 400.000000 0.000000
579.258398 400.000000 0.000000
664.096114 400.000000 0.000000
676.473576 400.000000 0.000000
952.265364 400.000000 0.000000
781.369402 400.000000 0.000000
748.402111 400.000000 0.000000
177.436060 400.000000 0.000000
613.813281 400.000000 0.000000
187.779440 400.000000 0.000000
823.692911 400.000000 0.000000
488.697611 400.000000 0.000000
889.583714 400.000000 0.000000
921.572981 400.000000 0.000000
671.413584 400.000000 0.000000
686.173955 400.000000 0.000000
196.100266 400.000000 0.000000
80.698217 400.000000 0.000000
163.651905 400.000000 0.000000
492.267365 400.000000 0.000000
690.848670 400.000000 0.000000
950.100715 400.000000 0.000000
373.223373 400.000000 0.000000
696.638951 400.000000 0.000000
699.857829 400.000000 0.000000
621.234249 400.000000 0.000000
629.748865 400.000000 0.000000
421.114952 400.000000 0.000000
140.447921 400.000000 0.000000
785.348905 400.000000 0.000000
649.503012 400.000000 0.000000
577.476941 400.000000 0.000000
183.646147 400.000000 0.000000
457.412994 400.000000 0.000000
248.173225 400.000000 0.000000
901.926180 400.000000 0.000000
143.247594 400.000000 0.000000
857.858123 400.000000 0.000000
89.120429 400.000000 0.000000
329.997348 400.000000 0.000000
236.191412 400.000000 0.000000
398.225071 400.000000 0.000000
221.891786 400.000000 0.000000
283.048200 400.000000 0.000000
197.745373 400.000000 0.000000
957.843165 400.000000 0.000000
490.902932 400.000000 0.000000
36.698741 400.000000 0.000000
236.658822 400.000000 0.000000
215.895365 400.000000 0.000000
228.618502 400.000000 0.000000
953.917441 400.000000 0.000000
103.103118 400.000000 0.000000
135.783284 400.000000 0.000000
863.743852 400.000000 0.000000
746.520275 400.000000 0.000000
495.352840 400.000000 0.000000
467.165686 400.000000 0.000000
64.899887 400.000000 0.000000
569.180326 400.000000 0.000000
197.511240 400.000000 0.000000
343.639481 400.000000 0.000000
781.971090 400.000000 0.000000
754.159670 400.000000 0.000000
453.055125 400.000000 0.000000
315.917235 400.000000 0.000000
498.691496 400.000000 0.000000
18.154418 400.000000 0.000000
265.634784 400.000000 0.000000
594.421576 400.000000 0.000000
914.180336 400.000000 0.000000
370.163005 400.000000 0.000000
71.878911 400.000000 0.000000
4.099004 400.000000 0.000000
794.206688 400.000000 0.000000
860.461618 400.000000 0.000000
653.205309 400.000000 0.000000
987.061407 400.000000 0.000000
966.734328 400.000000 0.000000
991.578919 400.000000 0.000000
96.000609 400.000000 0.000000
477.873969 400.000000 0.000000
624.590839 400.000000 0.000000
262.967819 400.000000 0.000000
110.190004 400.000000 0.000000
933.876986 400.000000 0.000000
39.458393 400.000000 0.000000
803.285759 400.000000 0.000000
182.259095 400.000000 0.000000
868.208604 400.000000 0.000000
125.467086 400.000000 0.000000
43.128374 400.000000 0.000000
492.532461 400.000000 0.000000
425.570159 400.000000 0.000000
788.809714 400.000000 0.000000
252.912878 400.000000 0.000000
423.323230 400.000000 0.000000
838.211518 400.000000 0.000000
75.956614 400.000000 0.000000
666.860425 400.000000 0.000000
17.967532 400.000000 0.000000
56.081522 400.000000 0.000000
125.216951 400.000000 0.000000