977.39929 500 1
502.65100 500 1
811.93652 500 1
739.74401 500 1
683.11492 500 1
447.36041 500 1
508.48675 500 1
453.66592 500 1
732.54736 500 1
364.25051 500 1
621.99542 500 1
656.21563 500 1
987.45849 500 1
531.12292 500 1
910.62097 500 1
570.59570 500 1
467.07601 500 1
559.61175 500 1
963.12054 500 1
439.91003 500 1
539.51458 500 1
447.87286 500 1
555.06420 500 1
1448.6590 500 1
601.41839 500 1
443.75082 500 1
627.34515 500 1
1094.7282 500 1
747.16143 500 1
1035.1103 500 1
560.07464 500 1
1588.5596 500 1
419.21289 500 1
471.94039 500 1
492.38830 500 1
718.84210 500 1
776.05633 500 1
396.72232 500 1
430.21710 500 1
471.79159 500 1
587.53778 500 1
406.60501 500 1
676.12921 500 1
505.81961 500 1
948.52832 500 1
428.70651 500 1
510.74313 500 1
807.64526 500 1
718.40356 500 1
488.77182 500 1
515.18530 500 1
392.32305 500 1
536.81634 500 1
1513.6671 500 1
525.13421 500 1
504.71722 500 1
463.13470 500 1
496.55053 500 1
502.31381 500 1
526.54504 500 1
626.09259 500 1
494.26535 500 1
440.18139 500 1
556.37640 500 1
570.04376 500 1
645.19470 500 1
774.22906 500 1
1456.1480 500 1
430.09637 500 1
924.60644 500 1
1070.7835 500 1
523.10192 500 1
431.67681 500 1
543.39404 500 1
802.83868 500 1
436.55200 500 1
395.48440 500 1
537.44287 500 1
422.76675 500 1
1198.5811 500 1
1406.0782 500 1
3584.9216 500 1
601.54077 500 1
1264.4378 500 1
429.77185 500 1
464.51141 500 1
584.10705 500 1
557.79870 500 1
483.12362 500 1
439.09509 500 1
837.57897 500 1
611.08551 500 1
1200.7899 500 1
1301.3654 500 1
487.07315 500 1
906.60540 500 1
2147.1640 500 1
799.47711 500 1
497.33468 500 1
751.20263 500 1
769.96069 500 1
1004.4455 500 1
594.08056 500 1
422.32589 500 1
469.73623 500 1
397.56655 500 1
515.15728 500 1
490.22158 500 1
445.78552 500 1
587.34765 500 1
1009.9736 500 1
840.93945 500 1
448.29306 500 1
659.35186 500 1
976.04870 500 1
440.47699 500 1
490.64889 500 1
2321.3037 500 1
464.64233 500 1
625.45330 500 1
1128.4603 500 1
895.11450 500 1
524.71783 500 1
648.92578 500 1
532.04382 500 1
654.625 500 1
633.90673 500 1
486.22183 500 1
496.25082 500 1
852.94677 500 1
1113.2486 500 1
1084.349 500 1
579.36395 500 1
681.80706 500 1
519.82757 500 1
557.89453 500 1
457.40747 500 1
367.21130 500 1
498.10064 500 1
437.25598 500 1
643.79174 500 1
520.40496 500 1
664.10650 500 1
924.61285 500 1
473.94818 500 1
749.52575 500 1
1290.8400 500 1
518.42651 500 1
1021.1249 500 1
548.12164 500 1
440.76101 500 1
492.55310 500 1
1448.8105 500 1
420.05325 500 1
772.69677 500 1
480.30053 500 1
900.33502 500 1
1502.1099 500 1
595.50805 500 1
559.45538 500 1
463.81521 500 1
878.62371 500 1
528.93829 500 1
438.92422 500 1
590.57861 500 1
642.21484 500 1
558.18139 500 1
554.00927 500 1
904.89593 500 1
505.46371 500 1
682.93994 500 1
704.81189 500 1
809.77197 500 1
500.01156 500 1
864.66381 500 1
765.60717 500 1
933.18621 500 1
1289.3286 500 1
625.79827 500 1
460.69528 500 1
571.66803 500 1
636.97796 500 1
458.31198 500 1
683.65649 500 1
567.41821 500 1
512.16851 500 1
900.68597 500 1
538.01074 500 1
639.81189 500 1
624.12756 500 1
743.80310 500 1
1796.8107 500 1
2674.0048 500 1
624.55719 500 1
1014.1652 500 1
522.80419 500 1
762.21575 500 1
982.24353 500 1
517.27722 500 1
431.72995 500 1
595.49865 500 1
711.01293 500 1
530.23254 500 1
458.19787 500 1
671.38201 500 1
2637.0122 500 1
567.82318 500 1
703.58343 500 1
615.88885 500 1
517.02685 500 1
906.34991 500 1
618.88201 500 1
1179.0308 500 1
540.10333 500 1
404.56774 500 1
638.12634 500 1
470.63702 500 1
465.20721 500 1
494.48654 500 1
465.01382 500 1
492.61456 500 1
514.37341 500 1
1684.5367 500 1
467.35458 500 1
569.03546 500 1
492.04772 500 1
970.76959 500 1
475.26739 500 1
704.11944 500 1
847.10199 500 1
452.98733 500 1
519.97735 500 1
500.83511 500 1
897.89709 500 1
484.66012 500 1
447.68557 500 1
580.31897 500 1
538.86987 500 1
474.07852 500 1
691.01324 500 1
642.76086 500 1
898.06707 500 1
579.96807 500 1
496.39669 500 1
712.13494 500 1
552.39440 500 1
626.70098 500 1
461.69070 500 1
1185.4335 500 1
542.19781 500 1
869.62652 500 1
477.75402 500 1
1022.8946 500 1
464.35220 500 1
729.59973 500 1
492.84167 500 1
499.73761 500 1
537.66827 500 1
450.07135 500 1
736.42590 500 1
594.40850 500 1
657.41320 500 1
636.81213 500 1
519.71380 500 1
894.56640 500 1
461.93466 500 1
882.42327 500 1
556.57196 500 1
559.50183 500 1
419.06344 500 1
2005.0089 500 1
741.75463 500 1
593.13690 500 1
1052.2517 500 1
491.84402 500 1
642.01593 500 1
562.85412 500 1
453.38632 500 1
475.68563 500 1
609.64355 500 1
572.61816 500 1
816.34802 500 1
566.62860 500 1
1318.5811 500 1
556.03064 500 1
711.78613 500 1
1097.5772 500 1
413.71963 500 1
626.68841 500 1
742.69702 500 1
656.10015 500 1
724.16864 500 1
750.58874 500 1
558.09643 500 1
587.87384 500 1
503.21225 500 1
714.45062 500 1
391.82608 500 1
990.70788 500 1
791.02258 500 1
542.81280 500 1
504.26062 500 1
899.40356 500 1
501.12359 500 1
489.31289 500 1
725.58850 500 1
1580.3192 500 1
1357.8294 500 1
656.61578 500 1
1188.4158 500 1
1303.7678 500 1
661.58483 500 1
890.24670 500 1
446.41586 500 1
608.54595 500 1
488.57266 500 1
746.43866 500 1
631.67199 500 1
1774.1281 500 1
653.96081 500 1
450.68789 500 1
486.46313 500 1
454.61474 500 1
648.50677 500 1
535.07598 500 1
805.80560 500 1
907.03472 500 1
666.96405 500 1
642.24273 500 1
534.99133 500 1
467.97729 500 1
429.13201 500 1
668.00073 500 1
428.64990 500 1
426.78469 500 1
788.89752 500 1
491.32016 500 1
532.38427 500 1
539.03997 500 1
1032.6130 500 1
460.23361 500 1
1467.2039 500 1
682.112 500 1
516.70141 500 1
625.04919 500 1
451.33419 500 1
527.61761 500 1
965.99633 500 1
629.13684 500 1
599.49719 500 1
778.33081 500 1
623.35974 500 1
519.30151 500 1
584.16503 500 1
524.36450 500 1
457.61804 500 1
573.70385 500 1
449.05688 500 1
575.69653 500 1
497.57547 500 1
523.15795 500 1
568.03796 500 1
874.07415 500 1
756.73529 500 1
1133.6464 500 1
504.83596 500 1
436.95318 500 1
468.45697 500 1
465.13787 500 1
810.53100 500 1
923.93243 500 1
477.44705 500 1
374.86309 500 1
477.44943 500 1
1110.2286 500 1
1289.6263 500 1
397.40020 500 1
761.88891 500 1
483.45718 500 1
1408.0183 500 1
480.41369 500 1
504.83654 500 1
1469.1416 500 1
833.30413 500 1
469.20672 500 1
521.67590 500 1
657.30236 500 1
524.98822 500 1
621.49920 500 1
479.95871 500 1
520.83862 500 1
382.65570 500 1
586.54968 500 1
657.37628 500 1
622.39471 500 1
632.65649 500 1
574.22424 500 1
634.62219 500 1
658.19744 500 1
471.61102 500 1
1047.5127 500 1
429.97082 500 1
514.20690 500 1
584.38964 500 1
1091.5384 500 1
640.19494 500 1
443.12851 500 1
468.00335 500 1
771.97424 500 1
639.95013 500 1
467.77270 500 1
475.34491 500 1
838.38476 500 1
796.32684 500 1
525.07128 500 1
561.46679 500 1
1690.9140 500 1
549.79144 500 1
934.77026 500 1
584.23419 500 1
1322.4008 500 1
1049.9156 500 1
478.28164 500 1
795.62628 500 1
602.50152 500 1
472.84954 500 1
445.67816 500 1
2630.4980 500 1
426.25235 500 1
585.77996 500 1
1091.2021 500 1
690.11560 500 1
465.25183 500 1
796.11022 500 1
328.95913 500 1
480.24340 500 1
420.25445 500 1
766.01666 500 1
417.39175 500 1
725.00177 500 1
519.47705 500 1
1026.2397 500 1
485.84741 500 1
689.62646 500 1
803.63720 500 1
643.21765 500 1
528.11731 500 1
457.43109 500 1
988.35852 500 1
496.03949 500 1
473.15597 500 1
449.28115 500 1
560.90716 500 1
1019.1914 500 1
515.30847 500 1
446.71334 500 1
654.99847 500 1
505.70776 500 1
438.10046 500 1
758.30084 500 1
544.74359 500 1
458.01074 500 1
1282.5607 500 1
630.73529 500 1
410.24441 500 1
465.04141 500 1
453.29531 500 1
540.11084 500 1
983.24176 500 1
493.13476 500 1
409.05587 500 1
469.99786 500 1
593.52075 500 1
521.37982 500 1
554.09338 500 1
597.77331 500 1
500.51925 500 1
497.08700 500 1
422.03930 500 1
567.37506 500 1
976.07269 500 1
638.55395 500 1
1571.1163 500 1
446.26382 500 1
964.65332 500 1
479.52722 500 1
486.84286 500 1
570.35290 500 1
773.93377 500 1
755.52063 500 1
643.85345 500 1
432.94134 500 1
627.03491 500 1
449.91769 500 1
594.31585 500 1
552.74493 500 1
763.67907 500 1
490.91940 500 1
636.65496 500 1
496.56069 500 1
452.23898 500 1
552.67889 500 1
647.61657 500 1
1184.4895 500 1
577.86248 500 1
666.20642 500 1
408.12561 500 1
3190.2839 500 1
474.69049 500 1
494.55398 500 1
933.75909 500 1
467.09945 500 1
750.71569 500 1
656.34930 500 1
622.38073 500 1
858.15954 500 1
849.20324 500 1
475.05001 500 1
773.48992 500 1
448.50869 500 1
452.20459 500 1
467.16937 500 1
1118.0047 500 1
563.22473 500 1
520.75592 500 1
375.07498 500 1
1476.4635 500 1
1346.8874 500 1
667.97961 500 1
494.60656 500 1
431.78146 500 1
445.15765 500 1
756.19720 500 1
650.38122 500 1
966.98584 500 1
399.36038 500 1
1297.8244 500 1
558.97204 500 1
729.90350 500 1
887.90539 500 1
471.64971 500 1
606.85803 500 1
1091.9282 500 1
455.31613 500 1
856.45349 500 1
703.48632 500 1
597.22583 500 1
507.08749 500 1
608.56323 500 1
496.85891 500 1
659.42272 500 1
488.60394 500 1
1700.3558 500 1
854.55706 500 1
866.68341 500 1
716.89483 500 1
407.14297 500 1
503.68588 500 1
1410.4051 500 1
442.05911 500 1
897.92767 500 1
671.39239 500 1
1017.2805 500 1
491.93158 500 1
642.62817 500 1
597.88928 500 1
633.81726 500 1
640.51129 500 1
494.70733 500 1
922.72235 500 1
810.62762 500 1
1371.9621 500 1
509.68472 500 1
505.80535 500 1
1013.8104 500 1
433.40786 500 1
784.27484 500 1
497.10568 500 1
493.15451 500 1
685.37933 500 1
475.60113 500 1
596.30127 500 1
425.58703 500 1
545.23889 500 1
462.21868 500 1
623.75909 500 1
1260.4027 500 1
1042.6208 500 1
816.81036 500 1
606.66729 500 1
530.17779 500 1
490.32104 500 1
610.30053 500 1
496.18087 500 1
659.22699 500 1
638.29266 500 1
445.04632 500 1
468.00537 500 1
467.01989 500 1
896.53680 500 1
896.04180 500 1
 572.9328 500 1
677.53472 500 1
895.06274 500 1
876.05706 500 1
571.62542 500 1
584.27575 500 1
713.25408 500 1
1031.0670 500 1
454.18835 500 1
463.94101 500 1
473.31671 500 1
923.57452 500 1
591.87127 500 1
602.95501 500 1
621.92480 500 1
382.14233 500 1
413.48791 500 1
501.96344 500 1
779.28942 500 1
536.53326 500 1
538.41967 500 1
487.60247 500 1
817.33313 500 1
894.48376 500 1
503.96209 500 1
905.37866 500 1
502.48614 500 1
454.14596 500 1
431.06137 500 1
476.10226 500 1
340.10559 500 1
684.23907 500 1
476.09692 500 1
551.83886 500 1
485.36276 500 1
487.29626 500 1
620.48754 500 1
509.57147 500 1
1344.1512 500 1
 548.6698 500 1
537.52557 500 1
593.25885 500 1
478.84704 500 1
808.39495 500 1
510.95883 500 1
492.22390 500 1
523.06103 500 1
795.52313 500 1
1210.4930 500 1
730.10406 500 1
712.63134 500 1
451.51077 500 1
635.57476 500 1
1503.3635 500 1
989.83483 500 1
501.16571 500 1
579.71893 500 1
637.80230 500 1
559.04254 500 1
541.26837 500 1
452.98877 500 1
464.66168 500 1
1897.8068 500 1
607.10949 500 1
413.99185 500 1
567.43969 500 1
511.76211 500 1
 455.3237 500 1
510.81073 500 1
579.46331 500 1
536.87072 500 1
545.18627 500 1
1263.2835 500 1
527.61273 500 1
435.22314 500 1
396.29650 500 1
1216.7761 500 1
448.41259 500 1
473.61593 500 1
706.36273 500 1
764.94836 500 1
524.69909 500 1
 493.6026 500 1
398.05160 500 1
541.64947 500 1
546.86358 500 1
449.84017 500 1
1223.4304 500 1
520.69494 500 1
1311.8050 500 1
587.53479 500 1
602.93695 500 1
910.03088 500 1
753.65753 500 1
1136.9581 500 1
677.30670 500 1
578.08886 500 1
1445.6550 500 1
667.36016 500 1
769.13208 500 1
725.38983 500 1
594.51892 500 1
1460.1218 500 1
452.30432 500 1
871.65087 500 1
638.85748 500 1
572.18817 500 1
638.71606 500 1
509.42944 500 1
599.98144 500 1
632.16638 500 1
1077.7677 500 1
467.30035 500 1
332.58175 500 1
471.32385 500 1
546.29467 500 1
542.63940 500 1
485.54763 500 1
499.07193 500 1
470.47436 500 1
455.73846 500 1
492.83935 500 1
575.18133 500 1
674.65631 500 1
1155.6262 500 1
524.17883 500 1
1523.2193 500 1
457.14691 500 1
728.42657 500 1
434.26107 500 1
889.16821 500 1
415.44448 500 1
431.54003 500 1
1469.4559 500 1
534.21704 500 1
630.43689 500 1
435.36831 500 1
834.52557 500 1
596.21850 500 1
491.75637 500 1
1947.9538 500 1
468.36871 500 1
2013.0059 500 1
503.20770 500 1
869.03418 500 1
579.46679 500 1
993.43939 500 1
1032.9498 500 1
490.96017 500 1
451.32171 500 1
509.97891 500 1
573.16833 500 1
591.75921 500 1
616.18988 500 1
520.40985 500 1
1031.5999 500 1
707.17437 500 1
527.14459 500 1
459.95062 500 1
463.02954 500 1
520.36010 500 1
1180.4072 500 1
1132.1179 500 1
485.19195 500 1
1110.4027 500 1
479.52682 500 1
465.21304 500 1
528.96148 500 1
437.97613 500 1
932.99688 500 1
520.21270 500 1
565.31530 500 1
1056.8612 500 1
616.06579 500 1
802.16381 500 1
798.04437 500 1
450.24722 500 1
494.96450 500 1
950.42694 500 1
431.42828 500 1
707.22222 500 1
472.27566 500 1
649.90863 500 1
754.56140 500 1
504.99774 500 1
756.13531 500 1
584.18615 500 1
682.41668 500 1
701.41803 500 1
1273.6911 500 1
552.70062 500 1
476.78894 500 1
589.36828 500 1
598.36969 500 1
555.41278 500 1
423.49493 500 1
537.63848 500 1
459.23184 500 1
465.58398 500 1
488.88870 500 1
1204.1314 500 1
1065.2391 500 1
803.26617 500 1
504.94610 500 1
1141.9663 500 1
359.58990 500 1
739.98053 500 1
392.36624 500 1
617.49932 500 1
602.90844 500 1
526.20123 500 1
 563.0047 500 1
487.05902 500 1
710.63610 500 1
1106.6420 500 1
642.88195 500 1
536.64379 500 1
514.47699 500 1
428.80578 500 1
1467.7452 500 1
615.85376 500 1
483.23535 500 1
1028.4774 500 1
678.33093 500 1
545.72222 500 1
846.16992 500 1
715.34387 500 1
502.13104 500 1
514.71765 500 1
538.35028 500 1
942.42962 500 1
932.93756 500 1
455.95584 500 1
 926.3125 500 1
1106.7843 500 1
798.82055 500 1
353.68835 500 1
447.97198 500 1
455.45913 500 1
995.62341 500 1
476.36111 500 1
545.88586 500 1
454.08209 500 1
432.82797 500 1
508.43930 500 1
548.50146 500 1
862.89325 500 1
450.52160 500 1
1328.5855 500 1
478.73397 500 1
684.57641 500 1
553.12982 500 1
493.87039 500 1
1100.8847 500 1
800.29077 500 1
370.23443 500 1
588.96618 500 1
477.61804 500 1
1060.0220 500 1
484.23996 500 1
696.89074 500 1
950.96478 500 1
480.62127 500 1
441.28735 500 1
449.31317 500 1
605.52581 500 1
572.14007 500 1
1134.0925 500 1
414.06515 500 1
790.64117 500 1
1587.2777 500 1
497.57583 500 1
1048.5410 500 1
795.19970 500 1
746.02020 500 1
1121.0810 500 1
504.90945 500 1
966.28009 500 1
877.03881 500 1
1113.3573 500 1
598.45507 500 1
421.51501 500 1
612.00347 500 1
488.09710 500 1
950.87548 500 1
524.93499 500 1
473.01342 500 1
608.30603 500 1
770.37731 500 1
796.04998 500 1
1696.6774 500 1
667.64575 500 1
690.46954 500 1
638.37774 500 1
467.43975 500 1
736.59979 500 1
485.89697 500 1
458.34173 500 1
380.92514 500 1
493.99258 500 1
635.11773 500 1
2120.0490 500 1
701.03076 500 1
531.01617 500 1
558.55902 500 1
356.41116 500 1
1066.4355 500 1
534.27264 500 1
1943.9193 500 1
430.51675 500 1
708.17492 500 1
2003.5478 500 1
426.16128 500 1
1290.0407 500 1
680.24475 500 1
542.97747 500 1
980.57843 500 1
565.35589 500 1
546.84545 500 1
785.27252 500 1
1008.4529 500 1
588.64196 500 1
559.72656 500 1
480.01260 500 1
447.11367 500 1
527.67498 500 1
632.28002 500 1
536.06805 500 1
569.56744 500 1
491.46389 500 1
526.59967 500 1
484.22451 500 1
1380.5908 500 1
443.41943 500 1
557.55761 500 1
509.81079 500 1
495.46823 500 1
1323.3847 500 1
549.68652 500 1
393.70803 500 1
472.13595 500 1
1145.0346 500 1
476.94854 500 1
613.19653 500 1
843.65777 500 1
1047.0827 500 1
514.55023 500 1
678.27398 500 1
485.90356 500 1
506.42572 500 1
601.15429 500 1
487.44094 500 1
1289.6029 500 1
457.37536 500 1
496.28601 500 1
593.55389 500 1
705.76550 500 1
848.49017 500 1
2072.8335 500 1
581.69342 500 1
580.28936 500 1
454.66568 500 1
487.07339 500 1
466.68527 500 1
642.43463 500 1
494.81427 500 1
421.95593 500 1
476.78604 500 1
527.32806 500 1
1756.2763 500 1
441.18756 500 1
635.39355 500 1
678.52728 500 1
468.58081 500 1
482.55273 500 1
482.76486 500 1
1366.8737 500 1
1342.2576 500 1
570.21411 500 1
427.73199 500 1
1022.2156 500 1
992.62048 500 1
549.98181 500 1
468.67614 500 1
1309.1204 500 1
470.40399 500 1
800.79980 500 1
583.97045 500 1
506.12689 500 1
891.92547 500 1
898.34161 500 1
506.52285 500 1
374.87484 500 1
442.93771 500 1
781.76995 500 1
395.91085 500 1
493.16574 500 1
1152.3413 500 1
455.51217 500 1
456.34326 500 1
528.84637 500 1
557.08435 500 1
514.13568 500 1
1060.2758 500 1
514.48693 500 1
521.17565 500 1
484.04846 500 1
1472.6219 500 1
799.62927 500 1
479.32553 500 1
474.94012 500 1
541.90777 500 1
586.80914 500 1
451.86990 500 1
445.35986 500 1
517.77587 500 1
2226.4294 500 1
430.96551 500 1
937.17260 500 1
502.91268 500 1
693.91674 500 1
1801.0009 500 1
545.15478 500 1
457.95742 500 1
519.72772 500 1
983.55212 500 1
1270.453 500 1
509.11300 500 1
488.10861 500 1
528.99939 500 1
657.18518 500 1
531.21154 500 1
891.65789 500 1
556.19458 500 1
1456.6704 500 1
642.16302 500 1
1277.6577 500 1
432.28805 500 1
710.71752 500 1
600.37518 500 1
437.86242 500 1
446.54147 500 1
596.59686 500 1
1177.5997 500 1
344.07125 500 1
1268.8026 500 1
1262.2133 500 1
1513.7027 500 1
512.36511 500 1
466.00137 500 1
823.74346 500 1
536.20056 500 1
665.13763 500 1
1235.9227 500 1
531.06976 500 1
489.90460 500 1
934.98834 500 1
545.62506 500 1
493.68090 500 1
689.65014 500 1
894.73144 500 1
617.05084 500 1
748.07879 500 1
902.22143 500 1
509.07962 500 1
417.24893 500 1
526.31146 500 1
967.92773 500 1
490.82522 500 1
941.89941 500 1
782.75598 500 1
470.93637 500 1
635.27685 500 1
424.82077 500 1
758.31573 500 1
622.62915 500 1
462.54190 500 1
454.98666 500 1
499.18566 500 1
654.09643 500 1
468.33978 500 1
508.23272 500 1
456.10769 500 1
607.92645 500 1
486.39260 500 1
835.32965 500 1
1211.6214 500 1
1127.4041 500 1
545.60620 500 1
657.75524 500 1
461.70791 500 1
647.06964 500 1
464.58398 500 1
491.10885 500 1
417.25271 500 1
634.86669 500 1
675.12670 500 1
445.30209 500 1
550.75842 500 1
1020.0095 500 1
716.62432 500 1
523.54046 500 1
761.44360 500 1
442.76193 500 1
551.89447 500 1
693.35833 500 1
985.36291 500 1
712.18701 500 1
547.03033 500 1
585.83557 500 1
449.89508 500 1
470.54492 500 1
497.36611 500 1
521.40435 500 1
431.75503 500 1
1097.7327 500 1
635.64898 500 1
723.72210 500 1
610.73266 500 1
473.90606 500 1
753.76794 500 1
678.90667 500 1
1624.8529 500 1
973.25293 500 1
1014.9749 500 1
382.22973 500 1
1651.3736 500 1
561.57965 500 1
737.31353 500 1
464.74154 500 1
595.95788 500 1
455.84454 500 1
598.19189 500 1
769.73541 500 1
882.01129 500 1
672.91162 500 1
461.81744 500 1
483.49697 500 1
738.32983 500 1
515.24346 500 1
467.30337 500 1
593.77966 500 1
510.19308 500 1
765.42047 500 1
953.47930 500 1
527.34539 500 1
614.48608 500 1
916.57543 500 1
776.69854 500 1
424.59622 500 1
635.90307 500 1
701.38989 500 1
518.52136 500 1
1037.5546 500 1
617.81536 500 1
634.98498 500 1
734.49145 500 1
461.14447 500 1
509.64117 500 1
491.07095 500 1
586.48223 500 1
1187.8792 500 1
818.93231 500 1
527.51483 500 1
708.83679 500 1
499.47091 500 1
494.38382 500 1
657.71374 500 1
 591.0354 500 1
423.21627 500 1
472.66989 500 1
548.00848 500 1
496.31015 500 1
477.48703 500 1
844.56134 500 1
741.11364 500 1
528.36987 500 1
1285.4731 500 1
789.59344 500 1
649.70282 500 1
432.34539 500 1
507.94174 500 1
442.98236 500 1
427.56033 500 1
578.94299 500 1
488.86956 500 1
433.87811 500 1
1158.8226 500 1
1236.6267 500 1
535.80407 500 1
643.22882 500 1
511.57931 500 1
589.50573 500 1
729.92773 500 1
435.80053 500 1
595.55432 500 1
625.80145 500 1
521.71887 500 1
499.77270 500 1
484.24746 500 1
606.56488 500 1
467.27273 500 1
670.84930 500 1
375.25915 500 1
550.24664 500 1
572.16564 500 1
510.73062 500 1
429.95999 500 1
578.93566 500 1
513.05749 500 1
1373.0185 500 1
580.41387 500 1
557.62646 500 1
1039.2480 500 1
454.63275 500 1
415.21566 500 1
493.11889 500 1
928.75726 500 1
625.48046 500 1
491.91226 500 1
518.57922 500 1
927.60797 500 1
730.21093 500 1
1023.4713 500 1
475.05572 500 1
536.03308 500 1
547.85473 500 1
915.43408 500 1
678.04962 500 1
483.92031 500 1
468.75750 500 1
636.91333 500 1
682.18646 500 1
502.54193 500 1
850.67828 500 1
492.48043 500 1
610.06189 500 1
352.65780 500 1
537.28283 500 1
505.29861 500 1
479.82766 500 1
568.47656 500 1
456.09249 500 1
1125.4361 500 1
838.08679 500 1
460.36578 500 1
448.35467 500 1
781.46881 500 1
487.33599 500 1
437.68017 500 1
709.13293 500 1
865.64563 500 1
478.64349 500 1
972.97235 500 1
724.01721 500 1
1783.1417 500 1
 519.1875 500 1
521.74823 500 1
756.35760 500 1
625.22662 500 1
728.76519 500 1
615.21722 500 1
851.46215 500 1
738.08276 500 1
800.99847 500 1
459.51559 500 1
898.66638 500 1
448.12081 500 1
533.73211 500 1
546.06634 500 1
544.52215 500 1
430.15875 500 1
433.61523 500 1
1128.1547 500 1
659.18420 500 1
670.65582 500 1
469.57858 500 1
508.05661 500 1
423.63827 500 1
839.89288 500 1
672.52929 500 1
493.80682 500 1
1173.1273 500 1
378.37353 500 1
544.41204 500 1
907.22314 500 1
886.54260 500 1
810.77502 500 1
415.97811 500 1
544.05792 500 1
395.34185 500 1
528.95782 500 1
788.38763 500 1
1160.4343 500 1
519.77496 500 1
851.67810 500 1
498.61914 500 1
1263.8064 500 1
513.22699 500 1
717.55883 500 1
910.34082 500 1
1640.4130 500 1
545.72241 500 1
772.16705 500 1
642.61792 500 1
590.86267 500 1
513.17810 500 1
877.09442 500 1
1546.6160 500 1
1281.3651 500 1
 687.0354 500 1
428.73742 500 1
325.54815 500 1
742.73321 500 1
448.14807 500 1
521.95874 500 1
1362.0239 500 1
351.47866 500 1
547.20147 500 1
1064.9227 500 1
1179.4384 500 1
542.61663 500 1
552.35803 500 1
530.69628 500 1
477.11331 500 1
1594.2991 500 1
809.40802 500 1
470.44540 500 1
373.42608 500 1
689.42633 500 1
491.61920 500 1
586.98895 500 1
610.71637 500 1
698.22735 500 1
462.03781 500 1
656.88757 500 1
373.64788 500 1
501.76184 500 1
2047.0773 500 1
483.87753 500 1
794.24823 500 1
1571.1882 500 1
483.43618 500 1
522.10717 500 1
434.41784 500 1
466.63516 500 1
851.67315 500 1
745.04718 500 1
770.39306 500 1
1187.1977 500 1
481.89315 500 1
394.78036 500 1
475.26971 500 1
502.05859 500 1
1765.1704 500 1
600.84326 500 1
545.60687 500 1
682.25256 500 1
471.75167 500 1
460.50293 500 1
420.73809 500 1
499.03772 500 1
598.49841 500 1
434.10122 500 1
464.02484 500 1
706.32348 500 1
489.97143 500 1
452.44268 500 1
445.04388 500 1
373.15774 500 1
1455.4046 500 1
422.62835 500 1
976.31463 500 1
1540.3429 500 1
574.27423 500 1
1088.7546 500 1
458.09652 500 1
574.80578 500 1
1380.4366 500 1
411.59176 500 1
628.30029 500 1
390.70654 500 1
582.21502 500 1
459.16717 500 1
1218.4874 500 1
553.62262 500 1
1071.3107 500 1
893.69311 500 1
605.00054 500 1
649.21893 500 1
488.64913 500 1
783.24389 500 1
794.42279 500 1
715.36181 500 1
784.74853 500 1
515.77777 500 1
553.17779 500 1
456.77789 500 1
482.40487 500 1
1264.4730 500 1
696.94494 500 1
837.97100 500 1
617.68347 500 1
593.72210 500 1
433.63986 500 1
496.04165 500 1
812.71673 500 1
612.07867 500 1
449.60806 500 1
1453.8698 500 1
487.29052 500 1
515.76098 500 1
1227.2377 500 1
1503.8276 500 1
431.91522 500 1
615.24401 500 1
514.87091 500 1
764.33990 500 1
892.12036 500 1
545.99542 500 1
1106.2677 500 1
854.80993 500 1
458.06527 500 1
548.83087 500 1
702.46923 500 1
1160.7907 500 1
1095.2097 500 1
572.19232 500 1
576.59094 500 1
561.74609 500 1
1086.9525 500 1
1076.4354 500 1
522.50946 500 1
452.65164 500 1
488.49914 500 1
743.59088 500 1
826.48272 500 1
700.89080 500 1
1104.2562 500 1
916.68945 500 1
620.25421 500 1
453.99981 500 1
794.74859 500 1
580.98327 500 1
1204.5544 500 1
676.30883 500 1
790.38409 500 1
404.50878 500 1
1070.8892 500 1
434.04632 500 1
511.42343 500 1
589.55981 500 1
485.22900 500 1
422.35586 500 1
547.15374 500 1
544.07928 500 1
481.24386 500 1
872.42425 500 1
555.72222 500 1
717.45404 500 1
548.19525 500 1
512.08868 500 1
459.99133 500 1
1124.0127 500 1
1572.9169 500 1
482.22531 500 1
749.51355 500 1
779.29095 500 1
497.59814 500 1
715.64874 500 1
430.08157 500 1
464.83999 500 1
515.54815 500 1
469.10427 500 1
852.56506 500 1
499.79953 500 1
775.39355 500 1
432.67257 500 1
642.43139 500 1
783.44470 500 1
475.98022 500 1
448.80877 500 1
910.50140 500 1
453.62652 500 1
505.53808 500 1
607.31433 500 1
575.58392 500 1
 590.6651 500 1
809.51782 500 1
621.32354 500 1
880.20336 500 1
937.06738 500 1
955.92590 500 1
476.36474 500 1
555.10339 500 1
2337.5571 500 1
555.76123 500 1
473.12802 500 1
814.75750 500 1
583.78723 500 1
949.03448 500 1
412.71701 500 1
1423.8726 500 1
1188.5490 500 1
450.83706 500 1
1235.4768 500 1
405.03756 500 1
719.07727 500 1
443.82870 500 1
1553.3585 500 1
479.48938 500 1
373.67044 500 1
981.65936 500 1
442.76739 500 1
404.26736 500 1
657.39520 500 1
913.57830 500 1
592.625 500 1
903.03613 500 1
536.84326 500 1
951.12414 500 1
477.72720 500 1
423.71475 500 1
561.62982 500 1
822.99060 500 1
466.15979 500 1
534.93457 500 1
515.55450 500 1
493.79544 500 1
966.07855 500 1
723.56243 500 1
1405.8271 500 1
503.96807 500 1
477.32504 500 1
490.59744 500 1
378.32397 500 1
572.13708 500 1
671.45813 500 1
1099.2271 500 1
358.65005 500 1
442.83673 500 1
782.32995 500 1
1664.0319 500 1
973.52996 500 1
558.16381 500 1
348.27624 500 1
605.45672 500 1
621.98205 500 1
1335.8609 500 1
910.85736 500 1
497.74752 500 1
500.49270 500 1
949.513 500 1
447.84106 500 1
478.47125 500 1
437.34951 500 1
385.34555 500 1
894.04699 500 1
507.07901 500 1
726.84234 500 1
540.85040 500 1
605.34710 500 1
591.64502 500 1
1109.7675 500 1
495.64160 500 1
394.15033 500 1
503.16354 500 1
351.95382 500 1
737.37188 500 1
544.41308 500 1
676.94030 500 1
693.47418 500 1
430.87689 500 1
527.43536 500 1
498.28308 500 1
563.87603 500 1
459.98281 500 1
402.77871 500 1
486.71972 500 1
425.18301 500 1
1068.5565 500 1
678.80877 500 1
524.54559 500 1
413.86804 500 1
470.86303 500 1
494.17938 500 1
498.30749 500 1
427.13183 500 1
805.02948 500 1
691.08984 500 1
818.66241 500 1
398.99285 500 1
713.29284 500 1
538.17004 500 1
591.05926 500 1
1045.4633 500 1
879.04663 500 1
643.83709 500 1
411.01867 500 1
529.65991 500 1
332.76174 500 1
627.61071 500 1
1022.7416 500 1
612.27978 500 1
368.87649 500 1
556.10461 500 1
931.23242 500 1
510.00418 500 1
603.23254 500 1
433.08706 500 1
575.65155 500 1
730.75116 500 1
490.36859 500 1
597.12591 500 1
572.35284 500 1
469.93212 500 1
460.66803 500 1
584.41162 500 1
508.59069 500 1
566.10180 500 1
820.03448 500 1
473.30975 500 1
698.17718 500 1
495.19552 500 1
580.33837 500 1
588.64776 500 1
820.32232 500 1
778.48437 500 1
866.23870 500 1
874.87554 500 1
610.65570 500 1
488.23111 500 1
582.85351 500 1
712.71734 500 1
469.11514 500 1
440.88565 500 1
447.16027 500 1
628.70385 500 1
1648.0517 500 1
964.67675 500 1
550.91900 500 1
566.48754 500 1
783.65301 500 1
442.40637 500 1
600.87133 500 1
1087.8769 500 1
558.47338 500 1
403.75558 500 1
491.30917 500 1
533.29644 500 1
703.77642 500 1
1022.6678 500 1
704.68054 500 1
528.93365 500 1
989.36981 500 1
525.06750 500 1
1351.4503 500 1
991.99102 500 1
630.65936 500 1
 706.2323 500 1
1069.0767 500 1
797.85784 500 1
523.14898 500 1
917.96179 500 1
557.17749 500 1
1108.6982 500 1
604.62390 500 1
413.13821 500 1
555.27087 500 1
469.14373 500 1
461.95373 500 1
685.04583 500 1
568.02069 500 1
616.49987 500 1
525.11285 500 1
492.65670 500 1
715.27453 500 1
1088.2961 500 1
1085.3721 500 1
1132.8353 500 1
1317.6820 500 1
397.42157 500 1
542.35327 500 1
498.15216 500 1
758.19537 500 1
582.02221 500 1
551.56256 500 1
470.29443 500 1
480.71359 500 1
469.37631 500 1
734.66674 500 1
467.65109 500 1
595.89349 500 1
405.09106 500 1