603.26812 600 1
637.20105 600 1
601.69989 600 1
581.00653 600 1
560.67492 600 1
1254.6395 600 1
829.74511 600 1
1046.6442 600 1
820.31396 600 1
604.72247 600 1
1433.9512 600 1
1924.6109 600 1
588.81897 600 1
599.45196 600 1
1236.1650 600 1
619.79473 600 1
641.18133 600 1
589.00268 600 1
596.11529 600 1
553.75604 600 1
671.29113 600 1
582.50543 600 1
578.81359 600 1
1294.4323 600 1
1090.4836 600 1
795.87371 600 1
669.08721 600 1
1427.4797 600 1
586.39178 600 1
648.53228 600 1
572.91058 600 1
779.96112 600 1
804.54132 600 1
1003.9747 600 1
652.78527 600 1
669.08984 600 1
675.82061 600 1
594.21344 600 1
964.41546 600 1
377.65380 600 1
589.98718 600 1
790.07305 600 1
502.65863 600 1
987.83563 600 1
618.25201 600 1
669.32568 600 1
718.79052 600 1
758.55523 600 1
518.06115 600 1
1059.3930 600 1
592.82409 600 1
850.35876 600 1
1045.0266 600 1
568.47229 600 1
1239.3757 600 1
883.67474 600 1
1657.4823 600 1
563.78228 600 1
454.50531 600 1
638.34625 600 1
1143.7138 600 1
1515.1261 600 1
561.69000 600 1
875.28906 600 1
624.47650 600 1
481.46310 600 1
553.23504 600 1
623.22045 600 1
1414.3176 600 1
580.93725 600 1
706.88201 600 1
2331.4353 600 1
732.48797 600 1
563.19378 600 1
614.06140 600 1
548.82318 600 1
1194.1054 600 1
767.68353 600 1
1004.7360 600 1
531.89599 600 1
422.91656 600 1
805.91375 600 1
659.37591 600 1
645.71911 600 1
798.52179 600 1
637.44567 600 1
759.10815 600 1
580.46667 600 1
1172.1234 600 1
764.68725 600 1
774.92736 600 1
1052.4025 600 1
772.70269 600 1
955.88079 600 1
567.32470 600 1
708.53112 600 1
618.35992 600 1
617.26550 600 1
640.82623 600 1
948.96862 600 1
698.92706 600 1
620.23626 600 1
905.07543 600 1
538.87756 600 1
524.91412 600 1
848.53295 600 1
533.08215 600 1
477.48611 600 1
902.61328 600 1
597.20489 600 1
1051.5355 600 1
634.01519 600 1
604.30474 600 1
506.73413 600 1
529.96850 600 1
602.23004 600 1
1014.9588 600 1
925.79718 600 1
792.49298 600 1
1685.5538 600 1
970.54974 600 1
2780.8342 600 1
675.78466 600 1
1986.1207 600 1
1169.9537 600 1
1100.6622 600 1
679.52795 600 1
774.63946 600 1
958.22119 600 1
656.72296 600 1
562.71844 600 1
755.70153 600 1
651.92822 600 1
1733.4633 600 1
789.29229 600 1
1150.9024 600 1
1261.7855 600 1
605.09606 600 1
544.17382 600 1
636.33209 600 1
503.45925 600 1
517.14514 600 1
1053.7893 600 1
603.91784 600 1
644.88159 600 1
1025.3773 600 1
1834.9104 600 1
654.99493 600 1
837.54541 600 1
563.68090 600 1
554.87445 600 1
1304.7768 600 1
712.81903 600 1
555.34478 600 1
424.43920 600 1
555.43389 600 1
501.37939 600 1
716.55963 600 1
693.58831 600 1
1214.0537 600 1
704.72943 600 1
837.56701 600 1
802.46569 600 1
605.16412 600 1
448.84289 600 1
966.06164 600 1
516.93560 600 1
820.01751 600 1
761.85253 600 1
1472.2890 600 1
922.95721 600 1
652.73431 600 1
666.73077 600 1
1242.9799 600 1
610.03546 600 1
936.89428 600 1
1828.3933 600 1
583.83136 600 1
751.04107 600 1
522.03509 600 1
685.40295 600 1
800.07507 600 1
809.00274 600 1
589.888 600 1
1028.2345 600 1
680.00146 600 1
629.04199 600 1
749.93103 600 1
900.53521 600 1
622.52294 600 1
632.64166 600 1
1649.0603 600 1
677.73669 600 1
587.47595 600 1
714.19378 600 1
574.46643 600 1
587.35156 600 1
584.17596 600 1
1534.1336 600 1
592.32800 600 1
670.07934 600 1
726.61492 600 1
557.38189 600 1
528.36541 600 1
2357.7439 600 1
591.19818 600 1
531.59088 600 1
846.70874 600 1
589.98449 600 1
581.10394 600 1
587.46136 600 1
805.34783 600 1
796.33795 600 1
522.00012 600 1
510.99981 600 1
540.74957 600 1
679.95007 600 1
680.16864 600 1
659.55517 600 1
563.49688 600 1
1435.3392 600 1
613.10827 600 1
768.08203 600 1
873.52685 600 1
864.30621 600 1
678.11456 600 1
980.75701 600 1
1063.4864 600 1
503.43905 600 1
789.19226 600 1
809.08502 600 1
745.91265 600 1
588.67041 600 1
526.20501 600 1
633.00463 600 1
852.54675 600 1
557.70220 600 1
939.94549 600 1
2118.1464 600 1
479.74914 600 1
1017.8953 600 1
615.29901 600 1
631.25036 600 1
525.75897 600 1
526.56964 600 1
661.97363 600 1
670.17138 600 1
605.02191 600 1
472.21334 600 1
621.11114 600 1
794.73870 600 1
697.98382 600 1
922.85675 600 1
571.06427 600 1
700.95025 600 1
1637.5966 600 1
714.37365 600 1
639.56408 600 1
737.21881 600 1
367.12799 600 1
433.83511 600 1
1060.6981 600 1
651.56109 600 1
438.77935 600 1
693.93920 600 1
495.51684 600 1
611.04406 600 1
767.75390 600 1
697.78588 600 1
796.76525 600 1
1122.6820 600 1
559.71868 600 1
1137.9276 600 1
847.19982 600 1
588.02435 600 1
921.93713 600 1
636.08575 600 1
525.31164 600 1
530.49762 600 1
1196.0629 600 1
423.61737 600 1
662.52581 600 1
874.11822 600 1
677.96453 600 1
544.30157 600 1
811.10394 600 1
543.99401 600 1
503.48828 600 1
2086.7717 600 1
881.76715 600 1
1470.3995 600 1
583.53833 600 1
813.23333 600 1
477.69812 600 1
713.39801 600 1
534.04614 600 1
725.78204 600 1
627.57269 600 1
1374.1992 600 1
516.62603 600 1
654.54418 600 1
615.74658 600 1
658.75329 600 1
712.40026 600 1
1530.6431 600 1
776.55517 600 1
554.47485 600 1
729.83752 600 1
535.50402 600 1
611.47497 600 1
978.00958 600 1
551.73327 600 1
1327.0255 600 1
1733.7744 600 1
695.25732 600 1
570.72070 600 1
723.13531 600 1
550.60955 600 1
579.22796 600 1
1614.5731 600 1
971.96093 600 1
741.20813 600 1
520.36804 600 1
1124.0719 600 1
772.82458 600 1
591.99853 600 1
578.04003 600 1
621.47589 600 1
609.44567 600 1
573.80639 600 1
670.37634 600 1
571.65600 600 1
529.88641 600 1
527.78961 600 1
562.26434 600 1
745.26660 600 1
745.65887 600 1
580.72973 600 1
628.43975 600 1
605.04327 600 1
1002.7196 600 1
620.81420 600 1
594.16290 600 1
1220.4875 600 1
812.24658 600 1
642.33471 600 1
981.77221 600 1
1274.6705 600 1
554.58734 600 1
1023.3343 600 1
632.69256 600 1
437.18685 600 1
676.38507 600 1
543.51989 600 1
512.42529 600 1
844.16699 600 1
583.14593 600 1
562.08239 600 1
601.51831 600 1
1308.6945 600 1
975.97406 600 1
536.74902 600 1
1138.4072 600 1
568.87255 600 1
500.15881 600 1
503.73916 600 1
532.61676 600 1
658.12872 600 1
630.63824 600 1
621.01391 600 1
700.11297 600 1
588.71716 600 1
556.50042 600 1
546.89178 600 1
620.63336 600 1
665.84393 600 1
575.01141 600 1
1153.2623 600 1
609.21856 600 1
555.87152 600 1
615.68682 600 1
1059.5286 600 1
733.69482 600 1
993.27795 600 1
593.85876 600 1
556.40356 600 1
1094.1984 600 1
534.47052 600 1
1115.1314 600 1
584.12274 600 1
688.80413 600 1
1214.5961 600 1
646.19433 600 1
1374.5367 600 1
1088.7624 600 1
523.23602 600 1
623.43377 600 1
1206.3580 600 1
1161.3066 600 1
1101.0175 600 1
697.26080 600 1
810.92559 600 1
938.28399 600 1
1554.3573 600 1
703.94482 600 1
1046.9606 600 1
1174.3869 600 1
664.97656 600 1
568.92596 600 1
596.92443 600 1
564.47680 600 1
488.20968 600 1
981.02246 600 1
569.65564 600 1
574.40802 600 1
624.84960 600 1
441.34143 600 1
570.25476 600 1
804.52435 600 1
1717.6895 600 1
2515.2846 600 1
625.65332 600 1
818.70636 600 1
1124.0706 600 1
460.14202 600 1
730.83648 600 1
487.07315 600 1
1088.6803 600 1
592.37115 600 1
1139.2941 600 1
850.17095 600 1
556.44757 600 1
594.60821 600 1
626.96264 600 1
489.53167 600 1
652.80572 600 1
574.46319 600 1
693.62225 600 1
989.74029 600 1
605.14233 600 1
565.15289 600 1
778.05004 600 1
764.98114 600 1
531.14410 600 1
560.28332 600 1
593.99578 600 1
748.65527 600 1
607.76800 600 1
483.64599 600 1
858.46948 600 1
595.68438 600 1
568.94415 600 1
1213.6820 600 1
588.64801 600 1
910.59362 600 1
1250.6095 600 1
627.16101 600 1
895.52258 600 1
537.40234 600 1
981.27435 600 1
528.21783 600 1
568.96307 600 1
570.24212 600 1
626.83929 600 1
636.76434 600 1
733.14514 600 1
1143.6204 600 1
508.31768 600 1
1244.5929 600 1
939.45581 600 1
885.52801 600 1
490.69833 600 1
801.45025 600 1
569.85485 600 1
645.57519 600 1
857.25769 600 1
613.49957 600 1
587.01715 600 1
760.68493 600 1
3456.0459 600 1
868.51165 600 1
1001.8989 600 1
456.79174 600 1
1392.5637 600 1
521.22283 600 1
514.28027 600 1
590.39453 600 1
488.48397 600 1
769.70416 600 1
530.67755 600 1
565.40924 600 1
531.04943 600 1
547.14679 600 1
596.21008 600 1
1191.4545 600 1
537.27789 600 1
646.11334 600 1
879.87414 600 1
401.12887 600 1
650.59356 600 1
516.92370 600 1
529.92419 600 1
692.95587 600 1
1282.7036 600 1
582.24823 600 1
682.30419 600 1
1261.2175 600 1
482.02572 600 1
504.44467 600 1
415.33493 600 1
534.94122 600 1
630.71575 600 1
715.81793 600 1
566.16113 600 1
575.39325 600 1
643.41833 600 1
545.26318 600 1
629.71942 600 1
543.96728 600 1
722.49304 600 1
630.78784 600 1
685.37530 600 1
1028.4045 600 1
997.75701 600 1
1472.7821 600 1
1112.8701 600 1
665.77264 600 1
624.14367 600 1
1863.6606 600 1
563.44836 600 1
606.40521 600 1
606.50824 600 1
631.70690 600 1
925.01306 600 1
517.09533 600 1
620.51373 600 1
1899.6839 600 1
516.78204 600 1
1488.5784 600 1
547.80163 600 1
621.22729 600 1
488.54812 600 1
1192.2215 600 1
1475.5008 600 1
613.57830 600 1
727.84259 600 1
660.94702 600 1
650.09954 600 1
976.57592 600 1
534.83947 600 1
586.98455 600 1
579.44824 600 1
1308.4788 600 1
1276.5900 600 1
795.08410 600 1
848.08416 600 1
657.95776 600 1
443.54187 600 1
603.35107 600 1
926.02960 600 1
 603.25 600 1
612.94537 600 1
647.11346 600 1
649.22448 600 1
610.37213 600 1
868.45355 600 1
703.55523 600 1
676.70831 600 1
890.65118 600 1
670.77038 600 1
460.54672 600 1
2577.9201 600 1
558.99639 600 1
763.34381 600 1
1006.6183 600 1
1921.1055 600 1
1372.4884 600 1
690.00628 600 1
569.80212 600 1
689.79846 600 1
1013.4239 600 1
807.13079 600 1
799.92962 600 1
549.65026 600 1
633.09484 600 1
773.79937 600 1
746.00866 600 1
690.06982 600 1
572.73205 600 1
1126.5194 600 1
523.93499 600 1
556.58587 600 1
752.66162 600 1
600.60565 600 1
460.75970 600 1
700.57061 600 1
723.83715 600 1
502.22204 600 1
833.53820 600 1
675.56402 600 1
680.99310 600 1
1090.4620 600 1
539.29296 600 1
1158.8933 600 1
557.43298 600 1
522.72454 600 1
496.82208 600 1
799.07959 600 1
672.54565 600 1
775.56335 600 1
581.73138 600 1
750.19403 600 1
619.83691 600 1
638.28137 600 1
553.89752 600 1
916.55200 600 1
635.14459 600 1
614.89062 600 1
782.80236 600 1
560.97534 600 1
481.56283 600 1
733.76995 600 1
1081.9616 600 1
813.05346 600 1
1151.5125 600 1
820.47930 600 1
929.13525 600 1
635.82708 600 1
579.95166 600 1
607.93792 600 1
713.81079 600 1
658.14196 600 1
920.71478 600 1
662.52026 600 1
611.74285 600 1
747.54840 600 1
657.58337 600 1
774.90026 600 1
1031.0905 600 1
719.56103 600 1
1320.2717 600 1
701.67334 600 1
584.09021 600 1
911.93896 600 1
618.16314 600 1
963.90130 600 1
497.66159 600 1
719.13385 600 1
644.55481 600 1
974.94372 600 1
1472.6928 600 1
598.82287 600 1
761.05224 600 1
536.96649 600 1
606.39318 600 1
1091.1500 600 1
539.90600 600 1
421.79644 600 1
843.96655 600 1
998.40741 600 1
878.65417 600 1
733.41412 600 1
468.40063 600 1
559.20391 600 1
577.21026 600 1
707.83703 600 1
851.74078 600 1
1302.2563 600 1
646.23797 600 1
659.25994 600 1
579.01739 600 1
739.92346 600 1
979.97637 600 1
556.83392 600 1
636.01989 600 1
623.42004 600 1
678.56671 600 1
554.69909 600 1
619.66442 600 1
871.39471 600 1
2135.9946 600 1
1088.3877 600 1
575.82769 600 1
616.55011 600 1
728.32281 600 1
633.43420 600 1
564.13348 600 1
584.33435 600 1
607.00824 600 1
727.69335 600 1
492.50964 600 1
528.66693 600 1
569.24432 600 1
650.43652 600 1
619.43957 600 1
683.94897 600 1
664.43389 600 1
612.18151 600 1
1231.7579 600 1
1237.9841 600 1
647.82037 600 1
662.06958 600 1
566.19769 600 1
606.29864 600 1
633.66522 600 1
565.08740 600 1
589.34130 600 1
1565.3439 600 1
567.35400 600 1
769.72778 600 1
678.18890 600 1
670.83953 600 1
1351.0159 600 1
514.39508 600 1
492.92498 600 1
561.37396 600 1
621.14312 600 1
464.97680 600 1
586.49169 600 1
1040.1368 600 1
892.87561 600 1
 940.5495 600 1
863.35809 600 1
689.14410 600 1
648.59368 600 1
1860.2652 600 1
592.41528 600 1
640.43536 600 1
566.65924 600 1
478.96093 600 1
567.95153 600 1
508.05792 600 1
837.16870 600 1
969.00103 600 1
731.43719 600 1
887.69879 600 1
681.85418 600 1
952.01800 600 1
839.31970 600 1
583.88769 600 1
737.21179 600 1
495.56054 600 1
535.39111 600 1
610.27301 600 1
806.39947 600 1
888.22827 600 1
571.77136 600 1
644.40734 600 1
675.76263 600 1
1260.1727 600 1
735.46221 600 1
1047.5004 600 1
614.67468 600 1
626.65570 600 1
665.38244 600 1
582.22473 600 1
622.87463 600 1
468.98907 600 1
1365.8762 600 1
634.26147 600 1
553.90808 600 1
496.39575 600 1
458.39172 600 1
710.04657 600 1
763.50250 600 1
701.52984 600 1
1204.9465 600 1
959.63604 600 1
550.67169 600 1
435.18011 600 1
548.53210 600 1
671.23095 600 1
615.65814 600 1
555.73535 600 1
692.23797 600 1
1149.1307 600 1
583.92016 600 1
532.17956 600 1
1938.5239 600 1
704.97406 600 1
570.47595 600 1
680.86554 600 1
999.88336 600 1
725.64233 600 1
701.54412 600 1
492.24975 600 1
508.36315 600 1
3116.2368 600 1
743.30975 600 1
723.85638 600 1
650.25262 600 1
566.21612 600 1
705.21374 600 1
650.46966 600 1
535.57220 600 1
585.99072 600 1
710.99359 600 1
565.63958 600 1
2271.9123 600 1
710.09954 600 1
519.59710 600 1
483.37234 600 1
904.89398 600 1
780.83593 600 1
974.06695 600 1
633.90808 600 1
584.04126 600 1
654.22174 600 1
798.18743 600 1
1176.2408 600 1
542.70251 600 1
991.68151 600 1
766.06103 600 1
642.88909 600 1
788.71508 600 1
692.82159 600 1
552.89312 600 1
1655.2087 600 1
442.05111 600 1
592.70086 600 1
1151.8271 600 1
640.32122 600 1
773.59893 600 1
790.97601 600 1
486.47970 600 1
527.47894 600 1
1024.9600 600 1
520.12036 600 1
1270.8950 600 1
755.57678 600 1
558.79449 600 1
632.34320 600 1
651.60223 600 1
803.65136 600 1
832.80249 600 1
520.05603 600 1
806.39306 600 1
861.91766 600 1
694.50109 600 1
773.88586 600 1
993.76422 600 1
588.31237 600 1
725.92675 600 1
689.10913 600 1
494.29162 600 1
651.64526 600 1
521.50598 600 1
442.03201 600 1
537.77539 600 1
607.61425 600 1
647.52514 600 1
482.29397 600 1
788.33819 600 1
739.16699 600 1
808.76562 600 1
1161.3006 600 1
795.59100 600 1
473.66387 600 1
935.77441 600 1
529.50549 600 1
623.65374 600 1
588.55645 600 1
2491.0695 600 1
530.52917 600 1
837.56219 600 1
525.94085 600 1
550.78137 600 1
953.52111 600 1
1155.4128 600 1
549.17169 600 1
577.11126 600 1
595.92395 600 1
590.77417 600 1
596.33929 600 1
600.62487 600 1
986.85186 600 1
595.95123 600 1
1060.0708 600 1
 727.6026 600 1
538.22790 600 1
825.47595 600 1
827.69415 600 1
580.04791 600 1
812.92608 600 1
820.90387 600 1
995.90295 600 1
884.05706 600 1
829.30767 600 1
493.03604 600 1
539.92498 600 1
641.82543 600 1
573.12481 600 1
866.92248 600 1
559.36639 600 1
1117.2618 600 1
937.16339 600 1
550.25830 600 1
925.89318 600 1
423.27160 600 1
422.04617 600 1
547.84704 600 1
578.46221 600 1
848.61639 600 1
611.28106 600 1
614.64147 600 1
753.83953 600 1
1187.7940 600 1
951.17309 600 1
702.31109 600 1
736.56897 600 1
540.00262 600 1
593.35522 600 1
573.75402 600 1
746.26062 600 1
738.05340 600 1
1363.3190 600 1
1415.7808 600 1
571.36981 600 1
565.75268 600 1
 517.4021 600 1
600.00219 600 1
893.36285 600 1
477.55441 600 1
516.55615 600 1
730.34606 600 1
534.01452 600 1
658.31805 600 1
 583.9021 600 1
531.00164 600 1
677.32397 600 1
567.64941 600 1
598.00567 600 1
3056.0402 600 1
1989.4953 600 1
706.43890 600 1
739.51129 600 1
467.03552 600 1
589.16027 600 1
634.11053 600 1
731.74292 600 1
809.38812 600 1
490.79177 600 1
654.44885 600 1
470.18417 600 1
452.33029 600 1
495.00299 600 1
531.26660 600 1
2253.9648 600 1
692.64770 600 1
2291.1013 600 1
672.16162 600 1
566.26110 600 1
1264.0518 600 1
595.44073 600 1
689.69885 600 1
965.78094 600 1
840.38610 600 1
630.03509 600 1
741.73303 600 1
723.31604 600 1
1558.3380 600 1
966.89373 600 1
1125.6859 600 1
1058.3575 600 1
834.69287 600 1
595.75860 600 1
1876.4314 600 1
964.46167 600 1
584.66467 600 1
947.79577 600 1
556.48083 600 1
541.24041 600 1
641.84838 600 1
618.14630 600 1
748.01532 600 1
1096.0413 600 1
638.52563 600 1
744.91839 600 1
610.05914 600 1
559.90905 600 1
775.79345 600 1
625.80200 600 1
1013.2426 600 1
589.33837 600 1
457.51843 600 1
583.23815 600 1
642.83996 600 1
869.93505 600 1
819.63635 600 1
570.69250 600 1
776.20397 600 1
673.55017 600 1
844.43048 600 1
670.83831 600 1
612.94049 600 1
1206.6044 600 1
914.48986 600 1
2129.7153 600 1
625.14099 600 1
551.23974 600 1
500.69198 600 1
619.84063 600 1
1231.5688 600 1
546.04571 600 1
499.61621 600 1
439.22674 600 1
466.02896 600 1
606.96270 600 1
1618.4429 600 1
551.62255 600 1
668.06555 600 1
476.61694 600 1
1153.2364 600 1
1458.2967 600 1
544.08880 600 1
841.42041 600 1
550.74041 600 1
516.40222 600 1
712.54266 600 1
736.55828 600 1
772.16845 600 1
425.22049 600 1
910.96991 600 1
617.59283 600 1
1388.9118 600 1
557.67724 600 1
788.47723 600 1
563.51464 600 1
644.60473 600 1
436.12237 600 1
613.77569 600 1
743.56597 600 1
536.40515 600 1
1103.7696 600 1
742.38317 600 1
1032.6207 600 1
668.85504 600 1
729.15142 600 1
595.72369 600 1
561.63287 600 1
509.72161 600 1
460.65112 600 1
780.13861 600 1
1070.5396 600 1
772.67547 600 1
943.42895 600 1
568.18804 600 1
949.43243 600 1
839.39147 600 1
571.29473 600 1
1250.2889 600 1
525.33068 600 1
1162.3728 600 1
652.54577 600 1
707.61908 600 1
677.89611 600 1
1277.1777 600 1
625.05468 600 1
1274.1384 600 1
685.33172 600 1
513.17205 600 1
473.77835 600 1
825.17712 600 1
1416.6175 600 1
1175.3641 600 1
588.97186 600 1
785.94104 600 1
1145.3602 600 1
544.41223 600 1
624.72967 600 1
1896.4898 600 1
665.32470 600 1
862.45806 600 1
716.51385 600 1
666.30719 600 1
544.28808 600 1
664.55444 600 1
2154.8791 600 1
848.48278 600 1
1723.3968 600 1
720.56488 600 1
937.15338 600 1
767.46124 600 1
656.96606 600 1
739.85571 600 1
886.40777 600 1
642.64019 600 1
 517.5271 600 1
724.19006 600 1
629.03857 600 1
730.05572 600 1
602.08776 600 1
841.36560 600 1
1250.8955 600 1
592.05743 600 1
748.40368 600 1
872.75311 600 1
595.56115 600 1
567.05682 600 1
441.13616 600 1
1257.8636 600 1
568.73114 600 1
525.68811 600 1
721.18194 600 1
1157.8122 600 1
545.65698 600 1
574.47778 600 1
 691.3573 600 1
700.46679 600 1
1085.3269 600 1
607.26489 600 1
755.10144 600 1
663.48132 600 1
614.91784 600 1
541.36755 600 1
638.80352 600 1
568.06817 600 1
736.98687 600 1
586.53448 600 1
488.28424 600 1
834.61975 600 1
743.41638 600 1
886.14575 600 1
1341.2753 600 1
867.34637 600 1
791.05877 600 1
580.42114 600 1
1150.8400 600 1
623.13336 600 1
662.79895 600 1
716.84301 600 1
982.55151 600 1
537.90515 600 1
600.82891 600 1
658.74102 600 1
792.76971 600 1
485.89028 600 1
618.60314 600 1
433.35040 600 1
1784.2578 600 1
552.40679 600 1
503.66503 600 1
608.00964 600 1
995.43975 600 1
522.88665 600 1
532.87506 600 1
565.60553 600 1
625.80481 600 1
 571.6521 600 1
1243.4440 600 1
491.55294 600 1
602.67865 600 1
741.92291 600 1
834.86596 600 1
592.74102 600 1
921.51562 600 1
1362.5247 600 1
550.93371 600 1
739.47619 600 1
621.77356 600 1
1126.8181 600 1
593.49285 600 1
507.37429 600 1
1270.5560 600 1
814.44586 600 1
1922.8542 600 1
842.26013 600 1
1528.1085 600 1
427.71853 600 1
548.00805 600 1
627.91888 600 1
564.10333 600 1
647.05816 600 1
573.36871 600 1
509.67398 600 1
1203.4427 600 1
558.23455 600 1
741.35870 600 1
609.94915 600 1
522.97052 600 1
721.39843 600 1
696.39679 600 1
2963.1369 600 1
1195.6516 600 1
865.37805 600 1
630.16125 600 1
1405.3161 600 1
556.97509 600 1
474.37042 600 1
569.02215 600 1
803.83300 600 1
1811.7208 600 1
503.61792 600 1
599.51544 600 1
686.03436 600 1
979.92266 600 1
602.51171 600 1
430.70025 600 1
573.08392 600 1
634.97241 600 1
663.71893 600 1
1047.2247 600 1
665.42492 600 1
892.21850 600 1
728.05596 600 1
808.76641 600 1
678.54431 600 1
549.58398 600 1
611.73480 600 1
762.19866 600 1
700.87170 600 1
920.07800 600 1
570.58807 600 1
966.52417 600 1
573.84655 600 1
585.22522 600 1
510.94516 600 1
705.33392 600 1
730.09576 600 1
902.77685 600 1
561.92987 600 1
770.66217 600 1
729.60205 600 1
954.84350 600 1
529.04559 600 1
510.36148 600 1
858.09948 600 1
587.23333 600 1
716.86773 600 1
676.66046 600 1
628.29327 600 1
545.22637 600 1
1618.8388 600 1
990.58429 600 1
960.01275 600 1
771.36401 600 1
577.24664 600 1
910.37829 600 1
628.86413 600 1
1312.3439 600 1
846.01733 600 1
1059.1367 600 1
610.20318 600 1
703.01593 600 1
549.74560 600 1
1106.4856 600 1
488.95889 600 1
536.14025 600 1
827.54888 600 1
723.99371 600 1
653.97271 600 1
622.57531 600 1
619.05181 600 1
550.21435 600 1
977.48474 600 1
678.26306 600 1
574.53607 600 1
579.61425 600 1
445.75958 600 1
890.07366 600 1
579.51605 600 1
699.53949 600 1
1173.1815 600 1
775.18158 600 1
445.80154 600 1
761.41320 600 1
630.00946 600 1
852.81817 600 1
512.59069 600 1
1627.7257 600 1
481.89044 600 1
738.40264 600 1
1386.9299 600 1
817.58825 600 1
752.91021 600 1
928.91619 600 1
567.47418 600 1
730.84576 600 1
517.06005 600 1
536.98022 600 1
877.05578 600 1
983.67633 600 1
631.63812 600 1
1081.6527 600 1
698.82965 600 1
1755.9884 600 1
850.12139 600 1
701.37249 600 1
562.67944 600 1
581.41076 600 1
1545.7442 600 1
765.95501 600 1
486.07028 600 1
399.89444 600 1
735.76342 600 1
646.69049 600 1
487.62979 600 1
578.46417 600 1
1305.3306 600 1
632.62353 600 1
523.78045 600 1
558.67065 600 1
996.56677 600 1
860.75030 600 1
1822.0604 600 1
468.28643 600 1
578.27026 600 1
529.24377 600 1
556.70544 600 1
598.65997 600 1
467.65591 600 1
1074.1434 600 1
563.32757 600 1
585.52862 600 1
1049.8901 600 1
527.12054 600 1
824.35980 600 1
766.03778 600 1
1075.2055 600 1
623.16345 600 1
553.78442 600 1
877.89825 600 1
489.01928 600 1
594.48803 600 1
1064.0200 600 1
1056.0490 600 1
600.85717 600 1
786.85913 600 1
608.78289 600 1
595.91418 600 1
1139.4255 600 1
623.97119 600 1
1503.1137 600 1
526.45892 600 1
713.68896 600 1
569.84094 600 1
669.03247 600 1
712.69140 600 1
902.43273 600 1
472.10662 600 1
1115.9051 600 1
641.23339 600 1
570.33789 600 1
607.70343 600 1
706.15564 600 1
1258.9876 600 1
739.01385 600 1
692.57373 600 1
731.87786 600 1
1496.5572 600 1
1915.2999 600 1
 522.5448 600 1
877.77429 600 1
1225.2171 600 1
1004.3324 600 1
1373.8770 600 1
1113.3457 600 1
1001.5616 600 1
540.62139 600 1
783.07348 600 1
683.48968 600 1
1554.1032 600 1
596.24902 600 1
936.55487 600 1
737.09570 600 1
2183.7895 600 1
570.39556 600 1
621.60339 600 1
577.70465 600 1
619.29455 600 1
982.64636 600 1
1626.7534 600 1
671.62176 600 1
887.32824 600 1
722.69812 600 1
753.25433 600 1
900.96759 600 1
540.91552 600 1
1341.7141 600 1
1821.2004 600 1
571.01074 600 1
954.82580 600 1
541.84307 600 1
610.73345 600 1
970.44616 600 1
709.17120 600 1
417.56509 600 1
1263.5428 600 1
1084.8734 600 1
671.63824 600 1
 732.5401 600 1
848.42785 600 1
525.61273 600 1
 621.4151 600 1
620.43884 600 1
823.85485 600 1
808.97381 600 1
626.01568 600 1
475.66378 600 1
595.46630 600 1
591.43347 600 1
645.75909 600 1
573.80462 600 1
655.62054 600 1
1033.2670 600 1
764.75293 600 1
1085.0527 600 1
515.59393 600 1
1160.9179 600 1
576.65631 600 1
577.08825 600 1
540.04718 600 1
625.17041 600 1
627.01086 600 1
832.71331 600 1
762.01062 600 1
577.23645 600 1
661.65600 600 1
972.62872 600 1
921.12811 600 1
1496.7462 600 1
635.72522 600 1
703.89050 600 1
483.53350 600 1
786.99731 600 1
762.74566 600 1
931.29040 600 1
502.36264 600 1
1749.9317 600 1
652.29510 600 1
725.61596 600 1
589.25762 600 1
1467.0096 600 1
631.25720 600 1
974.94671 600 1
655.98541 600 1
557.97619 600 1
708.63665 600 1
595.25964 600 1
796.59655 600 1
586.17974 600 1
1263.7916 600 1
656.58856 600 1
1138.3496 600 1
585.17144 600 1
597.21832 600 1
746.81823 600 1
571.86737 600 1
2204.7172 600 1
1030.9797 600 1
706.26519 600 1
568.51263 600 1
957.74346 600 1
536.09692 600 1
673.74639 600 1
671.19158 600 1
1411.5087 600 1
1745.8665 600 1
636.99621 600 1
1148.4222 600 1
1482.1871 600 1
1105.8057 600 1
616.45214 600 1
995.48895 600 1
1464.0747 600 1
761.47277 600 1
561.13708 600 1
591.64691 600 1
567.43902 600 1
1731.5532 600 1
922.70703 600 1
577.67041 600 1
974.43231 600 1
535.70684 600 1
673.76324 600 1
1155.3064 600 1
637.90448 600 1
580.65301 600 1
1222.2374 600 1
634.79779 600 1
963.98254 600 1
978.47277 600 1
1220.4277 600 1
621.66424 600 1
706.13000 600 1
609.75250 600 1
553.41070 600 1
1698.0518 600 1
648.98236 600 1
493.15502 600 1
891.99243 600 1
345.77307 600 1
 582.2948 600 1
594.60076 600 1
753.34710 600 1
1261.9393 600 1
599.02496 600 1
633.32995 600 1
763.70141 600 1
555.02905 600 1
492.99139 600 1
666.36889 600 1
505.78653 600 1
873.15264 600 1
515.02227 600 1
649.26104 600 1
498.56979 600 1
584.12933 600 1
485.72357 600 1
591.19250 600 1
906.78588 600 1
790.13311 600 1
1153.3829 600 1
691.00958 600 1
615.99731 600 1
913.07031 600 1
914.13781 600 1
548.51934 600 1
466.97451 600 1
584.46832 600 1
1649.2680 600 1
668.07189 600 1
644.38269 600 1
824.75408 600 1
521.51470 600 1
798.51470 600 1
971.45617 600 1
1645.0275 600 1
578.36761 600 1
615.50976 600 1
562.03503 600 1
646.10376 600 1
604.16070 600 1
3691.7382 600 1
653.80590 600 1
592.35827 600 1
 518.5672 600 1
711.42846 600 1
1002.9634 600 1
568.66595 600 1
548.77655 600 1
581.69555 600 1
417.40313 600 1
538.86401 600 1
636.50854 600 1
589.67913 600 1
508.65933 600 1
549.85479 600 1
830.67553 600 1
636.47326 600 1
523.03820 600 1
917.41827 600 1
1163.6988 600 1
870.51947 600 1
474.32888 600 1
598.17987 600 1
1160.1189 600 1
568.46350 600 1
762.58099 600 1
1379.1272 600 1
551.83172 600 1
1184.7103 600 1
557.49108 600 1
974.10229 600 1
708.11181 600 1
2195.2795 600 1
727.06005 600 1
808.47033 600 1
563.76861 600 1
659.52343 600 1
611.12866 600 1
468.05242 600 1
562.53094 600 1
732.88696 600 1
607.94903 600 1
736.95898 600 1
596.05761 600 1
581.43969 600 1
653.75671 600 1
605.13922 600 1
551.86114 600 1
1244.5299 600 1
636.85223 600 1
652.23345 600 1
575.24456 600 1
564.61206 600 1
562.45703 600 1
533.47076 600 1
567.09588 600 1
491.54345 600 1
620.64898 600 1
820.34069 600 1
1147.6472 600 1
661.77441 600 1
2021.8337 600 1
642.72900 600 1
553.16699 600 1
715.74890 600 1
590.80670 600 1
523.75158 600 1
621.19506 600 1
701.32470 600 1
1400.1085 600 1
629.97778 600 1
907.22045 600 1
502.18981 600 1
811.13476 600 1
1694.6552 600 1
1222.8580 600 1
605.47717 600 1
554.13006 600 1
829.68023 600 1
524.08288 600 1
528.08947 600 1
732.01593 600 1
994.65759 600 1
817.18444 600 1
1357.5784 600 1
851.10943 600 1
1526.2856 600 1
936.90692 600 1
707.17425 600 1
674.08587 600 1
582.01275 600 1
583.28497 600 1
722.89544 600 1
582.90570 600 1
732.32727 600 1
905.31378 600 1
 993.6828 600 1
653.35833 600 1
636.16961 600 1
657.15618 600 1
913.57275 600 1
619.85778 600 1
794.59417 600 1
2117.2612 600 1
554.01208 600 1
602.44555 600 1
582.18798 600 1
504.98815 600 1
431.56713 600 1
515.90161 600 1
636.94140 600 1
619.16259 600 1
751.87860 600 1
861.04107 600 1
752.52533 600 1
858.00677 600 1
782.64538 600 1
549.67413 600 1
845.05236 600 1
570.24542 600 1
634.19824 600 1
1088.5727 600 1
756.64764 600 1
787.61547 600 1
1165.2186 600 1
640.19598 600 1
1340.8194 600 1
601.29052 600 1
427.94345 600 1
372.16424 600 1
787.78692 600 1
594.10815 600 1
901.42730 600 1
746.71618 600 1
666.58996 600 1
616.94409 600 1
498.94470 600 1
458.22793 600 1
517.73284 600 1
756.17956 600 1
638.17236 600 1
583.10614 600 1
1634.6962 600 1
553.52087 600 1
643.10327 600 1
641.61651 600 1
479.97088 600 1
538.98266 600 1
772.87982 600 1
944.64471 600 1
543.37963 600 1
1102.6038 600 1
1375.4155 600 1
 603.9953 600 1
840.08691 600 1
720.01080 600 1
1495.8054 600 1
626.74560 600 1
841.09759 600 1
616.29266 600 1
647.78222 600 1
570.78674 600 1
532.45617 600 1
977.21466 600 1
1048.9161 600 1
536.03973 600 1
1049.8939 600 1
541.96380 600 1
570.66137 600 1
587.29663 600 1
832.38348 600 1
1219.2919 600 1
529.26776 600 1
703.89263 600 1
627.66436 600 1
486.62234 600 1
1160.3752 600 1
776.82586 600 1
2846.0053 600 1
1361.9382 600 1
1089.8759 600 1
503.28778 600 1
1066.2728 600 1
585.29412 600 1
708.29974 600 1
802.47430 600 1
1531.3745 600 1
1520.1710 600 1
618.55059 600 1
1597.2209 600 1
916.11938 600 1
462.27267 600 1
1393.5379 600 1
862.99755 600 1
723.24511 600 1
617.70111 600 1
649.16931 600 1
585.07623 600 1
762.19854 600 1
585.90777 600 1
2608.0495 600 1
550.91351 600 1
410.48303 600 1
568.29644 600 1
605.43792 600 1
556.04217 600 1
1119.6217 600 1
628.67547 600 1
608.48443 600 1
786.98071 600 1
759.85656 600 1
527.19274 600 1
645.73004 600 1
678.24255 600 1
586.70575 600 1
497.32846 600 1
1340.5277 600 1
917.11468 600 1
594.14215 600 1
878.33233 600 1
 856.1745 600 1
740.53918 600 1
534.67785 600 1
580.97192 600 1
747.07220 600 1
856.08221 600 1
669.58496 600 1
571.62310 600 1
613.98815 600 1
787.56518 600 1
807.93695 600 1
680.48016 600 1
637.90338 600 1
892.63537 600 1
1793.3980 600 1
567.49334 600 1
602.94061 600 1
558.67828 600 1
1636.0411 600 1
493.23513 600 1
1933.8872 600 1
1316.6203 600 1
571.88250 600 1
552.82153 600 1
909.11712 600 1
1114.1032 600 1
644.03747 600 1
944.63501 600 1
617.07928 600 1
619.42804 600 1
530.63934 600 1
578.59954 600 1
510.34646 600 1
540.06201 600 1
866.79199 600 1
689.16198 600 1
658.66748 600 1
1005.0580 600 1
580.97204 600 1
686.34314 600 1
601.14801 600 1
591.05841 600 1
658.52313 600 1
673.68566 600 1
676.66284 600 1
676.58148 600 1
703.37323 600 1
568.13195 600 1
947.52221 600 1
1555.1125 600 1
2216.2912 600 1
497.03640 600 1
534.50164 600 1
614.47955 600 1
909.72576 600 1
709.39941 600 1
608.57037 600 1
836.96594 600 1
662.84869 600 1
645.61877 600 1
768.81616 600 1
560.57128 600 1
747.69378 600 1
549.86193 600 1
384.09732 600 1
639.29657 600 1
541.52758 600 1
619.71698 600 1
820.83136 600 1
618.64141 600 1
620.58587 600 1
588.99694 600 1
577.48742 600 1
589.68396 600 1
1494.4466 600 1
827.86773 600 1
518.76239 600 1
607.35595 600 1
473.51104 600 1
1938.0848 600 1
603.00653 600 1
633.88659 600 1
552.44995 600 1
1243.5793 600 1
577.88391 600 1
847.53851 600 1
776.20489 600 1
1047.8072 600 1
434.25402 600 1
868.87774 600 1
1397.2026 600 1
900.57714 600 1
593.44598 600 1
650.14495 600 1
612.73754 600 1
544.61206 600 1
1060.1579 600 1
548.13690 600 1
562.80944 600 1
721.80902 600 1
737.59582 600 1
577.19641 600 1
859.46417 600 1
1491.6883 600 1
1043.6253 600 1
711.18060 600 1
895.52081 600 1
608.37768 600 1
610.32702 600 1
553.41693 600 1
745.29492 600 1