507.881317 0.556453
455.426697 0.499822
1010.877380 0.623058
517.382446 0.563999
536.051819 0.576880
561.368103 0.590823
490.379517 0.540569
564.296387 0.592209
470.269104 0.518724
459.479980 0.505234
546.583191 0.583130
614.411743 0.610210
370.414093 0.339490
715.551941 0.625732
424.045197 0.451115
446.981384 0.487920
479.686096 0.529465
491.573303 0.541740
511.831421 0.559677
544.604980 0.582008
696.905701 0.624201
372.673126 0.344819
1128.487915 0.617648
1135.271362 0.617318
490.134399 0.540327
1125.568481 0.617789
457.894012 0.503139
957.040955 0.625218
494.326080 0.544390
1089.985962 0.619490
747.794250 0.627475
674.910095 0.621773
536.367432 0.577077
486.270142 0.536434
645.044128 0.617118
475.123199 0.524377
526.844482 0.570832
691.825012 0.623705
630.764832 0.614206
498.310059 0.548102
788.979675 0.628459
627.185242 0.613395
400.639771 0.406589
552.688965 0.586452
445.772369 0.486145
463.476685 0.510384
553.627991 0.586945
649.040405 0.617846
640.117676 0.616169
679.800842 0.622379
433.105530 0.466454
452.100494 0.495237
475.446686 0.524745
949.278320 0.625504
851.653015 0.628204
420.057159 0.444026
458.708405 0.504218
657.946655 0.619346
424.613983 0.452109
623.538147 0.612534
443.273193 0.482420
712.908081 0.625541
694.327271 0.623954
622.439209 0.612267
470.507416 0.519008
509.877991 0.558099
419.336609 0.442723
777.128784 0.628292
458.459351 0.503889
441.328827 0.479467
467.693573 0.515622
820.084961 0.628540
796.467041 0.628522
438.251678 0.474698
366.897278 0.331114
670.508606 0.621194
481.802185 0.531752
668.876770 0.620971
464.078064 0.511143
1649.614014 0.591902
619.341919 0.611496
1239.160034 0.612137
364.898956 0.326315
790.229492 0.628471
714.985107 0.625692
499.370972 0.549067
526.822388 0.570817
507.775055 0.556365
476.765198 0.526233
695.252380 0.624044
637.304443 0.615602
642.131348 0.616564
975.109497 0.624525
467.795776 0.515746
775.370422 0.628260
481.936157 0.531895
514.033142 0.561420
768.256531 0.628110
636.638794 0.615464
363.117035 0.322012
1391.779053 0.604354
565.725342 0.592870
502.967255 0.552263
584.954773 0.600842
466.799438 0.514528
566.989685 0.593446
544.010925 0.581666
523.895020 0.568772
540.440735 0.579568
1019.402649 0.622692
464.185242 0.511278
672.888794 0.621512
561.808533 0.591034
628.208618 0.613631
975.774536 0.624499
526.400452 0.570526
611.297180 0.609360
489.054260 0.539253
512.564270 0.560261
964.933777 0.624920
427.021332 0.456270
456.073059 0.500698
902.596741 0.627036
568.522888 0.594135
553.772156 0.587020
956.822510 0.625226
466.969452 0.514736
605.868164 0.607804
714.782043 0.625677
698.541992 0.624354
689.617249 0.623478
683.899109 0.622856
454.358429 0.498364
454.158905 0.498090
532.513977 0.574623
504.872589 0.553912
455.089569 0.499363
409.970459 0.425179
660.816650 0.619795
706.898315 0.625076
430.414764 0.462009
2478.894287 0.587928
517.431946 0.564036
616.038757 0.610643
478.964935 0.528675
520.264099 0.566149
758.570618 0.627849
555.782410 0.588056
816.952393 0.628552
520.294312 0.566171
2224.427979 0.579392
436.661011 0.472186
706.565430 0.625049
451.865082 0.494907
471.627655 0.520332
530.007629 0.572974
990.235352 0.623919
442.900085 0.481857
460.724640 0.506857
1543.532104 0.596813
439.185516 0.476158
752.441650 0.627648
1302.651245 0.608902
803.881104 0.628556
407.020050 0.419419
793.248169 0.628499
526.450195 0.570560
495.982544 0.545950
630.078735 0.614053
935.723999 0.625984
977.216309 0.624442
454.322968 0.498315
786.655273 0.628432
663.494080 0.620199
672.120178 0.621410
603.298462 0.607033
388.262756 0.380297
482.291473 0.532274
846.052795 0.628289
509.868286 0.558091
1338.584106 0.607066
1077.660034 0.620068
498.765594 0.548517
465.263519 0.512627
628.639893 0.613729
540.864319 0.579821
783.689148 0.628395
516.916016 0.563645
636.496826 0.615435
752.747498 0.627659
1307.443359 0.608658
605.210205 0.607609
484.887695 0.535006
537.291992 0.577652
790.214050 0.628471
487.649414 0.537840
924.440308 0.626363
461.148865 0.507406
675.147400 0.621804
594.875977 0.604347
442.883362 0.481831
558.305908 0.589326
1217.148193 0.613250
551.809265 0.585987
693.404724 0.623863
528.434937 0.571918
481.429901 0.531353
470.901581 0.519475
383.956604 0.370742
500.573914 0.550148
548.563354 0.584231
462.878357 0.509624
580.955688 0.599318
457.107056 0.502089
680.540894 0.622467
504.361328 0.553473
603.347046 0.607048
850.825073 0.628218
571.958740 0.595637
516.213074 0.563108
522.638184 0.567875
485.881378 0.536034
849.255676 0.628242
356.532745 0.305950
789.940491 0.628468
445.851562 0.486262
638.805664 0.615907
707.777527 0.625147
495.609619 0.545601
511.524017 0.559431
1019.012634 0.622709
639.287109 0.616003
815.620422 0.628556
1754.301880 0.587540
532.989319 0.574931
859.664856 0.628066
975.023315 0.624529
569.575073 0.594601
515.497620 0.562558
969.431396 0.624747
529.635803 0.572726
631.677429 0.614407
531.239319 0.573790
643.761108 0.616876
592.455200 0.603526
438.594482 0.475235
754.213928 0.627709
640.256409 0.616197
633.036133 0.614703
478.547302 0.528215
1121.760254 0.617973
694.309631 0.623952
440.302246 0.477889
657.510559 0.619277
460.903778 0.507089
468.791290 0.516953
543.215820 0.581205
503.517944 0.552743
543.572144 0.581412
494.426971 0.544485
572.496277 0.595867
531.185608 0.573754
824.681641 0.628514
546.349609 0.582999
499.096497 0.548818
478.580383 0.528252
399.717407 0.404692
519.187805 0.565353
1065.092163 0.620650
313.799530 0.200836
509.000061 0.557379
2200.539307 0.579160
752.869812 0.627663
1102.987061 0.618874
642.797791 0.616692
533.201111 0.575068
467.522064 0.515413
505.504852 0.554452
477.562073 0.527123
482.613068 0.532616
463.311798 0.510175
470.752625 0.519299
706.647217 0.625055
622.329956 0.612240
525.156616 0.569660
919.534363 0.626521
767.715149 0.628097
860.622131 0.628048
956.057678 0.625255
622.554260 0.612295
495.748138 0.545731
558.707642 0.589525
759.087524 0.627865
389.822906 0.383709
515.564880 0.562610
1377.576172 0.605076
475.398499 0.524690
561.244446 0.590763
792.621399 0.628493
479.202515 0.528936
532.098755 0.574353
767.184204 0.628084
1728.076294 0.588578
807.145386 0.628563
486.950745 0.537130
399.371246 0.403978
635.791382 0.615288
588.657532 0.602195
885.583374 0.627496
754.395142 0.627715
460.731110 0.506865
568.809265 0.594262
1074.926514 0.620195
495.190399 0.545207
1061.831665 0.620800
617.495911 0.611023
651.793701 0.618328
501.943756 0.551365
501.908691 0.551334
929.925110 0.626181
917.451355 0.626587
374.314728 0.348664
498.827057 0.548573
524.093384 0.568912
792.663635 0.628494
645.660095 0.617232
1224.316895 0.612888
613.109985 0.609859
502.764252 0.552086
552.505249 0.586355
474.860077 0.524077
625.463928 0.612993
1728.964111 0.588542
486.829346 0.537006
592.960693 0.603700
1376.978760 0.605106
860.391785 0.628052
523.874512 0.568757
640.175171 0.616180
791.120056 0.628480
1546.866577 0.596653
755.754456 0.627760
519.077759 0.565271
2102.827393 0.579073
475.543579 0.524855
433.087341 0.466425
494.908936 0.544942
408.105591 0.421551
841.288513 0.628354
499.583069 0.549258
544.940125 0.582199
420.333405 0.444524
729.067871 0.626588
395.032043 0.394899
403.413757 0.412229
562.519409 0.591373
592.514038 0.603547
496.991608 0.546889
672.598389 0.621473
468.860016 0.517036
430.231842 0.461704
550.368652 0.585215
494.734131 0.544776
503.305634 0.552558
460.823212 0.506985
453.118134 0.496654
784.391907 0.628404
592.116699 0.603410
491.794403 0.541955
768.221252 0.628109
938.418396 0.625890
719.076477 0.625974
742.537659 0.627258
721.660156 0.626143
672.419373 0.621450
671.002563 0.621261
462.452515 0.509081
599.870117 0.605970
672.588257 0.621472
530.219116 0.573115
646.038025 0.617302
494.585114 0.544635
520.681702 0.566456
680.098999 0.622414
466.340118 0.513962
591.320557 0.603134
1006.835693 0.623229
1200.090454 0.614108
534.785889 0.576082
471.701904 0.520419
600.284363 0.606101
420.353668 0.444560
360.827789 0.316455
584.800171 0.600784
459.365356 0.505083
578.005005 0.598150
433.046997 0.466359
1282.933960 0.609909
467.909637 0.515885
475.944855 0.525309
662.174927 0.620002
552.819275 0.586521
457.160034 0.502160
582.112244 0.599766
1732.441650 0.588402
498.524200 0.548297
525.099548 0.569620
534.116638 0.575656
321.132629 0.218387
1288.082031 0.609647
427.969971 0.457890
713.303101 0.625570
474.002411 0.523094
631.387207 0.614344
1101.611938 0.618940
436.731598 0.472298
394.383942 0.393524
608.039795 0.608438
511.156464 0.559135
774.406677 0.628242
1225.341553 0.612836
636.814697 0.615501
526.360474 0.570498
639.424438 0.616031
495.449646 0.545451
565.216614 0.592635
557.440796 0.588895
466.470490 0.514123
1055.320557 0.621097
506.271484 0.555103
588.085632 0.601990
1412.816895 0.603287
492.309967 0.542456
613.997375 0.610099
566.125000 0.593053
1026.790405 0.622371
569.234375 0.594450
432.909576 0.466134
956.634155 0.625233
1114.004639 0.618347
875.257812 0.627744
644.237549 0.616966
589.626160 0.602540
894.401001 0.627265
821.600037 0.628532
501.491882 0.550966
1142.897949 0.616945
569.380310 0.594515
550.892883 0.585497
355.925140 0.304456
755.332703 0.627746
950.191406 0.625471
498.590607 0.548358
517.224854 0.563879
414.527283 0.433856
513.273743 0.560823
422.641754 0.448644
594.615051 0.604259
1239.637695 0.612113
1099.261719 0.619051
1729.291382 0.588529
488.373322 0.538570
591.519165 0.603203
669.193176 0.621014
853.436279 0.628175
883.060791 0.627559
723.734741 0.626273
490.576111 0.540762
427.405609 0.456928
915.718933 0.626642
481.020966 0.530913
764.482788 0.628016
1042.227173 0.621688
766.363159 0.628064
648.823730 0.617808
481.184235 0.531089
536.325439 0.577051
510.044220 0.558234
524.959778 0.569522
667.096436 0.620721
551.251404 0.585689
747.645874 0.627469
469.102051 0.517327
510.152496 0.558322
504.280396 0.553403
683.681641 0.622831
536.131836 0.576930
546.824036 0.583265
481.571106 0.531504
766.785217 0.628075
522.026245 0.567434
620.404724 0.611763
484.660461 0.534770
808.303284 0.628564
557.858887 0.589104
581.886658 0.599679
539.324097 0.578895
494.054016 0.544131
448.118347 0.489573
439.692627 0.476946
608.647217 0.608613
1068.406250 0.620497
809.908752 0.628564
813.939392 0.628560
590.648743 0.602900
483.216003 0.533255
565.314148 0.592680
685.489197 0.623034
573.160400 0.596150
430.574768 0.462276
570.938721 0.595197
433.009399 0.466297
465.504181 0.512927
647.610779 0.617590
487.473389 0.537661
608.987305 0.608710
627.588928 0.613489
848.166260 0.628259
1421.088989 0.602868
480.683014 0.530548
844.382324 0.628313
1007.616028 0.623196
504.314606 0.553432
926.460815 0.626296
530.078369 0.573021
993.217407 0.623797
816.436462 0.628554
1188.007202 0.614713
496.220123 0.546172
2022.004150 0.579949
868.219299 0.627897
450.352814 0.492774
846.562988 0.628282
557.971619 0.589160
456.162750 0.500819
484.184021 0.534272
451.323181 0.494146
516.920837 0.563648
925.257996 0.626336
534.991699 0.576212
481.646149 0.531585
690.948730 0.623616
554.494202 0.587395
632.676270 0.614625
742.696167 0.627265
782.351440 0.628376
396.169678 0.397301
428.184998 0.458255
1056.975830 0.621022
730.627747 0.626674
1697.639404 0.589830
462.267242 0.508844
447.298706 0.488383
712.452820 0.625507
705.990906 0.625002
513.783081 0.561224
755.655457 0.627757
866.568237 0.627931
1115.441772 0.618278
1217.802612 0.613217
420.756256 0.445284
514.378540 0.561690
672.097412 0.621407
543.320923 0.581266
931.410522 0.626131
516.106445 0.563026
445.489197 0.485727
505.065979 0.554078
1348.283813 0.606570
871.101746 0.627836
730.495850 0.626667
557.294983 0.588821
780.189758 0.628343
675.257202 0.621818
440.688202 0.478484
567.977295 0.593891
497.301483 0.547176
496.997925 0.546895
795.974731 0.628519
461.671509 0.508080
1248.944092 0.611640
1098.147705 0.619104
725.016235 0.626352
914.032288 0.626694
479.831146 0.529623
1954.724487 0.581246
353.061340 0.297396
689.719238 0.623489
541.079590 0.579949
1351.833008 0.606389
897.447266 0.627182
529.954590 0.572939
683.388794 0.622798
506.355164 0.555174
1649.176392 0.591921
549.581665 0.584788
565.280151 0.592665
1795.514893 0.585997
1991.505005 0.580477
468.603394 0.516726
427.927612 0.457818
501.252869 0.550753
690.721069 0.623592
441.612122 0.479900
511.513519 0.559422
516.906616 0.563638
477.948700 0.527553
791.459229 0.628483
604.362976 0.607355
468.945282 0.517139
520.131409 0.566052
528.296936 0.571824
521.840271 0.567299
638.988159 0.615943
492.796936 0.542926
787.286499 0.628440
578.141113 0.598205
851.199219 0.628212
529.351379 0.572535
889.585693 0.627393
444.488647 0.484241
497.542023 0.547397
870.660706 0.627845
674.562927 0.621729
473.192322 0.522159
486.779938 0.536956
635.346741 0.615195
563.713379 0.591936
620.681946 0.611833
498.117188 0.547926
768.768555 0.628122
522.779480 0.567976
1590.623535 0.594584
552.305359 0.586250
1050.589478 0.621312
432.825470 0.465996
1972.362427 0.580860
419.924744 0.443787
571.013306 0.595229
615.514893 0.610504
627.239990 0.613408
536.993469 0.577467
951.145996 0.625436
560.749634 0.590524
562.061157 0.591155
614.244995 0.610166
886.080322 0.627484
714.965698 0.625690
1882.999390 0.583122
445.913940 0.486354
499.760681 0.549418
711.348511 0.625424
575.921570 0.597303
1132.560791 0.617450
646.137207 0.617320
512.129456 0.559915
826.482056 0.628502
429.462830 0.460414
417.827393 0.439973
833.338013 0.628443
514.101624 0.561474
547.415955 0.583596
524.358826 0.569100
489.051208 0.539250
489.743439 0.539939
428.050568 0.458027
523.681946 0.568620
1043.359009 0.621637
478.950714 0.528659
1782.612549 0.586468
491.586212 0.541752
502.466125 0.551825
943.668579 0.625706
520.325012 0.566194
570.789734 0.595132
822.527954 0.628527
489.512939 0.539710
551.683777 0.585920
520.634216 0.566421
486.679596 0.536853
847.735657 0.628265
539.747742 0.579151
424.004150 0.451043
467.125031 0.514927
459.972168 0.505878
542.246521 0.580639
1214.660400 0.613375
471.747559 0.520473
659.875671 0.619650
717.659546 0.625878
383.608368 0.369961
421.599548 0.446792
472.089417 0.520874
522.330505 0.567653
418.029327 0.440343
493.245239 0.543357
479.075989 0.528797
860.142822 0.628057
459.948120 0.505846
442.264221 0.480893
644.673096 0.617048
835.147095 0.628425
414.116791 0.433085
462.217896 0.508781
452.429962 0.495697
722.719788 0.626210
469.123474 0.517353
550.053650 0.585044
802.969421 0.628554
1016.517151 0.622816
599.291321 0.605787
968.005249 0.624802
545.548950 0.582546
630.892700 0.614235
448.866486 0.490651
489.154785 0.539353
509.624847 0.557892
639.514893 0.616049
570.201111 0.594875
499.340729 0.549039
448.971588 0.490802
1178.643677 0.615180
438.634003 0.475297
626.035583 0.613128
1588.468750 0.594684
458.004669 0.503286
514.469727 0.561761
430.481232 0.462120
467.516724 0.515406
557.272644 0.588810
618.232849 0.611213
532.505554 0.574618
521.753235 0.567236
1685.365112 0.590349
599.213867 0.605762
424.077972 0.451172
589.552673 0.602514
680.107666 0.622415
739.646851 0.627129
720.734985 0.626083
461.222900 0.507502
616.609741 0.610792
703.947205 0.624831
1247.662598 0.611705
1250.643433 0.611554
440.424500 0.478078
641.183655 0.616379
486.579041 0.536750
675.277710 0.621820
933.004089 0.626077
469.477386 0.517778
604.094666 0.607275
291.195160 0.150400
2236.804443 0.579548
699.382874 0.624430
709.756714 0.625302
481.357300 0.531275
781.654053 0.628366
954.900940 0.625298
493.724823 0.543817
445.501404 0.485745
413.507050 0.431936
496.171021 0.546127
494.892487 0.544926
472.553345 0.521416
552.102051 0.586142
575.493958 0.597126
492.114105 0.542266
610.091919 0.609023
488.851898 0.539051
463.153412 0.509974
439.637970 0.476861
1361.712158 0.605885
884.851929 0.627514
460.619354 0.506720
719.282288 0.625988
1730.726807 0.588471
797.074280 0.628526
556.520447 0.588431
474.489227 0.523653
627.704407 0.613515
419.864349 0.443678
553.607849 0.586934
451.339325 0.494169
521.397522 0.566978
615.841431 0.610591
1087.493652 0.619608
1085.645508 0.619695
466.249756 0.513851
455.358398 0.499729
390.402313 0.384969
697.479187 0.624255
510.406189 0.558529
526.115295 0.570328
561.503784 0.590888
671.877808 0.621378
745.126648 0.627368
802.380249 0.628552
466.611938 0.514297
743.685547 0.627308
450.196075 0.492552
1403.414673 0.603763
475.643311 0.524968
535.790649 0.576716
431.634552 0.464036
1346.750977 0.606649
807.965271 0.628564
937.844666 0.625910
468.126984 0.516149
554.806091 0.587556
719.152344 0.625979
796.664734 0.628524
434.355774 0.468488
599.777466 0.605941
1174.473877 0.615388
704.480469 0.624876
492.051483 0.542205
655.065308 0.618879
566.019348 0.593004
799.498291 0.628540
925.169495 0.626339
470.932800 0.519512
1038.845825 0.621839
709.455383 0.625279
408.543274 0.422406
1145.707275 0.616808
416.386108 0.437319
495.989288 0.545957
901.861267 0.627057
574.453247 0.596694
2022.763794 0.579937
1015.249207 0.622871
517.844360 0.564348
1069.086304 0.620466
1204.680054 0.613878
700.346619 0.624517
659.806946 0.619639
1012.661560 0.622982
470.719208 0.519259
696.999817 0.624210
854.236145 0.628162
1020.065063 0.622663
719.363403 0.625993
414.580536 0.433956
556.007751 0.588171
401.102661 0.407537
419.892792 0.443729
743.182556 0.627286
481.855499 0.531809
908.319946 0.626868
496.838013 0.546747
776.855042 0.628287
501.312042 0.550806
591.812317 0.603305
515.528076 0.562582
657.913818 0.619341
555.939514 0.588136
484.411743 0.534511
728.547241 0.626558
518.885986 0.565129
449.626465 0.491740
530.793274 0.573496
463.395660 0.510281
710.064392 0.625326
1116.293213 0.618237
646.049316 0.617304
543.446289 0.581339
458.868958 0.504430
414.330231 0.433486
666.484802 0.620634
485.496124 0.535637
560.520569 0.590413
466.143829 0.513720
915.466553 0.626650
503.234589 0.552497
779.962646 0.628340
496.474274 0.546409
1161.994873 0.616006
608.010620 0.608430
578.336670 0.598283
410.832825 0.426841
779.617676 0.628334
632.351624 0.614555
431.589722 0.463962
395.728119 0.396371
418.932220 0.441989
444.363800 0.484055
566.040161 0.593014
834.867249 0.628428
443.458282 0.482698
517.774841 0.564295
728.356689 0.626548
464.771454 0.512013
482.883698 0.532903
1313.952148 0.608325
672.155029 0.621415
464.584412 0.511779
645.143677 0.617136
824.160583 0.628518
461.695343 0.508111
662.768921 0.620091
792.860352 0.628495
1053.849731 0.621164
689.919495 0.623509
689.152222 0.623429
446.158844 0.486714
432.470123 0.465413
501.927185 0.551350
460.911072 0.507099
675.902283 0.621899
449.804260 0.491994
1108.206299 0.618625
490.092712 0.540285
458.878021 0.504442
442.805420 0.481714
431.254242 0.463406
422.696442 0.448740
918.679993 0.626548
708.647217 0.625216
444.581543 0.484380
528.266296 0.571803
520.480774 0.566308
831.885376 0.628457
425.975372 0.454472
428.630554 0.459010
639.340759 0.616014
535.480591 0.576521
464.452087 0.511613
1101.189087 0.618960
631.667847 0.614405
710.292542 0.625344
1045.394775 0.621546
693.211853 0.623844
482.352814 0.532340
496.321503 0.546267
445.271606 0.485405
1078.502441 0.620029
481.733093 0.531678
699.238037 0.624417
529.309326 0.572507
717.676025 0.625880
511.440491 0.559364
414.443512 0.433699
533.770996 0.575434
1994.010132 0.580430
1671.113892 0.590961
682.276001 0.622670
819.645935 0.628542
725.277100 0.626367
674.680664 0.621744
583.180115 0.600174
435.035492 0.469586
931.727783 0.626120
1125.473999 0.617794
514.346741 0.561665
538.757385 0.578551
787.485352 0.628442
420.979401 0.445684
659.623840 0.619610
583.290283 0.600216
517.464722 0.564061
570.742493 0.595112
538.692261 0.578511
500.896729 0.550437
1053.039185 0.621201
1431.443115 0.602346
483.686890 0.533751
1259.425171 0.611107
1152.496704 0.616474
474.965668 0.524198
421.847015 0.447233
903.493713 0.627010
670.350830 0.621173
783.079712 0.628386
787.601807 0.628443
550.053162 0.585044
726.118347 0.626418
383.121674 0.368867
783.444519 0.628391
454.102600 0.498013
450.170197 0.492515
461.040833 0.507267
503.602661 0.552817
611.790466 0.609497
642.540100 0.616642
468.926819 0.517116
533.174561 0.575051
1745.195557 0.587896
609.100708 0.608742
643.529358 0.616832
1248.721191 0.611652
486.296722 0.536461
873.568420 0.627782
433.289764 0.466755
474.466492 0.523627
703.547363 0.624797
469.575653 0.517896
473.062653 0.522008
1356.182251 0.606167
814.778381 0.628558
566.475342 0.593212
713.842896 0.625609
518.709717 0.564997
466.186584 0.513773
492.415619 0.542558
542.331055 0.580688
707.285767 0.625107
1438.959351 0.601968
898.858826 0.627142
942.207520 0.625757
412.128235 0.429321
450.496887 0.492979
497.744415 0.547584
558.042847 0.589195
463.813812 0.510810
442.974426 0.481969
527.323975 0.571161
561.778870 0.591020
661.597656 0.619914
477.110718 0.526620
623.035645 0.612412
395.029114 0.394893
642.189026 0.616575
632.703918 0.614631
647.703796 0.617606
805.353516 0.628560
412.170837 0.429402
554.905701 0.587607
623.435913 0.612509
550.347717 0.585204
527.587830 0.571342
475.126709 0.524381
461.299225 0.507600
468.214844 0.516256
659.598877 0.619607
745.833130 0.627397
2313.838867 0.581075
611.716064 0.609476
1026.742676 0.622373
498.763519 0.548516
649.600342 0.617946
540.732971 0.579742
480.011169 0.529819
818.408142 0.628547
453.513397 0.497201
517.440430 0.564043
504.748016 0.553805
528.986450 0.572290
482.598785 0.532601
2688.409912 0.604593
1354.641968 0.606246
907.269531 0.626899
896.043091 0.627220
1200.965210 0.614064
529.302124 0.572502
860.088257 0.628058
452.736694 0.496124
784.683533 0.628408
501.637756 0.551095
974.052795 0.624567
590.460510 0.602834
626.040161 0.613129
703.441040 0.624788
503.386597 0.552629
435.944183 0.471043
843.292786 0.628328
465.904968 0.513424
721.954651 0.626162
459.673767 0.505487
510.767426 0.558821
671.997925 0.621394
755.552307 0.627754
984.057495 0.624169
483.074707 0.533106
381.651245 0.365546
893.091980 0.627301
671.983276 0.621392
800.674744 0.628545
461.605682 0.507995
1940.181030 0.581587
477.763123 0.527347
899.858887 0.627114
705.851624 0.624990
929.523987 0.626194
773.939392 0.628233
581.409668 0.599494
625.954285 0.613109
577.863586 0.598093
471.866730 0.520613
1023.652283 0.622508
571.699768 0.595526
499.796844 0.549451
778.928467 0.628323
441.679901 0.480004
478.531158 0.528197
572.477478 0.595859
753.782410 0.627694
521.030945 0.566711
580.058533 0.598967
451.147644 0.493899
467.364502 0.515220
669.732300 0.621088
1134.705078 0.617345
599.703186 0.605917
763.360962 0.627987
738.672424 0.627083
517.277466 0.563919
632.082336 0.614496
506.695404 0.555461
627.982239 0.613579
748.731140 0.627511
504.812286 0.553860
1047.138550 0.621467
520.256042 0.566143
500.800201 0.550351
307.882294 0.187032
1494.669189 0.599193
613.490906 0.609962
611.981628 0.609550
553.807800 0.587038
535.947998 0.576815
482.079041 0.532048
498.970551 0.548704
481.108612 0.531007
656.823303 0.619166
490.029083 0.540222
502.058655 0.551466
418.209869 0.440673
1096.213623 0.619196
437.680573 0.473800
565.703308 0.592859
481.951233 0.531911
462.202362 0.508761
429.738922 0.460878
394.838776 0.394490
438.118927 0.474490
883.899231 0.627538
448.118469 0.489573
669.788696 0.621096
2045.462524 0.579614
685.457031 0.623030
478.074554 0.527693
811.378479 0.628564
525.686218 0.570030
913.026428 0.626725
504.640533 0.553713
805.744568 0.628561
406.207397 0.417813
444.522034 0.484291
405.915314 0.417234
480.745728 0.530616
754.221069 0.627709
902.406555 0.627041
589.745728 0.602582
582.480042 0.599907
1802.922485 0.585731
545.316467 0.582414
566.018433 0.593004
1399.838501 0.603944
1052.578735 0.621222
562.618958 0.591420
568.132446 0.593960
591.816833 0.603307
538.090820 0.578144
805.859924 0.628561
562.802856 0.591507
823.724426 0.628520
455.219299 0.499540
687.318359 0.623234
776.771606 0.628286
451.488464 0.494379
527.516724 0.571293
1730.899292 0.588464
475.238007 0.524508
578.191101 0.598225
642.179382 0.616573
381.608459 0.365449
636.328003 0.615400
368.743652 0.335524
473.280853 0.522261
710.394775 0.625352
979.160217 0.624365
916.809143 0.626608
1447.431519 0.601542
837.590454 0.628398
644.637207 0.617041
484.962646 0.535084
448.366119 0.489931
670.145203 0.621145
1091.614380 0.619414
509.743134 0.557989
789.240234 0.628461
468.723389 0.516871
486.104858 0.536264
882.711548 0.627568
493.710175 0.543803
744.408569 0.627338
588.592957 0.602172
616.761841 0.610832
491.560059 0.541727
499.883667 0.549529
485.636841 0.535782
485.470917 0.535611
826.915222 0.628499
473.015198 0.521953
612.905273 0.609803
707.489685 0.625123
1314.996948 0.608271
1255.856323 0.611289
627.021912 0.613358
1075.017822 0.620191
757.108948 0.627804
1300.874023 0.608993
441.789001 0.480170
474.127228 0.523238
413.784027 0.432459
445.639740 0.485949
485.066467 0.535192
568.834351 0.594273
620.050598 0.611675
909.228394 0.626841
642.365845 0.616609
575.402954 0.597089
453.761047 0.497542
603.339966 0.607046
595.415161 0.604526
542.430542 0.580747
699.235535 0.624417
610.357666 0.609098
745.294983 0.627375
1033.682251 0.622068
386.362518 0.376105
361.491943 0.318070
1545.368530 0.596725
489.941162 0.540135
531.948425 0.574255
870.015625 0.627859
494.593536 0.544643
545.822571 0.582701
627.696899 0.613513
1332.045532 0.607400
548.651550 0.584279
797.854370 0.628531
586.558533 0.601435
1302.150757 0.608928
529.335083 0.572524
883.516174 0.627548
723.070618 0.626232
787.569275 0.628443
658.761719 0.619475
559.480713 0.589906
783.080566 0.628386
406.431732 0.418257
564.712769 0.592402
650.357178 0.618079
516.986633 0.563698
883.836670 0.627540
371.325958 0.341646
473.684296 0.522728
965.066528 0.624915
855.538391 0.628140
776.299683 0.628277
502.850311 0.552161
799.666626 0.628540
639.846680 0.616115
1688.521729 0.590215
929.982117 0.626179
574.971497 0.596910
784.145996 0.628401
587.222107 0.601677
488.319275 0.538516
441.864380 0.480285
559.190552 0.589763
1154.196777 0.616391
733.853455 0.626846
941.179749 0.625794
1751.324097 0.587656
428.681183 0.459096
425.079559 0.452920
542.870239 0.581004
495.542358 0.545538
518.674316 0.564971
484.668945 0.534779
621.446350 0.612023
511.248291 0.559209
448.768494 0.490510
448.390656 0.489966
586.964966 0.601583
485.461395 0.535601
879.658936 0.627641
406.926910 0.419235
2904.947510 0.631750
501.159424 0.550670
626.836304 0.613315
2010.425659 0.580137
536.605713 0.577226
1665.231323 0.591216
407.500366 0.420364
579.029846 0.598560
600.533752 0.606179
510.174438 0.558340
735.328186 0.626921
587.669922 0.601839
940.021912 0.625834
990.102905 0.623924
588.462463 0.602125
520.604858 0.566399
410.869446 0.426912
406.127625 0.417655
520.700134 0.566469
923.276367 0.626401
728.952698 0.626581
467.367767 0.515224
722.622498 0.626204
843.133179 0.628330
504.966431 0.553992
430.849121 0.462733
458.156860 0.503488
563.154297 0.591673
520.649841 0.566432
485.544800 0.535687
824.830322 0.628513
429.266937 0.460085
816.973999 0.628552
555.106323 0.587710
594.313904 0.604158
534.716797 0.576038
722.374512 0.626188
615.617371 0.610532
472.224426 0.521032
476.143158 0.525533
957.109192 0.625216
358.834625 0.311592
597.787354 0.605304
574.889526 0.596876
866.668396 0.627929
528.978149 0.572284
888.809143 0.627414
590.876770 0.602980
783.802063 0.628396
964.733582 0.624928
624.674988 0.612806
549.740540 0.584875
1123.488770 0.617890
583.072815 0.600133
491.797180 0.541958
544.187988 0.581768
673.718201 0.621620
848.892822 0.628248
1046.379883 0.621501
703.324646 0.624778
512.694214 0.560365
642.304810 0.616597
869.075134 0.627879
514.499756 0.561784
464.753998 0.511991
1769.597656 0.586955
555.477417 0.587900
547.563660 0.583678
684.677002 0.622943
482.670685 0.532678
756.925476 0.627798
707.659546 0.625137
448.524109 0.490158
493.236542 0.543349
398.099243 0.401340
495.554169 0.545549
1065.843384 0.620615
702.631653 0.624718
588.867615 0.602270
505.944733 0.554826
485.254425 0.535387
1174.161011 0.615403
433.888702 0.467731
733.765442 0.626841
660.617554 0.619764
622.289246 0.612230
1424.911255 0.602675
488.352631 0.538550
1357.354370 0.606107
431.407104 0.463659
807.659973 0.628563
1365.796265 0.605676
536.278320 0.577021
597.594971 0.605242
520.836670 0.566569
693.242737 0.623847
562.526367 0.591376
423.788727 0.450665
512.266907 0.560025
431.562103 0.463916
559.485046 0.589908
518.142212 0.564572
423.000610 0.449278
632.483215 0.614583
626.168701 0.613159
551.413086 0.585776
589.164062 0.602376
1466.231445 0.600602
561.963440 0.591108
641.338684 0.616409
828.208313 0.628489
1235.248047 0.612335
489.623840 0.539820
449.019470 0.490871
691.013611 0.623622
965.850464 0.624885
459.741638 0.505576
447.664154 0.488914
529.789062 0.572828
501.560333 0.551026
542.850037 0.580992
495.607697 0.545599
793.847229 0.628503
969.690369 0.624737
430.504669 0.462159
550.148560 0.585096
647.894348 0.617641
504.081543 0.553231
574.411621 0.596676
545.319275 0.582416
502.828461 0.552142
456.857361 0.501754
1441.575195 0.601836
641.826355 0.616504
392.552887 0.389613
462.193481 0.508750
898.451172 0.627154
368.871216 0.335827
979.983276 0.624332
546.411865 0.583034
575.597595 0.597169
464.208679 0.511307
454.843079 0.499027
452.054657 0.495173
444.674500 0.484518
586.294067 0.601338
433.974792 0.467871
544.048767 0.581688
603.587830 0.607121
611.630066 0.609452
970.608093 0.624701
510.462433 0.558574
581.210632 0.599417
687.669922 0.623272
996.759888 0.623651
1110.188354 0.618530
615.046326 0.610380
1048.669556 0.621398
675.103760 0.621798
650.373596 0.618081
1008.134521 0.623174
412.530365 0.430086
727.868713 0.626520
1004.740784 0.623317
814.990784 0.628558
541.957458 0.580469
689.193237 0.623433
1123.539062 0.617887
603.504578 0.607096
430.057220 0.461412
740.228027 0.627155
873.073975 0.627793
411.207855 0.427561
469.049438 0.517264
538.859436 0.578613
506.319611 0.555144
490.626709 0.540812
575.663452 0.597196
790.176392 0.628471
631.609741 0.614393
450.754395 0.493343
514.707703 0.561946
499.683075 0.549349
469.765503 0.518123
471.239960 0.519875
673.453186 0.621585
760.915283 0.627918
684.811707 0.622958
745.033936 0.627364
460.358398 0.506381
667.648315 0.620799
514.298401 0.561627
465.873962 0.513386
1225.062866 0.612850
579.826782 0.598876
494.746979 0.544789
682.202637 0.622661
605.407776 0.607668
447.666840 0.488918
682.563782 0.622703
473.218872 0.522189
393.374451 0.391372
574.974304 0.596911
603.325562 0.607042
450.262329 0.492646
417.866821 0.440045
459.051453 0.504670
538.274414 0.578256
652.644287 0.618473
705.757446 0.624982
922.538208 0.626425
560.551208 0.590428
685.900940 0.623079
496.699829 0.546619
1101.693359 0.618936
419.412476 0.442861
460.109467 0.506057
630.473328 0.614141
494.322021 0.544386
690.419861 0.623561
400.248444 0.405785
542.466003 0.580767
785.879883 0.628423
752.342529 0.627644
525.369324 0.569809
1770.234619 0.586930
424.356018 0.451659
609.342102 0.608811
834.212708 0.628435
524.195740 0.568984
526.518677 0.570607
620.786926 0.611859
488.855804 0.539054
476.549469 0.525991
549.741638 0.584875
453.804321 0.497602
470.715820 0.519255
758.937561 0.627860
459.523010 0.505290
615.143921 0.610406
414.388580 0.433596
505.467499 0.554421
662.218567 0.620008
551.432922 0.585786
638.771484 0.615900
471.150513 0.519770
925.739929 0.626320
717.727112 0.625883
581.827332 0.599656
542.280151 0.580658
582.369690 0.599864
918.219727 0.626563
634.215393 0.614956
521.392822 0.566975
1100.439941 0.618995
566.113098 0.593047
506.518738 0.555312
482.196991 0.532174
520.317261 0.566188
409.059753 0.423413
433.924500 0.467789
474.503784 0.523670
451.873657 0.494919
727.761658 0.626514
481.515167 0.531444
455.718048 0.500217
878.886719 0.627660
550.188293 0.585117
627.512573 0.613471
494.799805 0.544838
718.175781 0.625914
518.185791 0.564605
516.753235 0.563521
1049.770508 0.621349
606.466797 0.607980
555.169495 0.587742
503.362000 0.552608
508.510284 0.556975
565.553284 0.592790
772.009155 0.628193
437.701599 0.473833
444.397675 0.484105
489.676605 0.539873
488.779083 0.538978
521.733948 0.567222
712.228027 0.625490
465.214844 0.512567
509.590912 0.557864
651.771729 0.618324
484.234833 0.534326
506.705902 0.555470
915.438782 0.626650
630.009644 0.614038
518.853210 0.565104
480.723785 0.530592
529.585083 0.572692
663.536194 0.620205
680.023560 0.622405
1402.129517 0.603828
990.218811 0.623920
672.745911 0.621493
709.762329 0.625303
663.696777 0.620229
583.125061 0.600153
1003.590149 0.623366
676.418701 0.621964
557.586365 0.588967
516.671143 0.563458
557.030212 0.588688
440.264465 0.477831
657.493164 0.619274
610.233887 0.609063
505.459442 0.554414
664.571899 0.620358
536.676514 0.577270
580.815247 0.599263
429.825775 0.461024
505.090973 0.554099
629.325562 0.613884
462.829590 0.509562
724.884888 0.626344
496.837799 0.546747
620.923401 0.611893
1470.442871 0.600393
417.773102 0.439873
475.483734 0.524787
494.517853 0.544572
458.881989 0.504447
644.033752 0.616928
649.041382 0.617846
619.643188 0.611572
702.294128 0.624689
456.938507 0.501863
780.184204 0.628343
507.561127 0.556186
603.238586 0.607015
699.261841 0.624419
367.659332 0.332937
539.380066 0.578929
763.795166 0.627998
686.139954 0.623105
1041.013550 0.621742
530.697327 0.573432
457.485565 0.502595
950.601318 0.625456
476.152008 0.525543
1780.115356 0.586560
561.344666 0.590811
569.143005 0.594410
411.280365 0.427700
434.168518 0.468185
2284.075684 0.580367
437.004578 0.472731
698.290649 0.624330
416.099213 0.436787
521.697754 0.567196
894.657776 0.627258
700.599609 0.624540
429.765320 0.460922
490.637115 0.540823
809.087708 0.628564
1117.259888 0.618190
466.570740 0.514246
474.682068 0.523874
519.710938 0.565741
445.079681 0.485120
1047.752686 0.621440
450.966217 0.493643
440.105408 0.477585
452.038635 0.495150
474.473022 0.523635
697.736938 0.624279
609.455505 0.608843
649.892639 0.617997
1029.654053 0.622245
503.464508 0.552697
355.494659 0.303397
1172.078369 0.615507
1096.688965 0.619174
642.144897 0.616566
536.062012 0.576886
473.676636 0.522719
1400.812012 0.603895
803.550049 0.628556
926.773315 0.626286
564.537048 0.592321
577.000610 0.597744
492.173035 0.542323
1087.534302 0.619606
762.313904 0.627958
763.501831 0.627990
509.433411 0.557735
500.677979 0.550241
546.923706 0.583321
1178.150391 0.615205
484.073090 0.534156
607.592590 0.608309
526.220825 0.570401
1408.339722 0.603513
579.746460 0.598844
539.513489 0.579010
804.160889 0.628557
460.284241 0.506285
510.702484 0.558769
373.935150 0.347777
557.040405 0.588693
777.980469 0.628307
499.297089 0.549000
501.863403 0.551294
489.371582 0.539569
863.239136 0.627998
931.023376 0.626144
676.433105 0.621966
434.745239 0.469118
530.529480 0.573321
477.368347 0.526908
511.341949 0.559285
714.053833 0.625625
849.107300 0.628244
852.592285 0.628189
460.937714 0.507133
506.823212 0.555568
567.025024 0.593462
555.772766 0.588051
643.207031 0.616770
537.261536 0.577633
820.559509 0.628538
578.553894 0.598370
485.528992 0.535671
581.914917 0.599690
530.873474 0.573549
626.969849 0.613346
599.362549 0.605809
528.582520 0.572018
528.678101 0.572082
637.977966 0.615739
567.046448 0.593472
428.744598 0.459203
478.031311 0.527645
614.014099 0.610104
440.501221 0.478196
553.306702 0.586777
846.149414 0.628288
467.226929 0.515052
448.593475 0.490258
484.418274 0.534517
849.995300 0.628231
670.216553 0.621155
522.739258 0.567947
569.947876 0.594764
1176.006104 0.615311
448.274445 0.489798
959.716187 0.625118
552.525879 0.586366
480.352112 0.530190
879.649780 0.627641
640.727417 0.616289
499.537354 0.549217
526.311584 0.570464
1763.156372 0.587199
461.894043 0.508366
436.768402 0.472357
449.751953 0.491919
476.718475 0.526181
763.620178 0.627993
731.820618 0.626739
522.119446 0.567501
530.464844 0.573278
733.771667 0.626841
582.620300 0.599960
581.913818 0.599689
716.249207 0.625781
517.226257 0.563880
836.773071 0.628407
525.498230 0.569899
691.834290 0.623706
892.549683 0.627315
934.118408 0.626039
751.147949 0.627602
395.915863 0.396767
1281.299316 0.609993
662.471130 0.620046
3158.072998 0.674545
756.978027 0.627800
725.318359 0.626370
488.121552 0.538317
673.535156 0.621596
572.345093 0.595803
478.722626 0.528409
660.635864 0.619767
1229.558716 0.612623
1099.801514 0.619026
515.563721 0.562609
459.064636 0.504688
497.398987 0.547266
1732.327637 0.588407
1513.839722 0.598252
462.948883 0.509714
435.809906 0.470829
587.592285 0.601811
584.706116 0.600749
1074.953979 0.620194
455.829041 0.500368
482.609833 0.532613
520.996216 0.566686
595.484619 0.604549
465.291077 0.512662
538.818970 0.578589
401.676147 0.408707
453.862671 0.497682
670.526306 0.621197
449.584747 0.491681
540.197510 0.579422
790.951965 0.628478
772.835876 0.628210
1057.885254 0.620980
502.286530 0.551667
716.456604 0.625795
400.925903 0.407175
501.057770 0.550580
1224.805786 0.612863
498.478607 0.548256
959.504272 0.625126
574.359985 0.596655
2284.460449 0.580376
472.144043 0.520938
579.223267 0.598637
629.392639 0.613899
705.333740 0.624947
679.331909 0.622322
502.555573 0.551903
1191.354492 0.614546
531.410889 0.573903
560.898132 0.590596
369.525360 0.337383
775.087769 0.628255
411.797333 0.428689
604.798828 0.607486
657.486267 0.619273
500.110718 0.549733
525.159241 0.569662
600.410278 0.606140
654.286377 0.618750
523.326660 0.568367
820.101624 0.628540
1841.989990 0.584396
596.504089 0.604886
796.337952 0.628521
782.047485 0.628371
491.119995 0.541297
401.020477 0.407368
453.297577 0.496902
497.427521 0.547292
1028.284302 0.622305
813.855286 0.628560
537.238953 0.577619
801.928467 0.628550
489.591858 0.539789
501.981384 0.551398
452.516022 0.495817
424.313141 0.451584
524.268372 0.569036
771.464661 0.628182
584.982239 0.600852
667.674133 0.620803
668.506409 0.620919
557.637390 0.588993
452.986023 0.496470
457.035706 0.501993
781.111633 0.628357
390.481567 0.385141
902.187561 0.627048
601.015198 0.606330
469.538025 0.517851
415.098846 0.434925
734.644470 0.626886
899.875427 0.627114
764.325073 0.628012
786.259888 0.628428
486.183258 0.536345
444.122131 0.483694
635.069519 0.615137
531.093506 0.573694
486.609131 0.536781
445.149323 0.485224
519.530334 0.565608
393.274200 0.391158
391.199371 0.386696
672.353760 0.621441
512.635071 0.560318
448.623413 0.490302
487.363953 0.537550
434.355438 0.468488
805.558289 0.628560
520.383362 0.566237
471.085938 0.519693
1172.364502 0.615492
501.334656 0.550826
928.518921 0.626228
554.058167 0.587169
441.721008 0.480067
519.536621 0.565612
866.737488 0.627928
606.879028 0.608101
740.779175 0.627180
1039.725830 0.621799
520.667358 0.566445
414.194000 0.433230
472.265564 0.521080
453.795807 0.497590
591.606201 0.603234
417.189636 0.438802
482.369873 0.532358
453.682526 0.497434
482.580444 0.532582
825.930420 0.628506
491.079803 0.541257
486.724915 0.536900
476.518433 0.525956
666.795654 0.620679
462.354370 0.508956
453.864502 0.497685
607.563965 0.608300
861.791687 0.628026
618.544067 0.611293
468.501556 0.516603
466.876129 0.514622
916.467834 0.626618
539.884094 0.579233
563.344543 0.591763
581.944519 0.599701
512.354370 0.560095
497.035217 0.546930
623.006104 0.612405
636.335205 0.615402
627.165405 0.613391
444.532928 0.484307
413.662598 0.432230
471.829681 0.520569
803.085632 0.628554
870.279907 0.627854
540.177307 0.579410
453.022095 0.496520
415.027405 0.434792
559.406128 0.589869
923.352844 0.626398
405.587952 0.416583
487.472107 0.537660
475.347931 0.524633
778.375305 0.628314
1293.130981 0.609389
456.751862 0.501612
546.478149 0.583071
467.223419 0.515048
565.353943 0.592699
479.276001 0.529016
951.919312 0.625408
475.984131 0.525354
967.749390 0.624812
764.580017 0.628019
721.483826 0.626132
736.765747 0.626992
761.228516 0.627927
682.537415 0.622700
483.657318 0.533720
554.637695 0.587469
600.666016 0.606221
674.858887 0.621767
485.765442 0.535915
1276.262329 0.610250
513.287048 0.560834
1909.035278 0.582387
481.361603 0.531280
721.944031 0.626161
898.043091 0.627165
474.960052 0.524191
744.279236 0.627333
360.886200 0.316597
444.899933 0.484853
433.073730 0.466402
512.976807 0.560589
601.785767 0.606569
618.886902 0.611380
389.735748 0.383519
1322.386719 0.607894
1079.655151 0.619975
1965.167603 0.581013
456.947540 0.501875
539.392395 0.578937
540.721741 0.579736
543.764404 0.581523
907.710510 0.626886
588.648987 0.602192
353.755920 0.299112
483.577301 0.533636
852.641968 0.628188
609.019897 0.608719
704.043762 0.624839
473.244110 0.522219
442.951996 0.481935
593.935791 0.604031
543.084534 0.581129
414.836395 0.434435
450.971954 0.493651
620.865356 0.611878
489.352356 0.539550
499.578705 0.549254
996.104797 0.623678
335.535828 0.253818
1214.908325 0.613363
656.439636 0.619104
587.048889 0.601614
1089.248657 0.619525
516.438660 0.563281
1097.378784 0.619141
347.771576 0.284284
1124.032837 0.617863
653.284851 0.618582
731.527954 0.626723
588.075317 0.601986
824.363403 0.628516
648.460876 0.617743
363.163361 0.322124
1027.031860 0.622360
634.279724 0.614970
384.115570 0.371098
412.323212 0.429692
367.926697 0.333576
810.142212 0.628564
490.667206 0.540852
398.445007 0.402059
444.719604 0.484585
329.976196 0.240037
513.855957 0.561281
1038.487793 0.621855
461.346436 0.507661
759.978882 0.627891
786.928467 0.628436
601.419495 0.606456
410.577545 0.426350
554.393188 0.587342
609.916138 0.608973
578.034241 0.598162
590.848267 0.602970
569.217896 0.594443
569.219971 0.594444
330.249390 0.240711
565.407837 0.592724
353.972839 0.299647
501.366974 0.550855
462.188965 0.508744
401.549774 0.408450
783.388794 0.628390
638.807251 0.615907
1617.810303 0.593331
552.635742 0.586424
543.579346 0.581416
688.189026 0.623327
639.714111 0.616089
451.346069 0.494178
1955.247803 0.581234
1043.875732 0.621614
633.924988 0.614894
1097.597046 0.619130
747.739441 0.627473
892.256042 0.627323
699.847778 0.624472
569.394348 0.594521
1661.635376 0.591373
528.694275 0.572093
398.584747 0.402349
1535.206421 0.597215
529.367981 0.572546
338.731842 0.261771
666.189697 0.620592
675.040161 0.621790
354.872162 0.301864
436.657623 0.472181
449.482300 0.491534
462.748108 0.509458
658.298584 0.619402
446.890320 0.487787
550.664124 0.585374
1117.673706 0.618170
612.169678 0.609601
637.250122 0.615590
1007.859375 0.623186
455.593292 0.500048
436.765381 0.472352
910.877502 0.626791
489.538879 0.539736
431.189819 0.463299
755.823242 0.627762
441.856262 0.480273
795.136414 0.628513
314.712860 0.202997
491.750214 0.541912
833.504517 0.628442
891.758484 0.627336
772.688110 0.628207
397.024933 0.399097
617.217957 0.610951
385.883087 0.375041
617.059509 0.610910
489.932556 0.540127
824.474609 0.628516
437.042633 0.472792
524.362488 0.569102
341.054535 0.267558
492.197083 0.542346
386.787415 0.377046
516.928894 0.563655
496.853546 0.546761
433.337982 0.466834
917.761414 0.626578
517.686951 0.564229
503.943481 0.553112
595.305481 0.604490
485.574860 0.535718
710.287781 0.625343
575.412537 0.597093
572.071167 0.595685
1033.547119 0.622074
546.254517 0.582945
352.153259 0.295151
657.815613 0.619325
785.507935 0.628418
847.026917 0.628275
464.746857 0.511982
743.657166 0.627306
999.556458 0.623534
720.283020 0.626054
548.492493 0.584192
657.950012 0.619347
391.888702 0.388184
553.674377 0.586969
544.040771 0.581683
609.992554 0.608995
646.442383 0.617377
459.729034 0.505560
700.633118 0.624543
587.156372 0.601653
903.726868 0.627003
539.236877 0.578842
511.755829 0.559617
637.434570 0.615628
687.934937 0.623300
950.792480 0.625449
588.129822 0.602006
538.130676 0.578168
663.584106 0.620213
477.640778 0.527211
738.885437 0.627093
1012.678101 0.622981
398.273895 0.401703
564.773132 0.592430
375.202850 0.350734
491.275513 0.541449
469.926453 0.518316
728.248718 0.626541
865.191711 0.627959
561.087036 0.590687
553.638000 0.586950
426.653900 0.455640
1005.558350 0.623283
385.780304 0.374813
529.397888 0.572567
688.523499 0.623363
1532.527222 0.597344
853.774414 0.628170
700.231567 0.624507
782.880920 0.628383
393.623779 0.391905
659.182617 0.619542
505.755493 0.554666
597.398987 0.605178
488.206573 0.538403
389.217896 0.382389
575.553101 0.597151
962.515198 0.625012
615.123230 0.610400
905.362793 0.626956
487.622192 0.537812
505.801117 0.554704
825.222168 0.628511
669.983398 0.621123
364.987457 0.326528
466.712097 0.514420
706.048096 0.625006
783.769409 0.628396
1245.896973 0.611795
830.120117 0.628473
499.627075 0.549298
500.720795 0.550280
507.502563 0.556138
678.670654 0.622242
581.783936 0.599639
488.510986 0.538709
466.633698 0.514324
812.126282 0.628563
387.951996 0.379614
412.099487 0.429266
662.247986 0.620013
897.934509 0.627168
541.015686 0.579911
422.030426 0.447559
394.889801 0.394598
525.483032 0.569889
434.557037 0.468814
1291.476318 0.609473
865.240967 0.627958
1108.504150 0.618611
761.810547 0.627944
539.230957 0.578839
1403.121216 0.603778
487.869293 0.538062
498.166351 0.547971
1031.102173 0.622181
503.144226 0.552418
979.671448 0.624345
493.724213 0.543816
1089.341431 0.619521
562.451233 0.591340
561.000488 0.590645
614.246887 0.610166
694.549011 0.623976
492.509247 0.542649
457.676849 0.502850
510.797180 0.558845
648.350769 0.617723
676.987915 0.622035
593.511963 0.603887
474.036133 0.523133
430.569336 0.462267
941.139282 0.625795
679.945740 0.622396
871.363525 0.627830
803.741821 0.628556
361.834930 0.318903
1345.014526 0.606737
609.338135 0.608810
616.164246 0.610676
499.504425 0.549187
435.448395 0.470249
653.348389 0.618593
598.583130 0.605560
397.713440 0.400536
511.278137 0.559233
952.963562 0.625369
484.797516 0.534913
841.791809 0.628347
476.861481 0.526341
1652.012085 0.591796
773.612305 0.628226
874.597656 0.627759
1474.984497 0.600167
932.805725 0.626084
723.324280 0.626248
381.174835 0.364466
419.033417 0.442173
357.838470 0.309153
1332.614014 0.607371
1041.295410 0.621729
445.450684 0.485670
523.662048 0.568606
421.918030 0.447359
354.112457 0.299991
513.799316 0.561237
453.505859 0.497190
329.657990 0.239251
777.599060 0.628300
669.699829 0.621084
452.135895 0.495286
971.893127 0.624651
778.537048 0.628316
324.877533 0.227503
1091.469971 0.619420
498.773895 0.548525
593.375732 0.603841
799.608032 0.628540
626.734680 0.613291
442.140808 0.480706
430.352234 0.461905
698.139587 0.624316
688.834900 0.623396
638.537354 0.615853
478.995728 0.528709
323.433411 0.223977
433.563690 0.467202
881.166565 0.627605
866.758972 0.627927
562.817810 0.591514
389.127197 0.382191
407.610352 0.420580
325.198242 0.228287
616.392700 0.610736
330.402618 0.241090
513.639709 0.561111
471.246094 0.519882
822.876892 0.628525
519.585266 0.565648
412.429077 0.429893
491.271851 0.541445
369.449005 0.337201
525.587341 0.569961
929.487549 0.626196
1200.858032 0.614070
494.873444 0.544908
496.502991 0.546436
534.771667 0.576073
846.252075 0.628287
489.355804 0.539554
533.043091 0.574966
441.888397 0.480322
534.819519 0.576103
1082.340210 0.619850
567.694336 0.593764
1558.500977 0.596097
482.168335 0.532143
619.023376 0.611415
583.278137 0.600211
463.413574 0.510304
479.383850 0.529135
504.290466 0.553412
635.993652 0.615330
1531.419678 0.597398
415.193481 0.435102
940.594910 0.625814
692.047913 0.623728
579.875671 0.598895
499.630127 0.549301
1024.695923 0.622462
473.021637 0.521961
1023.706055 0.622505
760.536316 0.627908
571.397156 0.595395
428.871765 0.459418
585.583801 0.601076
735.478333 0.626928
608.316101 0.608518
423.439178 0.450051
675.731628 0.621878
566.063293 0.593024
768.996826 0.628127
449.065094 0.490937
561.954529 0.591104
448.382751 0.489955
895.564087 0.627234
362.287659 0.320002
516.041199 0.562976
1299.006592 0.609089
800.412781 0.628544
878.237976 0.627675
396.688873 0.398392
369.284241 0.336810
249.079697 0.078289
597.042664 0.605062
577.333862 0.597879
331.679047 0.244247
352.447784 0.295880
511.264221 0.559222
1127.271729 0.617707
519.539368 0.565614
519.613586 0.565669
436.405151 0.471779
820.244995 0.628539
1343.888428 0.606795
454.432831 0.498466
359.519531 0.313265
735.595337 0.626934
571.604187 0.595485
564.212585 0.592170
634.212891 0.614955
340.832733 0.267006
379.191772 0.359944
390.933228 0.386120
507.278564 0.555950
486.801941 0.536978
530.112732 0.573044
728.811279 0.626573
556.901672 0.588624
443.973999 0.483472
597.688843 0.605272
372.569092 0.344574
348.563293 0.286251
622.438110 0.612266
749.360901 0.627535
1221.719849 0.613019
399.329956 0.403892
1472.518677 0.600289
444.599731 0.484407
662.153015 0.619998
472.589050 0.521457
449.153778 0.491064
758.207947 0.627838
538.995056 0.578696
811.905273 0.628563
397.719513 0.400549
842.820435 0.628334
990.477173 0.623909
877.592834 0.627690
718.181396 0.625914
1088.374268 0.619566
480.254272 0.530083
345.789917 0.279354
394.184845 0.393101
645.705078 0.617241
844.620361 0.628310
524.458496 0.569170
774.930725 0.628252
1507.421509 0.598566
939.798828 0.625842
623.063721 0.612419
506.248901 0.555084
1027.263672 0.622350
470.694916 0.519230
739.108826 0.627104
483.063965 0.533094
707.000000 0.625084
437.913116 0.474166
631.806702 0.614436
473.251129 0.522227
807.635437 0.628563
843.637329 0.628323
746.523071 0.627425
423.519623 0.450192
608.482178 0.608565
1763.709595 0.587178
714.158875 0.625632
769.419739 0.628137
367.777496 0.333220
1829.227539 0.584820
738.857544 0.627092
1655.718628 0.591633
1556.171753 0.596208
599.821594 0.605955
366.475830 0.330104
470.603577 0.519122
603.895325 0.607214
702.496155 0.624707
479.808380 0.529598
424.892303 0.452594
424.038422 0.451103
649.557190 0.617938
631.597412 0.614390
742.492126 0.627256
494.820160 0.544858
819.440491 0.628543
347.518036 0.283653
421.116791 0.445930
818.622253 0.628546
658.331787 0.619407
506.136078 0.554988
389.858063 0.383785
846.152283 0.628288
525.219116 0.569704
490.190460 0.540382
315.776001 0.205522
466.062439 0.513619
657.606506 0.619292
774.801758 0.628249
703.687378 0.624809
562.800537 0.591506
537.032959 0.577491
406.840973 0.419066
823.527649 0.628521
657.673767 0.619303
642.741821 0.616681
527.963257 0.571598
391.956726 0.388331
499.378387 0.549073
408.075684 0.421492
656.970215 0.619190
334.905487 0.252251
500.918854 0.550456
425.889099 0.454323
510.748810 0.558806
746.698914 0.627432
751.911743 0.627629
705.874084 0.624992
895.035217 0.627248
491.936768 0.542094
506.688843 0.555455
658.063660 0.619365
517.310059 0.563944
434.840271 0.469271
461.882965 0.508352
418.959778 0.442039
702.146301 0.624676
776.457825 0.628280
1232.554688 0.612472
428.509308 0.458805
430.021515 0.461352
804.182434 0.628557
663.002136 0.620126
526.638428 0.570690
635.880310 0.615307
389.637665 0.383305
1229.867920 0.612608
601.078613 0.606350
399.647858 0.404549
772.753113 0.628209
516.855774 0.563599
643.298462 0.616788
486.154205 0.536315
531.753113 0.574127
401.922791 0.409209
581.574158 0.599558
549.114502 0.584533
1257.676270 0.611196
518.568054 0.564891
663.407043 0.620186
529.479736 0.572621
463.974060 0.511012
538.568359 0.578436
396.848206 0.398727
543.132690 0.581157
439.095734 0.476018
1421.270752 0.602859
664.088745 0.620287
433.726959 0.467468
621.589783 0.612058
822.201538 0.628529
482.711853 0.532721
515.215698 0.562340
291.522095 0.151080
314.337128 0.202107
930.793396 0.626152
549.025024 0.584484
458.560913 0.504023
319.024292 0.213297
429.892883 0.461136
445.714874 0.486060
915.656067 0.626644
631.707275 0.614414
592.270081 0.603463
637.230225 0.615586
725.775818 0.626397
771.986511 0.628193
496.907684 0.546811
758.725952 0.627854
760.034607 0.627893
698.364868 0.624337
308.744415 0.189020
1074.281982 0.620225
370.738617 0.340258
887.479736 0.627448
425.299103 0.453301
461.535126 0.507905
322.747986 0.222308
1969.159912 0.580928
1324.197266 0.607801
783.949402 0.628398
574.513733 0.596719
455.946381 0.500527
689.658508 0.623482
642.012268 0.616541
739.359436 0.627115
786.877625 0.628435
396.351746 0.397684
1326.841797 0.607666
477.608521 0.527175
423.059967 0.449383
383.430939 0.369562
330.057617 0.240238
488.437439 0.538635
1232.252930 0.612487
564.538025 0.592321
482.180420 0.532156
366.246735 0.329555
834.605835 0.628431
524.030579 0.568868
640.213074 0.616188
903.339600 0.627015
374.727478 0.349627
838.434387 0.628388
526.213257 0.570396
435.539429 0.470395
599.692444 0.605914
745.827026 0.627397
518.459656 0.564810
804.695312 0.628559
628.808655 0.613767
597.084229 0.605076
583.684021 0.600365
415.060516 0.434854
836.493164 0.628410
492.817139 0.542946
391.455109 0.387249
704.855408 0.624907
645.409119 0.617186
615.807800 0.610582
626.882629 0.613325
593.542480 0.603898
396.299377 0.397574
936.057739 0.625972
498.011108 0.547828
462.550720 0.509207
488.928925 0.539128
1446.457153 0.601591
678.768005 0.622254
391.405823 0.387142
437.709290 0.473845
872.145691 0.627813
881.536011 0.627596
1783.694824 0.586428
1018.780518 0.622719
790.431152 0.628473
421.881744 0.447295
421.457245 0.446538
337.591431 0.258932
408.316254 0.421963
328.900146 0.237381
634.202148 0.614953
390.105621 0.384324
939.116638 0.625866
453.747742 0.497524
400.600983 0.406509
404.485046 0.414382
407.853394 0.421057
463.331421 0.510200
599.539734 0.605866
518.263916 0.564663
511.546753 0.559449
739.885559 0.627140
436.990387 0.472709
597.180115 0.605107
300.890808 0.171231
516.454529 0.563293
642.485474 0.616632
937.069397 0.625937
629.356384 0.613891
473.526184 0.522545
318.658722 0.212418
1285.562622 0.609775
508.421478 0.556902
329.979095 0.240044
580.681396 0.599211
866.741699 0.627928
425.654114 0.453916
662.626709 0.620070
524.155518 0.568956
475.654541 0.524981
441.722015 0.480068
717.035828 0.625836
806.950317 0.628563
396.874084 0.398781
480.213348 0.530039
633.329712 0.614766
378.496429 0.358349
615.530579 0.610509
706.328308 0.625029
417.152191 0.438733
569.424988 0.594534
430.441040 0.462053
425.149475 0.453041
466.852509 0.514593
1393.583008 0.604262
537.535645 0.577802
705.944824 0.624998
742.937134 0.627276
837.603149 0.628398
624.583252 0.612784
369.763000 0.337947
459.531219 0.505301
365.842590 0.328585
838.196655 0.628391
645.039001 0.617117
523.725586 0.568651
514.208313 0.561557
401.103424 0.407538
430.510345 0.462169
568.902344 0.594303
505.682312 0.554603
516.639038 0.563434
868.118286 0.627899
766.958252 0.628079
888.976990 0.627409
520.163086 0.566075
490.759460 0.540943
597.338440 0.605158
346.198029 0.280370
500.676544 0.550240
538.090759 0.578144
473.532257 0.522552
1422.491699 0.602797
537.069702 0.577514
423.281403 0.449773
650.096802 0.618033
2590.934326 0.595672
740.914124 0.627186
320.517517 0.216899
453.515900 0.497204
783.788147 0.628396
578.531372 0.598361
622.790344 0.612352
452.968414 0.496446
459.379364 0.505102
599.169678 0.605748
589.834351 0.602614
740.882690 0.627185
479.255890 0.528994
1534.389038 0.597254
360.914734 0.316666
725.324951 0.626370
377.419861 0.355871
532.591248 0.574673
1640.224976 0.592319
311.115479 0.194530
499.581482 0.549257
786.901306 0.628435
330.014771 0.240132
388.339569 0.380465
741.556702 0.627215
335.201294 0.252986
945.049988 0.625656
898.699219 0.627147
482.147675 0.532121
1023.604248 0.622510
416.608582 0.437730
534.056885 0.575617
1701.348877 0.589675
352.827606 0.296819
610.967285 0.609268
391.969421 0.388358
602.375061 0.606751
688.372437 0.623347
749.720032 0.627549
477.045105 0.526546
1412.607178 0.603297
763.029175 0.627978
499.295044 0.548998
916.949829 0.626603
817.579773 0.628550
889.443665 0.627397
489.280090 0.539478
747.618713 0.627468
399.915009 0.405099
533.099792 0.575002
559.282104 0.589808
422.686371 0.448723
675.950623 0.621906
439.557281 0.476736
1084.286377 0.619758
1103.404419 0.618854
550.079590 0.585059
465.769531 0.513256
434.752136 0.469129
648.372986 0.617727
397.444153 0.399974
345.853638 0.279513
1035.139282 0.622003
453.318817 0.496932
522.626343 0.567866
506.502747 0.555298
435.207581 0.469862
668.492371 0.620917
485.331940 0.535467
271.416809 0.112564
678.475952 0.622219
348.601166 0.286345
497.208008 0.547089
287.835724 0.143510
954.127380 0.625326
487.835815 0.538028
670.071289 0.621135
893.130249 0.627300
580.604492 0.599181
1016.473145 0.622818
496.453339 0.546390
857.646973 0.628102
715.908813 0.625757
455.701447 0.500195
538.251953 0.578242
514.799011 0.562017
588.316345 0.602073
536.141418 0.576936
539.235413 0.578842
691.877380 0.623710
362.652710 0.320887
644.632935 0.617041
965.666382 0.624892
589.716858 0.602572
536.313904 0.577044
406.411743 0.418218
501.066101 0.550587
1573.267090 0.595397
717.659180 0.625878
771.025391 0.628172
300.580963 0.170545
536.697632 0.577283
904.774170 0.626973
850.140503 0.628228
323.331360 0.223729
1217.867432 0.613214
943.347168 0.625717
492.741730 0.542873
710.003723 0.625322
701.733154 0.624640
598.075806 0.605397
370.173401 0.338920
453.958801 0.497815
354.417419 0.300744
552.940369 0.586585
307.899414 0.187072
842.612305 0.628337
337.761230 0.259354
1763.818970 0.587174
577.252319 0.597846
836.642944 0.628409
538.197327 0.578209
282.806580 0.133538
612.806519 0.609776
564.549927 0.592327
565.985474 0.592989
536.021851 0.576861
703.402283 0.624785
432.613495 0.465649
592.863037 0.603666
418.611877 0.441406
1943.013794 0.581519
645.974365 0.617290
397.873199 0.400869
438.304993 0.474782
430.035858 0.461376
1213.631470 0.613427
411.630280 0.428370
566.718872 0.593323
516.328918 0.563197
490.633179 0.540819
688.594727 0.623370
433.420135 0.466968
746.220337 0.627413
775.214783 0.628257
447.360931 0.488473
512.956543 0.560573
402.643127 0.410672
556.634277 0.588489
430.541809 0.462221
839.252991 0.628379
374.602234 0.349335
1944.168457 0.581492
504.180908 0.553317
396.164185 0.397290
412.851837 0.430696
559.507996 0.589919
355.856964 0.304289
550.606995 0.585343
505.768311 0.554677
404.291718 0.413995
418.421082 0.441058
745.889954 0.627399
516.539490 0.563358
577.252258 0.597846
1436.498291 0.602091
507.196228 0.555881
1146.545776 0.616767
1258.045166 0.611178
454.960236 0.499187
672.019958 0.621397
467.154785 0.514964
454.840302 0.499023
886.668152 0.627469
414.451996 0.433715
586.130493 0.601278
511.927490 0.559754
662.056030 0.619984
1022.407593 0.622562
572.053284 0.595678
716.567932 0.625803
1872.825684 0.583426
726.889771 0.626463
1338.424561 0.607074
794.342346 0.628507
543.448914 0.581341
759.911560 0.627889
589.357361 0.602445
531.538940 0.573987
480.514557 0.530366
647.862000 0.617635
422.993896 0.449266
841.069092 0.628356
836.620728 0.628409
407.044098 0.419466
440.710968 0.478519
463.744385 0.510722
428.738434 0.459193
516.735474 0.563507
416.025970 0.436651
652.249878 0.618406
497.388428 0.547256
507.994049 0.556547
731.577454 0.626726
608.646179 0.608612
313.360901 0.199800
478.595123 0.528268
426.290558 0.455015
1106.237671 0.618719
601.666870 0.606533
940.202209 0.625828
391.075195 0.386427
425.776794 0.454128
624.789551 0.612834
499.385437 0.549080
756.714294 0.627791
503.340607 0.552589
1116.261353 0.618238
341.415314 0.268457
500.020477 0.549652
409.446991 0.424165
379.478760 0.360601
440.071930 0.477534
464.687256 0.511908
525.194092 0.569687
1018.381226 0.622736
1043.041260 0.621651
347.729645 0.284179
309.728394 0.191300
417.290649 0.438987
584.503540 0.600673
784.425232 0.628404
853.513062 0.628174
540.038208 0.579326
529.268066 0.572479
559.738037 0.590032
391.658173 0.387687
633.705383 0.614847
623.314453 0.612480
476.537689 0.525977
757.630737 0.627820
378.667908 0.358743
1178.898193 0.615168
749.984924 0.627559
531.709961 0.574099
475.814056 0.525161
726.307922 0.626429
358.916260 0.311791
811.812683 0.628563
447.592712 0.488810
1200.199341 0.614103
881.718445 0.627592
1245.839722 0.611798
1196.260376 0.614300
391.222504 0.386746
357.404846 0.308090
801.290222 0.628548
888.549316 0.627420
328.473602 0.236330
505.522125 0.554467
582.079590 0.599753
543.442444 0.581337
448.510010 0.490138
374.714050 0.349596
417.484985 0.439345
373.225342 0.346115
1131.566895 0.617498
861.740601 0.628027
433.032532 0.466335
416.725098 0.437945
846.934998 0.628277
551.965698 0.586070
404.097443 0.413605
1878.417236 0.583258
811.113770 0.628564
647.628418 0.617593
384.057587 0.370968
566.719055 0.593323
1023.983826 0.622493
1395.411621 0.604169
1221.960815 0.613007
524.664795 0.569315
424.017273 0.451066
1032.318359 0.622128
739.294678 0.627112
775.784546 0.628268
557.634644 0.588992
372.413177 0.344208
878.934814 0.627658
465.131409 0.512463
408.408386 0.422143
378.345947 0.358004
441.853271 0.480268
821.825439 0.628531
507.304688 0.555972
358.253052 0.310169
451.231171 0.494017
454.454742 0.498496
367.516876 0.332597
374.164490 0.348313
549.768677 0.584890
868.917725 0.627882
495.278656 0.545290
575.744751 0.597230
575.373840 0.597077
723.923035 0.626285
955.285828 0.625284
451.245544 0.494037
635.568970 0.615242
419.969116 0.443867
423.740723 0.450581
823.915100 0.628519
367.605377 0.332808
350.918671 0.292095
564.744568 0.592417
532.084595 0.574344
812.361450 0.628563
471.780884 0.520512
518.621521 0.564931
548.461182 0.584175
544.502930 0.581949
765.672485 0.628047
515.921814 0.562885
841.811646 0.628347
617.658264 0.611065
621.498474 0.612036
1062.962402 0.620748
500.799072 0.550350
723.381958 0.626252
718.834534 0.625958
981.649170 0.624266
627.575378 0.613485
652.567017 0.618460
412.074432 0.429218
480.570526 0.530426
421.053986 0.445817
1358.111572 0.606068
499.328491 0.549028
849.459595 0.628239
377.216003 0.355401
676.135559 0.621929
477.341858 0.526878
558.588440 0.589466
581.767944 0.599633
546.116516 0.582867
1057.491821 0.620998
493.798035 0.543887
615.375977 0.610468
519.058472 0.565257
540.369934 0.579525
381.547546 0.365311
506.666626 0.555436
302.186554 0.174114
510.314514 0.558454
1280.281250 0.610045
935.731689 0.625984
600.201050 0.606075
569.826416 0.594711
283.775452 0.135427
658.791504 0.619480
457.038788 0.501997
602.764343 0.606870
932.919739 0.626080
450.061523 0.492360
459.862213 0.505734
611.018433 0.609283
437.840790 0.474052
330.825073 0.242134
462.123566 0.508660
602.829956 0.606891
407.590027 0.420540
1922.524414 0.582029
562.280701 0.591259
334.992706 0.252468
591.042847 0.603038
703.401855 0.624785
518.369690 0.564742
430.537292 0.462214
408.113647 0.421567
888.286133 0.627427
315.339142 0.204483
402.142029 0.409655
455.680878 0.500167
573.570984 0.596323
690.070496 0.623525
634.855774 0.615092
464.130219 0.511208
448.111877 0.489563
580.635315 0.599193
600.756531 0.606249
503.337433 0.552586
567.195496 0.593539
748.022522 0.627484
679.623230 0.622357
378.211792 0.357695
488.337006 0.538534
790.851318 0.628477
634.162415 0.614945
719.209351 0.625983
566.242188 0.593106
520.125183 0.566047
660.635559 0.619767
1229.248779 0.612639
775.960999 0.628271
826.425537 0.628502
721.223755 0.626115
2247.806152 0.579706
514.160767 0.561520
562.282227 0.591260
621.091858 0.611935
636.265503 0.615387
519.437744 0.565539
444.627258 0.484448
1001.658386 0.623447
683.758972 0.622840
575.793701 0.597250
352.274567 0.295451
664.827515 0.620395
783.090637 0.628386
415.394684 0.435477
767.480835 0.628091
502.364594 0.551736
531.590271 0.574020
570.244629 0.594894
604.651306 0.607442
284.536499 0.136921
425.674805 0.453952
895.486084 0.627236
400.723938 0.406761
632.297913 0.614543
282.322479 0.132601
531.185425 0.573754
1010.679443 0.623066
726.510864 0.626441
404.244141 0.413899
613.039001 0.609839
653.987305 0.618700
418.451874 0.441114
646.290039 0.617349
311.275787 0.194905
503.946960 0.553115
463.060730 0.509856
433.280365 0.466740
498.049805 0.547864
362.922394 0.321541
1041.736816 0.621710
477.884583 0.527482
342.449677 0.271035
405.659088 0.416725
830.312622 0.628471
506.807343 0.555555
441.842865 0.480252
671.272522 0.621297
361.028595 0.316943
335.097107 0.252727
923.862854 0.626382
441.377411 0.479542
658.983887 0.619510
241.613892 0.068859
896.179749 0.627217
465.991699 0.513532
536.605957 0.577226
808.474792 0.628564
749.578308 0.627544
525.047791 0.569584
762.354980 0.627959
412.024292 0.429123
492.776886 0.542907
514.378723 0.561690
781.638306 0.628365
1042.941406 0.621656
480.507416 0.530358
775.171875 0.628256
399.277710 0.403784
365.357452 0.327418
418.799316 0.441747
577.700928 0.598028
1021.772583 0.622589
691.548767 0.623677
1055.868896 0.621072
410.953705 0.427073
414.919769 0.434591
422.667450 0.448689
1417.576050 0.603046
705.412476 0.624954
796.136658 0.628520
959.659729 0.625120
301.085785 0.171664
426.358490 0.455132
618.969666 0.611401
844.549744 0.628311
1317.957520 0.608120
436.430695 0.471820
848.894226 0.628248
504.101685 0.553249
845.990295 0.628290
505.312744 0.554289
529.838928 0.572862
439.588989 0.476785
1534.222900 0.597262
389.746857 0.383543
616.552002 0.610777
1068.082153 0.620512
411.327087 0.427790
410.341644 0.425895
325.125549 0.228109
1241.534912 0.612016
451.389099 0.494239
403.526886 0.412457
597.487793 0.605207
937.556885 0.625920
338.209259 0.260470
360.946686 0.316744
549.558105 0.584775
879.875000 0.627636
1107.126343 0.618677
507.552643 0.556179
783.307251 0.628389
668.683411 0.620944
560.767700 0.590533
861.705444 0.628027
398.543549 0.402264
430.929138 0.462866
378.270752 0.357831
340.982941 0.267380
1115.054199 0.618296
401.803864 0.408967
521.110168 0.566769
734.479553 0.626878
611.540894 0.609428
500.344940 0.549944
367.493561 0.332541
399.187073 0.403597
931.436340 0.626130
655.900635 0.619016
409.815460 0.424879
1493.917969 0.599230
670.182922 0.621150
1378.927246 0.605007
877.544861 0.627691
726.337708 0.626431
478.539246 0.528206
630.435303 0.614133
738.004211 0.627052
678.526794 0.622225
1249.522095 0.611611
336.376373 0.255908
449.115936 0.491010
499.820618 0.549472
646.341858 0.617358
663.281128 0.620168
401.073120 0.407476
1614.945312 0.593462
359.869171 0.314118
380.639893 0.363250
636.751770 0.615488
430.229950 0.461701
1022.366028 0.622564
470.466949 0.518960
545.542236 0.582542
486.013916 0.536171
686.434082 0.623138
648.208679 0.617697
767.179932 0.628084
609.175049 0.608763
484.712280 0.534824
538.351196 0.578303
845.460693 0.628298
444.316986 0.483985
465.103607 0.512428
827.227905 0.628496
659.788086 0.619636
555.518860 0.587922
412.941467 0.430866
603.396790 0.607063
594.363037 0.604175
556.020569 0.588177
348.693909 0.286575
1558.075195 0.596118
371.850159 0.342882
689.115784 0.623425
424.332275 0.451617
593.776123 0.603977
526.294983 0.570453
482.067169 0.532035
431.452332 0.463734
347.003754 0.282375
598.373047 0.605493
456.444611 0.501199
574.131897 0.596559
424.332825 0.451618
601.671143 0.606534
403.563080 0.412530
295.393890 0.159255
525.541931 0.569930
1364.028809 0.605767
1113.718018 0.618361
561.145630 0.590715
365.193542 0.327024
915.116333 0.626661
506.547760 0.555336
947.601257 0.625565
1106.359253 0.618713
1244.870117 0.611847
366.833221 0.330961
1382.530518 0.604824
362.598694 0.320756
436.366364 0.471717
783.617737 0.628394
385.047455 0.373181
480.362610 0.530201
395.667603 0.396243
402.189423 0.409751
532.492737 0.574609
451.773193 0.494778
754.535278 0.627720
520.705750 0.566473
535.785400 0.576713
465.101227 0.512425
373.513031 0.346789
638.564697 0.615858
456.252747 0.500941
733.581238 0.626832
393.519043 0.391681
650.040161 0.618023
713.723450 0.625601
521.966797 0.567391
952.726501 0.625378
507.983978 0.556539
576.306335 0.597461
421.034546 0.445782
565.815918 0.592911
476.709991 0.526171
506.407562 0.555218
437.732971 0.473882
460.505615 0.506573
803.783936 0.628556
915.668152 0.626643
534.070190 0.575626
624.618103 0.612793
582.259949 0.599822
620.381592 0.611758
766.455139 0.628066
505.423676 0.554383
713.686584 0.625598
517.077332 0.563767
1918.323730 0.582139
420.030823 0.443979
616.711365 0.610819
789.163635 0.628461
870.702026 0.627844
590.206848 0.602745
710.019653 0.625323
397.544342 0.400183
833.861450 0.628438
670.940491 0.621253
450.653076 0.493200
1075.742920 0.620157
453.440796 0.497100
421.001831 0.445724
423.704224 0.450517
468.948029 0.517142
379.753052 0.361228
647.409119 0.617553
860.718872 0.628046
692.763977 0.623799
614.584229 0.610257
2048.502441 0.579575
404.200958 0.413813
500.003052 0.549637
479.401062 0.529153
428.081177 0.458079
742.905884 0.627274
428.719177 0.459160
608.518066 0.608575
418.031219 0.440346
1204.902710 0.613867
753.307861 0.627678
633.572632 0.614819
423.530121 0.450211
429.694824 0.460804
522.869324 0.568040
459.239532 0.504918
530.919861 0.573579
966.565552 0.624858
480.501099 0.530351
407.557068 0.420475
367.129822 0.331671
627.359985 0.613436
756.654114 0.627789
537.542480 0.577806
423.833832 0.450744
456.287445 0.500987
905.158264 0.626962
571.365540 0.595382
416.637238 0.437783
512.057129 0.559858
578.856262 0.598491
816.593079 0.628553
407.807648 0.420967
685.733093 0.623061
535.474854 0.576517
638.101746 0.615764
512.302246 0.560053
492.506744 0.542646
648.072266 0.617673
327.783173 0.234630
403.321747 0.412044
582.864563 0.600054
572.290833 0.595779
382.871094 0.368302
469.073090 0.517293
504.333282 0.553449
391.633698 0.387634
438.345032 0.474845
1142.332642 0.616973
574.312256 0.596635
1408.644775 0.603498
582.673340 0.599981
450.156281 0.492495
898.921753 0.627141
941.014709 0.625800
472.540955 0.521401
836.918457 0.628406
582.045898 0.599740
637.232544 0.615587
573.004028 0.596083
438.212097 0.474636
1512.523438 0.598317
558.069946 0.589209
406.948151 0.419277
775.420532 0.628261
1420.978394 0.602874
402.840363 0.411071
512.174011 0.559951
1220.539062 0.613079
1041.369507 0.621726
1065.938110 0.620611
713.879150 0.625612
432.369141 0.465247
828.034302 0.628490
419.083374 0.442264
576.973145 0.597733
614.613403 0.610264
427.333405 0.456804
1125.606934 0.617787
407.509460 0.420382
392.344604 0.389165
713.489685 0.625584
456.958801 0.501890
284.585968 0.137018
522.874023 0.568044
1024.476318 0.622472
524.768677 0.569388
516.556335 0.563371
347.787567 0.284323
568.306335 0.594038
997.437866 0.623623
401.089355 0.407509
849.291870 0.628241
602.308716 0.606731
415.344391 0.435383
789.948242 0.628469
582.282227 0.599831
621.798828 0.612110
631.626648 0.614396
532.391296 0.574543
540.700684 0.579723
267.491150 0.105874
682.185120 0.622659
641.082153 0.616359
716.435913 0.625794
657.045898 0.619202
546.649109 0.583167
439.842682 0.477179
832.639038 0.628450
421.304382 0.446265
707.355591 0.625113
712.678284 0.625524
710.722534 0.625377
409.673126 0.424603
1034.724609 0.622022
412.552216 0.430128
1112.046387 0.618441
1278.512573 0.610135
864.288025 0.627977
584.740784 0.600762
378.280823 0.357854
448.217407 0.489716
476.495544 0.525930
813.027588 0.628562
681.472717 0.622576
463.227661 0.510068
737.099304 0.627008
445.615204 0.485913
710.741028 0.625378
937.281677 0.625930
778.991455 0.628324
1027.239868 0.622351
542.702820 0.580906
435.926819 0.471016
464.375793 0.511517
429.751740 0.460900
394.042542 0.392798
1244.400391 0.611871
352.225342 0.295330
578.759766 0.598452
570.622864 0.595060
433.802399 0.467591
455.699799 0.500193
414.289398 0.433409
474.084259 0.523188
1802.570190 0.585744
332.990601 0.247497
515.849060 0.562829
588.030884 0.601970
952.601990 0.625383
523.381958 0.568407
535.994934 0.576844
511.812592 0.559662
432.158447 0.464900
447.141296 0.488153
416.753326 0.437997
855.241882 0.628145
493.190521 0.543305
454.696747 0.498827
1021.249756 0.622612
890.908447 0.627359
1048.201172 0.621419
605.307556 0.607638
421.623718 0.446835
1257.252808 0.611218
514.281372 0.561614
596.649963 0.604934
446.714050 0.487529
489.734192 0.539930
559.901367 0.590112
897.163330 0.627190
538.594604 0.578452
647.546631 0.617578
396.794281 0.398614
558.483093 0.589414
468.005493 0.516001
353.276031 0.297927
485.621307 0.535766
767.027710 0.628081
1923.005737 0.582017
789.979126 0.628469
440.297241 0.477882
515.157349 0.562295
389.949280 0.383984
596.352966 0.604836
522.587646 0.567838
428.530151 0.458840
726.031494 0.626412
434.827179 0.469250
487.956146 0.538150
456.697632 0.501540
675.771912 0.621883
680.487793 0.622460
376.101288 0.352821
493.593903 0.543692
774.558533 0.628245
704.826294 0.624905
488.221619 0.538418
352.440918 0.295863
579.749634 0.598845
1207.560181 0.613733
499.591583 0.549266
698.508911 0.624351
1090.648804 0.619459
438.082245 0.474432
319.986511 0.215616
682.584778 0.622706
352.675568 0.296443
399.418304 0.404075
620.043152 0.611673
260.122223 0.094084
827.728638 0.628493
604.406494 0.607368
785.301514 0.628416
452.631348 0.495977
331.203125 0.243070
468.000702 0.515996
1540.278809 0.596970
493.217438 0.543331
1153.303345 0.616435
486.669037 0.536842
480.673004 0.530537
678.173157 0.622182
446.195618 0.486769
474.597992 0.523778
802.138245 0.628551
630.121582 0.614063
875.538330 0.627737
681.394958 0.622567
455.961609 0.500547
476.112488 0.525499
404.215820 0.413842
1191.183472 0.614554
583.661804 0.600357
672.902893 0.621513
742.219666 0.627244
622.027588 0.612166
757.169067 0.627806
466.826996 0.514561
321.358704 0.218935
619.490845 0.611534
626.328491 0.613196
1003.841492 0.623355
540.955383 0.579875
1632.162720 0.592681
1025.161865 0.622442
551.515686 0.585830
294.135132 0.156572
567.296814 0.593585
532.591187 0.574673
563.217834 0.591703
578.157349 0.598211
495.381439 0.545387
645.570251 0.617216
563.325439 0.591754
429.578186 0.460608
418.492249 0.441188
745.247681 0.627373
352.971436 0.297174
549.972900 0.585001
677.040833 0.622042
980.311523 0.624319
641.065186 0.616356
697.452698 0.624253
511.760345 0.559620
2110.464111 0.579032
475.316895 0.524598
745.837646 0.627397
1070.984497 0.620378
684.318237 0.622903
1921.146851 0.582065
1208.280273 0.613697
393.746643 0.392167
289.366913 0.146628
633.148560 0.614727
550.575195 0.585326
718.362610 0.625926
325.865875 0.229922
670.369446 0.621175
696.562317 0.624169
414.336456 0.433498
341.380096 0.268370
727.516113 0.626499
456.558655 0.501353
592.936157 0.603691
737.414734 0.627023
520.186462 0.566092
396.235168 0.397439
645.016052 0.617112
510.724426 0.558786
861.292969 0.628035
1195.717285 0.614327
547.992065 0.583916
716.654541 0.625809
510.769409 0.558823
312.359772 0.197444
373.134460 0.345902
1911.839233 0.582311
341.072906 0.267604
475.724701 0.525060
471.498444 0.520180
360.173828 0.314861
349.088196 0.287554
1318.542725 0.608090
572.081909 0.595690
804.613098 0.628558
524.167908 0.568965
455.102753 0.499381
494.996246 0.545024
797.157043 0.628527
409.548096 0.424361
960.361511 0.625094
558.771057 0.589557
461.677002 0.508087
1038.626831 0.621848
1062.182983 0.620784
403.224915 0.411848
369.954010 0.338400
882.634399 0.627569
438.218903 0.474647
525.825562 0.570127
528.362610 0.571869
366.637024 0.330491
872.118591 0.627814
932.487610 0.626095
1153.568604 0.616422
633.106750 0.614718
874.015930 0.627772
470.836761 0.519398
655.039429 0.618875
1663.607422 0.591287
471.434204 0.520104
551.213806 0.585669
316.548950 0.207364
619.579895 0.611556
810.259216 0.628564
1160.070557 0.616101
412.583282 0.430187
579.529846 0.598758
1277.833252 0.610170
503.013824 0.552304
564.900208 0.592489
653.920410 0.618689
428.546509 0.458868
466.779846 0.514504
584.070740 0.600511
593.362427 0.603836
672.118591 0.621410
567.397522 0.593630
545.521790 0.582531
512.052734 0.559854
639.775452 0.616101
812.113586 0.628563
1022.309998 0.622566
902.881958 0.627028
805.544739 0.628560
373.252380 0.346178
945.074890 0.625655
1503.658569 0.598751
652.009216 0.618365
496.849243 0.546757
528.842529 0.572193
593.636108 0.603929
485.484375 0.535625
401.175293 0.407685
434.763672 0.469147
642.882568 0.616708
340.336517 0.265769
583.489258 0.600291
515.899963 0.562868
513.429749 0.560946
467.875641 0.515844
585.068298 0.600884
876.169495 0.627723
370.892700 0.340623
448.320221 0.489864
352.335358 0.295602
739.512573 0.627122
413.237671 0.431427
418.980164 0.442076
892.034607 0.627329
674.651001 0.621740
659.974487 0.619665
533.556946 0.575297
576.301331 0.597459
557.781616 0.589065
803.264465 0.628555
895.156311 0.627245
876.544983 0.627714
348.220520 0.285399
1263.438110 0.610903
614.456543 0.610222
655.508606 0.618952
308.839966 0.189241
762.779419 0.627971
642.695312 0.616672
1282.489380 0.609932
474.924438 0.524151
375.930054 0.352424
899.377869 0.627128
506.518219 0.555311
444.213806 0.483831
416.173950 0.436926
358.554138 0.310906
506.621429 0.555398
550.100159 0.585070
560.262512 0.590288
504.020874 0.553179
865.161133 0.627960
724.641479 0.626329
913.142700 0.626722
594.209045 0.604123
606.034119 0.607853
709.182434 0.625258
341.007538 0.267441
724.230042 0.626304
797.696594 0.628530
445.397919 0.485592
781.479126 0.628363
734.800354 0.626894
713.065369 0.625552
322.119720 0.220781
413.648438 0.432203
388.361786 0.380514
428.672729 0.459082
421.622284 0.446833
547.772888 0.583794
456.522980 0.501305
393.689331 0.392045
737.140198 0.627010
900.554443 0.627094
1507.871704 0.598544
1036.284058 0.621952
764.307861 0.628012
457.604218 0.502753
701.204102 0.624593
612.752563 0.609761
961.125610 0.625065
743.847656 0.627315
474.234863 0.523361
556.509705 0.588426
938.948303 0.625872
394.530518 0.393836
624.215454 0.612697
1034.050659 0.622051
492.920319 0.543045
431.676422 0.464105
1392.323364 0.604326
601.013428 0.606329
679.424622 0.622333
646.728882 0.617429
384.263947 0.371430
577.688843 0.598023
504.336823 0.553452
501.780487 0.551221
413.375671 0.431688
698.930603 0.624389
851.019287 0.628214
1087.671875 0.619599
664.874756 0.620402
1007.906494 0.623184
1247.187134 0.611730
681.695007 0.622602
452.717468 0.496097
810.605957 0.628564
671.238892 0.621293
460.158020 0.506120
1289.252563 0.609587
392.225281 0.388909
627.177490 0.613394
1095.895874 0.619211
556.759460 0.588552
491.610809 0.541776
888.975281 0.627409
410.457184 0.426118
572.089783 0.595693
667.122070 0.620725
897.210266 0.627188
779.784729 0.628337
490.675079 0.540860
992.730042 0.623817
420.069763 0.444049
489.409088 0.539607
363.924164 0.323963
522.318054 0.567644
445.828033 0.486227
735.390442 0.626924
333.613953 0.249044
702.953796 0.624746
1055.834473 0.621074
677.341553 0.622079
1067.234375 0.620551
1024.936768 0.622452
896.126770 0.627218
513.118896 0.560701
423.157990 0.449556
547.592346 0.583694
322.759644 0.222337
757.361755 0.627812
500.011749 0.549644
953.446106 0.625352
821.506226 0.628533
446.712189 0.487526
520.541321 0.566353
427.925812 0.457815
619.264648 0.611476
421.339996 0.446329
584.748535 0.600765
1107.653687 0.618651
694.579529 0.623979
414.602753 0.433997
746.140015 0.627409
998.734802 0.623569
414.110565 0.433073
918.800354 0.626545
832.154907 0.628455
631.678284 0.614408
670.170471 0.621148
638.544556 0.615854
1510.787476 0.598402
514.772339 0.561997
484.402374 0.534501
517.621094 0.564179
441.441162 0.479639
522.763794 0.567965
564.405029 0.592259
396.437592 0.397865
532.218933 0.574431
511.730408 0.559596
487.490936 0.537679
609.935364 0.608979
676.887207 0.622023
408.832764 0.422971
672.214722 0.621423
978.300110 0.624399
639.042786 0.615954
461.213470 0.507490
695.567505 0.624074
386.212494 0.375772
400.284149 0.405859
408.753418 0.422816
1092.471313 0.619373
664.307068 0.620319
535.546753 0.576563
594.598694 0.604254
575.510315 0.597133
556.721497 0.588533
472.854767 0.521767
505.099426 0.554106
1060.094727 0.620879
525.323914 0.569777
371.941406 0.343097
751.752563 0.627623
526.828552 0.570821
475.258850 0.524532
410.088867 0.425407
687.015686 0.623201
420.030853 0.443979
921.112610 0.626471
518.190613 0.564608
1148.824219 0.616655
469.921387 0.518310
368.693604 0.335404
636.537048 0.615443
679.972168 0.622399
325.282654 0.228494
445.358948 0.485534
544.122009 0.581730
372.388702 0.344150
643.644531 0.616854
1121.366943 0.617992
344.157745 0.275290
540.069824 0.579345
500.659760 0.550225
276.280579 0.121240
768.219238 0.628109
666.303162 0.620609
383.180908 0.369000
572.393555 0.595823
579.008972 0.598552
1219.013306 0.613156
763.988037 0.628003
529.007568 0.572304
350.114227 0.290100
395.716064 0.396345
568.644043 0.594188
508.445679 0.556922
567.276611 0.593576
1052.422607 0.621229
633.900269 0.614889
366.613342 0.330434
438.980438 0.475838
1663.248169 0.591303
433.593018 0.467250
691.566101 0.623679
1989.326416 0.580519
1156.095093 0.616297
788.891174 0.628458
1249.098755 0.611633
564.118835 0.592126
556.558899 0.588451
399.761810 0.404784
637.989014 0.615741
785.373291 0.628417
730.267395 0.626655
722.510681 0.626197
675.513672 0.621850
924.765076 0.626352
350.004150 0.289827
466.188141 0.513775
725.376831 0.626373
465.611969 0.513061
956.808777 0.625227
688.520691 0.623362
638.210571 0.615786
526.288330 0.570448
760.713745 0.627913
784.003418 0.628399
859.958435 0.628060
468.206268 0.516245
426.284424 0.455005
580.978821 0.599327
633.863953 0.614881
425.353149 0.453395
326.907074 0.232477
566.160400 0.593069
413.491913 0.431908
771.563416 0.628184
627.433716 0.613453
1990.939087 0.580488
941.908203 0.625768
416.576935 0.437672
659.864502 0.619648
808.547119 0.628564
499.517090 0.549199
423.865051 0.450799
581.580933 0.599561
432.560760 0.465562
1103.131470 0.618867
579.581909 0.598779
612.206543 0.609612
489.462341 0.539660
477.183807 0.526702
1789.302856 0.586222
1014.725525 0.622893
483.333221 0.533379
1386.507324 0.604622
375.765289 0.352042
454.165344 0.498099
476.653717 0.526108
318.596283 0.212268
771.839722 0.628190
584.091431 0.600519
