795.181641 0.547253
841.815063 0.660912
1097.722412 0.850086
1155.653564 0.861929
1154.384521 0.861700
1245.582886 0.875941
1505.077515 0.903925
1151.969727 0.861261
2573.974365 0.944511
1369.889893 0.890905
1335.836060 0.887151
1702.580811 0.918593
1063.213623 0.841200
1041.561401 0.834600
820.786377 0.615296
1733.527588 0.920488
1853.914795 0.926949
1462.586060 0.900125
1005.600464 0.821205
919.941345 0.767621
1973.017822 0.932064
960.771179 0.798219
1054.939331 0.838786
1317.846802 0.885074
1223.816772 0.872882
978.020447 0.808101
902.380310 0.750305
1154.130005 0.861654
1324.676392 0.885871
1522.009888 0.905371
1431.085693 0.897142
1883.427246 0.928327
1468.654053 0.900683
1256.700317 0.877442
857.031860 0.688666
913.197632 0.761322
2161.511963 0.938016
2919.698242 0.945487
914.383911 0.762461
1662.468750 0.915983
1149.051636 0.860725
711.051514 0.257179
626.806335 0.063195
663.651489 0.123783
1080.822510 0.845951
997.827698 0.817803
997.778809 0.817781
1644.193848 0.914735
1343.400024 0.888004
840.180603 0.657679
801.701172 0.565910
1981.011230 0.932366
1139.897217 0.859001
1199.893066 0.869303
913.465515 0.761580
1054.284546 0.838589
972.629333 0.805170
1332.956665 0.886823
835.888794 0.648948
2712.941162 0.945285
1304.963135 0.883544
994.534668 0.816297
1663.855835 0.916076
1479.660767 0.901682
778.767151 0.496432
1057.405151 0.839518
1235.150269 0.874496
993.321472 0.815732
1139.738403 0.858970
981.413574 0.809878
1404.428101 0.894500
1471.431763 0.900937
1056.500854 0.839251
772.780823 0.476642
1035.615356 0.832617
856.348633 0.687506
921.172302 0.768727
738.981323 0.356615
935.108521 0.780374
1078.367554 0.845318
1027.221924 0.829673
1050.626709 0.837476
840.315674 0.657948
1309.864990 0.884130
1015.060059 0.825079
1386.236694 0.892632
834.725952 0.646520
1368.047119 0.890707
860.102417 0.693779
935.578369 0.780740
1195.550049 0.868626
1163.144043 0.863260
1938.135254 0.930686
1056.614136 0.839285
1166.912720 0.863915
922.865112 0.770226
945.243713 0.787929
827.156860 0.630059
994.011963 0.816054
1027.735474 0.829858
921.810669 0.769295
639.858887 0.080657
1041.686646 0.834641
1314.931885 0.884731
1124.261230 0.855897
957.740173 0.796322
1704.735718 0.918728
1150.570923 0.861005
1053.359985 0.838311
1029.266602 0.830406
1162.020264 0.863062
1144.775513 0.859927
1123.245483 0.855688
1054.862671 0.838763
1154.260620 0.861678
1208.934814 0.870685
939.620850 0.783826
1095.795898 0.849634
890.493530 0.736753
848.151001 0.672971
1449.896484 0.898941
908.055969 0.756232
955.269836 0.794738
910.487061 0.758671
1383.103882 0.892305
921.373108 0.768906
1170.563477 0.864542
1190.970947 0.867903
2215.368652 0.939312
996.289246 0.817104
1535.081177 0.906461
1186.250244 0.867145
942.850159 0.786209
996.386353 0.817148
959.142517 0.797206
1111.708008 0.853242
963.341187 0.799788
905.970886 0.754093
1514.761475 0.904757
1856.605469 0.927078
1306.142090 0.883685
1395.301392 0.893570
1358.953003 0.889723
1401.329590 0.894186
962.247498 0.799124
915.542419 0.763560
925.447876 0.772467
1397.059692 0.893750
1423.919312 0.896443
1015.297485 0.825172
1374.259155 0.891371
1109.968872 0.852861
2339.876465 0.941736
1487.567627 0.902390
984.307861 0.811354
1054.851074 0.838759
1104.983398 0.851752
1125.303955 0.856111
910.693054 0.758875
853.926941 0.683334
1035.127319 0.832450
778.150879 0.494424
773.616333 0.479440
1560.044800 0.908483
1291.129761 0.881857
862.402649 0.697509
942.021057 0.785604
1004.519836 0.820744
896.048584 0.743287
1524.751587 0.905602
1200.895874 0.869458
2903.743896 0.945507
707.591003 0.245563
1082.314453 0.846332
954.106201 0.793979
2825.358887 0.945523
964.790588 0.800657
975.525513 0.806761
1016.872009 0.825790
1821.390259 0.925340
950.703308 0.791714
1002.260559 0.819768
1017.744263 0.826128
728.717712 0.319292
1425.733032 0.896621
2287.844238 0.940814
1032.689209 0.831610
1026.623901 0.829456
1170.898560 0.864599
946.045959 0.788498
1219.129395 0.872199
971.933777 0.804782
723.016724 0.298838
1068.340332 0.842635
861.759338 0.696475
1024.662476 0.828739
789.758606 0.531055
2003.614990 0.933196
1075.080688 0.844456
1332.846313 0.886810
1094.223633 0.849261
1038.590698 0.833619
893.293823 0.740092
1456.986572 0.899606
1039.913696 0.834059
1156.702515 0.862118
1229.660400 0.873720
1046.854736 0.836301
1071.038696 0.843373
1348.163208 0.888535
1628.380371 0.913624
999.138062 0.818391
914.581787 0.762649
1173.213989 0.864992
1893.412109 0.928776
972.522644 0.805110
1637.402466 0.914261
1073.665161 0.844079
1000.960449 0.819199
1048.222656 0.836730
872.039917 0.712236
1224.030029 0.872912
2073.842041 0.935541
1103.231567 0.851356
1157.977051 0.862346
1320.519653 0.885387
1232.503174 0.874123
1565.765625 0.908935
1018.044556 0.826244
1380.880005 0.892071
958.645020 0.796894
1901.381226 0.929129
1506.252197 0.904027
2952.850586 0.945427
705.575867 0.238906
1015.827637 0.825381
958.604431 0.796868
876.296997 0.718302
1284.035645 0.880974
826.486389 0.628545
865.564209 0.702498
972.387329 0.805035
1054.225464 0.838572
877.528992 0.720010
1143.196167 0.859629
1760.104614 0.922036
748.932861 0.392871
955.742188 0.795044
804.292603 0.573074
933.313477 0.778959
1712.795532 0.919230
1001.758362 0.819549
1286.540405 0.881287
917.550049 0.765435
1321.652344 0.885519
1158.436035 0.862428
2652.344238 0.945018
1083.701782 0.846683
947.531555 0.789539
974.120667 0.805994
1135.233643 0.858097
982.420288 0.810396
1028.838745 0.830253
886.526672 0.731859
988.866516 0.813609
1087.490601 0.847629
1033.722046 0.831968
1057.094604 0.839427
907.898010 0.756072
1650.006592 0.915136
871.447449 0.711371
1870.211914 0.927719
1378.137451 0.891782
1046.566528 0.836210
1589.046143 0.910734
905.157166 0.753247
1028.777954 0.830232
2372.095215 0.942245
1540.913696 0.906941
833.646790 0.644244
1089.714722 0.848174
1198.390991 0.869070
1232.022583 0.874055
1281.854004 0.880700
818.226379 0.609124
1030.900391 0.830984
1128.246582 0.856709
1172.209961 0.864822
1119.424805 0.854893
1646.910645 0.914923
1294.171143 0.882232
1035.094482 0.832439
1255.699219 0.877308
940.405029 0.784412
907.052185 0.755208
1315.441895 0.884791
2816.010742 0.945516
1674.411377 0.916779
995.021729 0.816522
1143.897339 0.859762
863.247253 0.698857
1373.991699 0.891343
1575.721558 0.909713
972.701721 0.805210
924.316772 0.771493
1164.738403 0.863538
1017.130493 0.825890
1486.680420 0.902311
1248.709595 0.876367
1948.766602 0.931116
2421.691406 0.942944
1523.755981 0.905518
1120.372559 0.855091
1022.918457 0.828094
1170.351562 0.864506
989.023499 0.813685
1983.658936 0.932466
1056.609375 0.839283
1063.492188 0.841279
1006.059204 0.821399
1165.104980 0.863602
1118.731079 0.854747
1448.747559 0.898833
1491.171021 0.902709
961.005188 0.798363
1090.445801 0.848352
1123.947144 0.855833
1093.339111 0.849050
895.360901 0.742497
1157.159790 0.862200
1617.379517 0.912834
1426.312378 0.896677
887.141174 0.732630
1116.338867 0.854240
1036.117432 0.832787
1009.823059 0.822969
964.645081 0.800570
1547.449219 0.907473
1407.678711 0.894829
1220.844604 0.872450
930.627502 0.776797
1378.557373 0.891826
845.293274 0.667623
938.053711 0.782644
1013.254517 0.824361
905.792969 0.753909
860.320679 0.694137
1294.995728 0.882333
1026.145508 0.829282
1025.261841 0.828960
1062.857300 0.841099
922.137695 0.769585
978.144287 0.808167
956.866150 0.795766
1236.911255 0.874743
1533.189087 0.906305
1303.906372 0.883417
1368.880371 0.890797
1183.472778 0.866694
1794.240601 0.923921
1074.972046 0.844427
1387.400269 0.892753
1127.669067 0.856592
1910.768921 0.929537
1007.699585 0.822089
1227.960327 0.873477
1175.460449 0.865370
864.912170 0.701482
2161.034668 0.938004
2199.006592 0.938936
1379.060791 0.891880
996.853455 0.817361
2106.606445 0.936522
1190.239868 0.867786
1901.903198 0.929152
1447.490479 0.898714
835.471069 0.648079
937.256287 0.782036
1161.466064 0.862965
900.806152 0.748601
1490.553345 0.902654
1284.091187 0.880981
2167.992188 0.938181
1254.133057 0.877099
913.268005 0.761390
909.769836 0.757958
984.280151 0.811340
964.640869 0.800567
937.552124 0.782262
1219.182007 0.872207
1019.052307 0.826632
985.357422 0.811881
1156.601074 0.862100
989.398926 0.813866
1184.581543 0.866875
753.873596 0.410708
802.572510 0.568335
895.185547 0.742295
886.170837 0.731411
1400.356323 0.894087
1250.586670 0.876622
931.352539 0.777386
1065.576782 0.841867
1374.065308 0.891351
3145.974365 0.944628
1559.081421 0.908406
863.753235 0.699660
1132.353027 0.857530
1005.151428 0.821014
1467.766113 0.900602
975.119568 0.806541
1109.695557 0.852801
1069.999268 0.843090
1000.101746 0.818820
1107.842163 0.852392
1169.227295 0.864313
896.204956 0.743465
905.664429 0.753775
1165.108154 0.863602
887.924072 0.733605
944.600037 0.787470
1192.962891 0.868219
806.448853 0.578926
913.910767 0.762008
1034.889160 0.832369
979.534424 0.808900
1162.390869 0.863128
1670.154297 0.916497
1028.049683 0.829971
1046.871094 0.836306
1951.740601 0.931235
1116.155640 0.854201
1173.701294 0.865074
1172.390625 0.864852
1301.134277 0.883082
928.544128 0.775081
1079.476929 0.845605
1065.499756 0.841845
1076.447876 0.844816
1259.746460 0.877846
841.398254 0.660092
1328.095459 0.886265
1395.285767 0.893568
1006.742065 0.821688
1531.505981 0.906165
1482.850342 0.901969
957.070190 0.795896
1717.180908 0.919499
1012.998596 0.824258
1216.347656 0.871790
861.638733 0.696280
1195.966431 0.868692
846.502014 0.669904
1036.399536 0.832883
1040.210938 0.834157
1844.817505 0.926509
2117.666504 0.936838
1297.932983 0.882692
1397.468872 0.893792
1072.505493 0.843769
1341.955078 0.887842
774.948242 0.483878
1896.600708 0.928918
948.524963 0.790227
724.711426 0.304887
1130.462891 0.857154
1111.800537 0.853262
935.161194 0.780415
1384.308472 0.892431
850.214417 0.676741
1538.257080 0.906723
1387.567383 0.892770
1208.214355 0.870576
1067.580811 0.842425
1948.522461 0.931106
1046.892090 0.836312
1634.270874 0.914041
1611.218262 0.912385
1064.103027 0.841452
1076.294312 0.844776
1199.837036 0.869295
1182.782104 0.866581
875.967590 0.717842
2249.967529 0.940063
1919.023438 0.929890
1021.949646 0.827731
1647.958008 0.914995
1434.244507 0.897448
1019.806519 0.826921
871.652771 0.711672
859.700195 0.693118
1506.828125 0.904076
1066.420654 0.842103
1072.765869 0.843839
796.561951 0.551278
1529.343140 0.905986
955.986633 0.795201
1654.510742 0.915444
1156.078613 0.862006
1082.682129 0.846425
1026.888306 0.829552
1035.433716 0.832555
1060.636353 0.840461
1097.367310 0.850003
1025.830566 0.829167
2141.040039 0.937480
1341.084717 0.887744
959.181396 0.797231
900.072571 0.747798
1082.768311 0.846447
1087.342529 0.847592
2240.923584 0.939872
1103.159790 0.851340
917.294434 0.765198
961.784058 0.798842
1337.320435 0.887319
3016.867432 0.945245
1282.194092 0.880742
1324.584717 0.885860
2466.527832 0.943492
1091.235596 0.848544
1390.825928 0.893108
935.653687 0.780799
1006.407288 0.821547
4086.770020 0.932070
796.899658 0.552256
883.805664 0.728388
2713.782227 0.945288
1085.929932 0.847242
910.725708 0.758907
939.860901 0.784006
1063.675659 0.841331
946.963684 0.789142
936.790894 0.781678
1527.307495 0.905816
947.931091 0.789816
1055.085083 0.838829
997.703918 0.817747
490.744873 0.006562
1090.517090 0.848370
1027.602661 0.829810
954.604614 0.794305
1009.328979 0.822765
1474.089600 0.901179
1200.536743 0.869403
1159.785767 0.862668
1252.304199 0.876853
1019.844543 0.826935
757.867615 0.424986
1113.647705 0.853663
1017.731201 0.826123
3169.766846 0.944480
1371.614136 0.891089
1065.164795 0.841751
2014.535889 0.933583
735.201965 0.342829
1075.846924 0.844658
1168.275635 0.864150
909.391174 0.757579
874.700562 0.716058
883.927185 0.728545
961.285095 0.798536
1326.659424 0.886100
985.289795 0.811847
1503.329224 0.903774
910.064758 0.758251
1277.765137 0.880182
1056.331909 0.839201
3036.576172 0.945172
991.116882 0.814691
1672.315186 0.916640
795.188049 0.547271
1377.789307 0.891745
680.041565 0.162959
2406.585938 0.942742
1045.464478 0.835860
912.692688 0.760834
1074.991821 0.844432
1073.016846 0.843906
904.217712 0.752261
875.844788 0.717670
897.012390 0.744384
2193.385254 0.938803
1326.272949 0.886055
964.535645 0.800505
1438.794678 0.897886
999.071899 0.818361
1489.223999 0.902537
890.607971 0.736891
804.642822 0.574031
1264.149902 0.878426
1520.562134 0.905249
1110.117432 0.852894
862.496277 0.697659
864.790466 0.701292
1109.240967 0.852701
1127.883667 0.856635
1496.968506 0.903219
1898.149292 0.928986
901.566040 0.749427
1273.072998 0.879583
1886.356323 0.928460
1102.886108 0.851278
1161.857544 0.863034
1574.556274 0.909622
740.545898 0.362327
2950.156250 0.945433
806.304688 0.578538
1189.096436 0.867603
1079.808105 0.845691
973.913330 0.805880
1104.231812 0.851583
1623.167725 0.913251
1373.396606 0.891279
1116.889771 0.854357
1665.988525 0.916219
868.745544 0.707361
1042.027954 0.834753
1179.181885 0.865989
918.541016 0.766347
1629.936890 0.913735
1111.466064 0.853189
1069.287231 0.842895
978.953979 0.808595
916.608276 0.764560
1405.694458 0.894628
908.572266 0.756755
1121.328369 0.855291
813.984558 0.598590
2288.675049 0.940830
897.971924 0.745466
1441.265991 0.898122
890.525818 0.736792
1056.055786 0.839119
1657.982178 0.915680
1003.549988 0.820328
1130.331299 0.857127
955.379822 0.794809
1454.265137 0.899352
1096.053101 0.849694
1088.470581 0.847870
838.840759 0.654992
818.173340 0.608994
1171.022583 0.864620
1523.248657 0.905475
1109.327271 0.852720
902.053833 0.749954
1602.864258 0.911770
972.106262 0.804878
2547.152832 0.944294
1076.740967 0.844893
1273.134399 0.879591
1386.266602 0.892635
1026.282471 0.829332
1417.463989 0.895806
1528.931396 0.905951
1112.503662 0.853415
846.368652 0.669653
1287.561523 0.881414
1545.991821 0.907355
2434.257812 0.943106
978.809998 0.808519
1233.263062 0.874231
1014.383850 0.824811
1474.643677 0.901229
732.269348 0.332158
1217.237427 0.871922
1100.846924 0.850811
864.910522 0.701479
1085.507812 0.847136
1121.339844 0.855293
1095.604004 0.849588
1094.710205 0.849377
1063.415283 0.841257
978.646545 0.808433
853.478577 0.682550
1345.736450 0.888265
1043.062500 0.835089
1634.703247 0.914072
990.829041 0.814553
1217.215088 0.871918
864.843750 0.701375
1114.729126 0.853896
1733.211304 0.920469
1312.632324 0.884459
923.885559 0.771118
1372.191895 0.891151
909.276428 0.757464
988.137817 0.813254
1326.755981 0.886111
886.583008 0.731930
868.168091 0.706490
1043.323242 0.835173
1113.413696 0.853612
978.250122 0.808223
1157.145996 0.862197
1011.169128 0.823519
936.580627 0.781517
1953.440430 0.931302
968.314758 0.802724
873.502747 0.714350
898.145752 0.745660
1661.949219 0.915948
1045.477051 0.835864
852.693115 0.681169
1224.174683 0.872933
1046.341187 0.836138
978.305725 0.808252
885.596252 0.730683
1783.192383 0.923323
823.426819 0.621518
1635.326660 0.914116
968.785217 0.802995
915.042847 0.763087
1541.879395 0.907020
1049.956665 0.837270
1405.614136 0.894620
1158.009644 0.862352
1215.600708 0.871680
1446.183472 0.898590
758.770996 0.428194
1316.348755 0.884898
2445.470215 0.943245
1043.205444 0.835135
1183.491089 0.866697
975.675659 0.806843
1041.564941 0.834602
823.840210 0.622478
1039.268677 0.833845
898.222961 0.745747
1265.269409 0.878572
1159.049072 0.862537
1187.170044 0.867294
2372.689209 0.942254
1181.153564 0.866314
1195.498779 0.868618
1597.083740 0.911339
1042.444092 0.834888
1248.381470 0.876323
1169.743286 0.864402
2433.953857 0.943102
1762.333740 0.922163
1142.757080 0.859546
1266.791382 0.878771
1638.357788 0.914328
788.612427 0.527555
997.250793 0.817542
1012.379639 0.824009
1092.411377 0.848827
982.327881 0.810348
1259.162231 0.877769
1777.974731 0.923037
1241.377441 0.875363
1664.194946 0.916099
665.143372 0.127021
2502.597412 0.943879
986.061829 0.812232
1025.273804 0.828964
1024.583618 0.828710
1245.979858 0.875996
1119.396851 0.854887
1207.858887 0.870522
1338.158203 0.887414
887.775269 0.733420
775.952332 0.487203
1732.468506 0.920425
826.958801 0.629613
872.705994 0.713203
1173.393311 0.865022
1911.515259 0.929569
1168.009277 0.864104
1223.066284 0.872773
1179.298828 0.866009
1173.872314 0.865103
796.229553 0.550312
1203.964844 0.869930
949.349670 0.790793
1095.547119 0.849575
907.278015 0.755439
1067.469360 0.842394
938.406860 0.782912
1399.002075 0.893949
969.474976 0.803391
1468.688110 0.900687
1072.526001 0.843774
2117.567627 0.936835
1062.966064 0.841129
780.005920 0.500449
1053.304077 0.838294
1021.410767 0.827529
1000.515686 0.819003
793.645935 0.542728
1989.077637 0.932667
1045.526733 0.835880
908.396606 0.756577
1026.358521 0.829360
1928.610229 0.930293
1178.350464 0.865851
1121.415771 0.855309
1995.616333 0.932907
1127.412964 0.856540
577.648560 0.025231
1765.216797 0.922326
946.166077 0.788582
966.399048 0.801608
2323.113281 0.941452
1075.249634 0.844501
819.099976 0.611245
1122.801758 0.855596
1106.253418 0.852038
905.375854 0.753475
931.645996 0.777623
903.573547 0.751579
1517.505981 0.904990
927.932678 0.774571
1246.854980 0.876115
1309.219238 0.884053
908.588562 0.756771
2245.988770 0.939979
1371.917847 0.891122
1419.011841 0.895960
1098.884644 0.850357
1520.539917 0.905247
1202.610718 0.869722
1380.524780 0.892034
1266.192749 0.878693
1627.344727 0.913550
1269.686157 0.879146
1172.715454 0.864907
810.819580 0.590480
1313.610229 0.884575
1019.077576 0.826642
1040.539307 0.834265
1535.986328 0.906536
1642.336914 0.914606
1208.447510 0.870611
1595.257812 0.911202
1151.484985 0.861172
1949.445557 0.931143
917.733215 0.765604
2501.547363 0.943869
1230.106323 0.873783
928.590210 0.775120
1543.941528 0.907188
1193.588257 0.868317
991.451599 0.814850
1005.680786 0.821239
1389.672852 0.892989
1270.273315 0.879222
894.840210 0.741896
1173.315063 0.865009
2100.984863 0.936359
1039.733887 0.833999
1599.987915 0.911556
1160.515869 0.862797
997.356506 0.817590
815.869934 0.603319
1167.994507 0.864102
1973.361450 0.932077
1415.638672 0.895625
1502.323364 0.903686
1343.037598 0.887963
1029.339233 0.830432
1320.485718 0.885383
1338.660889 0.887471
2403.774658 0.942703
952.187683 0.792711
770.336853 0.468391
1526.317993 0.905733
1464.484985 0.900301
1068.363525 0.842641
2883.995361 0.945525
1304.093994 0.883439
1215.913452 0.871726
1294.401367 0.882260
961.089478 0.798415
1942.515991 0.930864
1112.386841 0.853390
1392.408569 0.893272
1290.146851 0.881736
2342.201172 0.941774
1022.568848 0.827963
2408.845215 0.942773
1606.551025 0.912043
923.797974 0.771042
1008.369812 0.822368
1002.973083 0.820078
902.743835 0.750695
1204.548950 0.870019
1383.901978 0.892388
1033.691040 0.831957
1237.874634 0.874877
587.733948 0.030333
2063.680908 0.935223
1612.631714 0.912489
1262.467407 0.878205
1245.640503 0.875949
1015.100952 0.825095
1913.413696 0.929651
3466.319824 0.941807
694.661377 0.204405
1218.687378 0.872135
2007.717285 0.933343
881.249268 0.725039
2706.994385 0.945264
1546.790283 0.907420
932.079895 0.777973
866.392944 0.703780
1495.273926 0.903071
1250.558716 0.876618
1085.435059 0.847118
1468.434448 0.900663
834.084412 0.645170
1218.696899 0.872136
611.699402 0.047508
1130.767578 0.857214
3740.885254 0.938107
2263.466797 0.940339
960.219421 0.797878
1158.099609 0.862368
1024.878784 0.828819
859.320190 0.692491
791.756042 0.537092
966.180664 0.801480
1089.233643 0.848057
1793.353394 0.923873
1259.264893 0.877782
1458.013916 0.899701
1035.577759 0.832604
821.508545 0.617012
921.108276 0.768670
1023.118164 0.828168
1157.738159 0.862303
923.681030 0.770940
2335.460693 0.941662
763.658203 0.445392
998.475159 0.818094
1290.944824 0.881834
1928.331055 0.930281
1326.127441 0.886038
1358.668823 0.889692
876.706543 0.718872
1011.040588 0.823467
816.323792 0.604446
763.345825 0.444301
1028.993774 0.830309
1809.501221 0.924727
1414.605225 0.895522
978.654968 0.808437
1297.023315 0.882581
844.011841 0.665177
1207.560913 0.870477
1344.870117 0.888168
955.789490 0.795074
1217.044678 0.871893
1034.753418 0.832322
864.462158 0.700777
1017.613342 0.826078
1417.172363 0.895777
1134.605347 0.857974
954.214966 0.794051
1033.809692 0.831998
945.080261 0.787813
838.934998 0.655182
1692.707520 0.917967
986.174194 0.812288
1108.226074 0.852477
1384.236572 0.892423
1099.054932 0.850397
1511.888672 0.904511
1020.749084 0.827279
1192.820679 0.868196
1334.355591 0.886982
1870.054199 0.927712
1152.719727 0.861398
995.633423 0.816804
1372.529175 0.891187
1444.174072 0.898400
1411.862305 0.895248
1585.296631 0.910449
1224.988037 0.873051
887.864380 0.733531
1237.532837 0.874830
1349.301880 0.888662
1361.950806 0.890049
2541.958008 0.944249
783.096069 0.510345
1675.867554 0.916875
1190.442627 0.867818
1109.463013 0.852750
907.109070 0.755266
1156.802124 0.862136
1675.579956 0.916856
1306.962280 0.883784
1012.713318 0.824144
1022.019043 0.827757
1808.683716 0.924684
1157.187256 0.862205
870.399536 0.709829
1464.047852 0.900260
1033.736694 0.831973
930.650818 0.776816
1261.611938 0.878092
1197.423950 0.868920
977.392761 0.807767
950.830627 0.791800
1245.860229 0.875979
1067.823975 0.842492
931.351196 0.777385
2208.949219 0.939166
927.997375 0.774625
1043.588867 0.835259
1475.144165 0.901274
1392.962402 0.893329
819.190186 0.611464
1187.520874 0.867350
1110.729858 0.853028
1331.174561 0.886619
1891.987793 0.928713
1030.992432 0.831017
1357.918701 0.889610
834.786865 0.646648
872.826111 0.713376
960.294556 0.797924
975.062683 0.806510
971.312500 0.804433
964.080688 0.800232
1054.038818 0.838515
1066.965698 0.842255
842.840149 0.662913
925.692017 0.772676
815.486145 0.602363
1011.309448 0.823576
1259.444336 0.877806
2007.061401 0.933319
1098.839478 0.850347
1232.364990 0.874104
1090.020874 0.848249
829.388733 0.635033
1077.823486 0.845176
1153.191284 0.861484
938.445496 0.782941
901.979675 0.749874
1325.397217 0.885954
1019.506592 0.826806
960.259399 0.797902
956.269775 0.795384
1176.794800 0.865593
1593.517578 0.911072
1389.926147 0.893015
1071.803467 0.843580
845.761353 0.668510
1913.198730 0.929642
1174.401367 0.865192
1852.843872 0.926897
875.844727 0.717670
858.605347 0.691306
1291.053955 0.881848
1226.047363 0.873203
1155.933838 0.861980
1057.457153 0.839534
1296.098267 0.882468
1844.089966 0.926473
1242.954956 0.875581
1412.038574 0.895266
635.299194 0.074102
1477.483521 0.901486
1171.677734 0.864731
1550.110229 0.907688
1279.122681 0.880354
1801.956055 0.924331
821.110168 0.616067
1827.596802 0.925654
1029.660156 0.830546
1152.938477 0.861438
783.522339 0.511696
922.930847 0.770284
1200.042725 0.869326
769.152832 0.464361
1310.037598 0.884151
1229.976074 0.873765
832.766663 0.642370
1031.031982 0.831031
966.957336 0.801935
2654.201904 0.945027
1052.145630 0.837942
1280.684448 0.880552
1629.687256 0.913717
1395.282837 0.893568
994.933899 0.816481
748.178162 0.390133
2291.594238 0.940885
1114.278687 0.853799
1780.863281 0.923196
1045.686646 0.835931
4283.864746 0.928123
832.495911 0.641790
1075.988037 0.844695
1551.290527 0.907783
1093.625122 0.849118
1313.260376 0.884534
702.304382 0.228279
950.194153 0.791369
1218.382935 0.872090
904.411011 0.752464
2038.138428 0.934392
1173.682129 0.865071
796.798035 0.551962
1564.557495 0.908840
1194.180908 0.868411
801.889038 0.566434
1351.757568 0.888933
1206.869019 0.870372
1064.932251 0.841686
1185.821777 0.867076
1037.374512 0.833212
905.694092 0.753806
1694.874268 0.918105
909.338562 0.757526
1205.435181 0.870154
1130.744019 0.857210
1271.997070 0.879444
954.523560 0.794252
1222.294678 0.872661
1060.008667 0.840280
1045.077026 0.835736
756.173828 0.418949
810.309753 0.589153
1021.834656 0.827688
1023.419556 0.828280
2584.841064 0.944593
1465.651245 0.900408
1309.080200 0.884037
1359.029785 0.889731
947.654907 0.789624
1228.958984 0.873620
1084.871460 0.846977
2258.172852 0.940231
741.761597 0.366765
849.115845 0.674743
1038.386841 0.833551
1044.342529 0.835501
969.567810 0.803444
1314.107178 0.884634
845.444824 0.667911
867.071106 0.704821
1164.004395 0.863410
709.512024 0.251984
2158.783203 0.937946
1656.182739 0.915558
1366.270996 0.890516
1631.999023 0.913881
948.883423 0.790474
910.298584 0.758484
1277.990479 0.880211
625.979370 0.062218
2873.015869 0.945531
885.396118 0.730428
869.259521 0.708132
1301.505737 0.883127
1026.484131 0.829405
1189.226807 0.867624
1504.261963 0.903855
953.819641 0.793791
1176.222778 0.865497
987.628235 0.813005
1659.058838 0.915753
1007.918274 0.822180
925.339355 0.772374
1010.213379 0.823129
2072.528076 0.935500
982.747437 0.810563
1355.315063 0.889325
1258.709839 0.877709
850.309937 0.676913
765.656006 0.452337
1238.902222 0.875020
791.743896 0.537055
1241.914795 0.875438
1231.121216 0.873928
1239.411987 0.875091
1333.162598 0.886846
930.742188 0.776890
1742.919922 0.921043
1010.511475 0.823251
844.798767 0.666683
2166.706543 0.938148
1173.145752 0.864980
983.372253 0.810881
976.958496 0.807534
1078.159424 0.845264
1325.823364 0.886003
1115.143921 0.853984
1221.502808 0.872546
990.065125 0.814187
2412.173828 0.942818
1651.950806 0.915269
1049.023926 0.836980
975.878479 0.806953
702.366333 0.228478
1852.970825 0.926904
772.698792 0.476367
961.097351 0.798420
1401.546509 0.894208
1505.590332 0.903970
888.170898 0.733911
829.568237 0.635429
1068.622192 0.842713
2714.488770 0.945291
1744.766968 0.921151
947.623108 0.789602
1016.136536 0.825502
810.394531 0.589374
885.814514 0.730960
1175.515381 0.865379
1159.010864 0.862530
991.820190 0.815025
1770.058716 0.922598
1016.031677 0.825461
1173.857300 0.865100
1005.794373 0.821287
955.981934 0.795198
920.632751 0.768244
1346.448853 0.888344
1528.259399 0.905895
1459.583252 0.899847
1189.219116 0.867623
1486.702393 0.902313
1323.542236 0.885739
1004.538391 0.820752
1265.745850 0.878634
821.429871 0.616826
1507.796997 0.904160
964.952637 0.800753
723.637817 0.301052
1112.158203 0.853340
1327.705200 0.886221
1081.752808 0.846189
1060.406494 0.840395
940.674438 0.784612
1919.634644 0.929916
961.395264 0.798603
985.147339 0.811776
2357.780273 0.942024
2545.727295 0.944282
901.068420 0.748887
2711.533691 0.945280
978.992798 0.808615
1070.354614 0.843187
768.094238 0.460740
960.549255 0.798082
2003.528931 0.933193
1094.892700 0.849420
1030.804443 0.830951
1574.303955 0.909603
785.564758 0.518120
1368.123047 0.890716
1219.424072 0.872242
2374.283936 0.942278
941.224854 0.785019
925.116943 0.772183
1369.085571 0.890819
1493.660645 0.902929
1571.889404 0.909415
1050.330688 0.837385
1082.905518 0.846482
1111.324951 0.853158
2111.280273 0.936656
910.870605 0.759050
925.528931 0.772537
1168.066528 0.864114
975.030029 0.806492
1377.950928 0.891762
1052.445312 0.838033
1885.518555 0.928422
1163.741333 0.863364
2182.458252 0.938540
914.904297 0.762956
867.684692 0.705757
1433.423462 0.897369
1160.401489 0.862777
925.059326 0.772134
982.309570 0.810339
1261.973999 0.878140
1877.117798 0.928039
950.768799 0.791758
2018.445557 0.933720
1089.642090 0.848157
1507.494629 0.904134
1505.790039 0.903987
991.823242 0.815026
1070.878174 0.843329
1479.343994 0.901654
1270.344360 0.879231
974.936768 0.806441
1001.851135 0.819590
1191.455200 0.867980
938.345642 0.782866
992.439148 0.815317
825.053528 0.625278
720.204163 0.288869
1010.283203 0.823158
1307.853760 0.883890
972.195923 0.804928
1160.523560 0.862799
1703.245850 0.918635
1101.208130 0.850894
1254.281494 0.877119
1164.379761 0.863476
996.234131 0.817079
873.083923 0.713748
1001.476990 0.819426
981.987732 0.810174
1327.692505 0.886219
2196.869873 0.938885
1342.730835 0.887929
1009.568726 0.822864
1516.838379 0.904933
1233.561035 0.874273
960.887024 0.798291
1090.509766 0.848368
1040.371460 0.834210
880.670349 0.724269
1450.303223 0.898980
1408.949829 0.894956
872.864868 0.713432
1364.346313 0.890309
910.329163 0.758514
988.766052 0.813560
963.696899 0.800002
1106.613892 0.852118
1235.803467 0.874588
918.505249 0.766314
1045.952759 0.836015
1003.284973 0.820213
848.557190 0.673719
796.963867 0.552442
969.462402 0.803383
1279.584229 0.880413
1076.744507 0.844894
1137.846558 0.858606
1423.891235 0.896440
1001.690857 0.819520
866.489258 0.703928
894.290344 0.741258
2064.479736 0.935248
814.960327 0.601047
1003.075195 0.820122
1000.906006 0.819175
1724.423706 0.919941
1175.951904 0.865452
982.951294 0.810667
1287.621216 0.881422
1431.870850 0.897219
1039.955078 0.834072
1508.002808 0.904178
2120.326904 0.936913
1027.059082 0.829614
1282.495361 0.880780
810.954712 0.590830
939.628357 0.783832
905.031921 0.753116
892.643188 0.739324
1382.393188 0.892230
751.158203 0.400925
1068.590332 0.842704
991.918701 0.815071
1501.591919 0.903623
1105.394775 0.851845
1958.699341 0.931510
1479.992310 0.901712
1656.502197 0.915580
1097.840942 0.850114
2271.862305 0.940506
1207.982666 0.870541
1606.955200 0.912072
1271.859253 0.879427
1119.390137 0.854885
883.964111 0.728593
1011.341614 0.823589
1059.895264 0.840247
1457.884766 0.899689
1041.663452 0.834634
1009.455139 0.822817
1008.900269 0.822588
1124.059692 0.855856
1412.507690 0.895313
1230.065308 0.873778
1017.500732 0.826034
676.575134 0.154014
1006.102234 0.821418
972.232483 0.804949
1332.554077 0.886777
1033.005005 0.831720
945.904968 0.788398
665.050232 0.126817
804.669983 0.574106
1697.196777 0.918253
944.755005 0.787581
1191.547974 0.867994
1692.919312 0.917980
1414.466064 0.895508
844.449158 0.666015
906.606323 0.754750
940.552246 0.784521
1070.801758 0.843308
1400.698730 0.894122
1165.794434 0.863722
752.203674 0.404698
1143.130615 0.859617
1403.882568 0.894445
1162.767212 0.863194
1121.234131 0.855271
1270.579590 0.879262
984.684448 0.811544
971.427856 0.804498
2147.096680 0.937642
923.050598 0.770389
1112.515625 0.853418
1948.435181 0.931103
866.198486 0.703480
1150.509644 0.860993
1680.406250 0.917172
2437.684570 0.943149
1443.111084 0.898298
1020.893066 0.827333
1048.752808 0.836896
864.884583 0.701439
1330.009033 0.886485
1112.918823 0.853505
1095.665771 0.849603
1192.691162 0.868176
875.664917 0.717418
1020.803955 0.827299
1114.023926 0.853744
1817.543945 0.925143
995.940796 0.816945
868.280151 0.706659
2296.156982 0.940970
1580.966919 0.910117
855.259888 0.685643
966.308228 0.801555
1088.393921 0.847851
1314.898193 0.884727
1221.412720 0.872533
1284.677490 0.881054
1052.695923 0.838109
1500.009155 0.903485
2023.653687 0.933900
902.370911 0.750295
1200.777710 0.869440
1213.016968 0.871296
1162.183105 0.863091
892.339539 0.738964
1124.198730 0.855884
906.832581 0.754983
1125.666260 0.856185
1507.798340 0.904160
1306.624756 0.883743
970.020020 0.803702
978.017517 0.808099
1073.288818 0.843979
939.860474 0.784006
1176.897461 0.865610
1101.679443 0.851002
1042.995483 0.835067
1051.979370 0.837891
615.393372 0.050944
1167.844727 0.864076
1426.020020 0.896649
1040.988647 0.834413
1212.517334 0.871222
953.925415 0.793861
1255.617676 0.877297
977.967712 0.808073
919.503967 0.767225
963.613281 0.799952
1060.242432 0.840347
2869.453125 0.945532
1005.414246 0.821126
2399.820312 0.942648
1132.449829 0.857549
1011.821960 0.823784
949.359680 0.790800
1031.321411 0.831132
1253.433350 0.877005
1181.546021 0.866379
1065.232422 0.841770
1060.681152 0.840474
1708.696777 0.918975
778.367004 0.495129
1331.753052 0.886685
885.612305 0.730703
967.458557 0.802227
1253.673096 0.877037
812.948975 0.595960
1203.578857 0.869871
821.281006 0.616473
1348.898804 0.888617
1143.796265 0.859743
979.998230 0.809143
1086.813354 0.847461
893.429688 0.740251
949.844360 0.791131
1616.442017 0.912766
983.105286 0.810745
1279.072876 0.880348
1024.193359 0.828567
1258.161377 0.877636
1457.800781 0.899682
1363.521240 0.890219
985.243103 0.811824
1299.603760 0.882896
824.047180 0.622958
1337.989502 0.887395
1223.027222 0.872767
1595.830078 0.911245
1009.646790 0.822896
857.177124 0.688911
1139.487915 0.858922
815.862000 0.603300
897.281189 0.744688
2423.299805 0.942965
2290.175537 0.940858
722.925171 0.298513
1074.500122 0.844302
1494.029053 0.902961
2015.051880 0.933602
2182.658936 0.938545
1114.188477 0.853779
985.112366 0.811758
1097.672241 0.850075
1635.611572 0.914136
1451.352295 0.899078
935.359436 0.780570
1506.710327 0.904066
1549.519775 0.907640
1044.792114 0.835645
858.173767 0.690586
1120.698120 0.855159
1555.119629 0.908090
1343.638428 0.888030
1072.197510 0.843686
2915.329590 0.945493
1794.835449 0.923953
782.566223 0.508661
1237.321167 0.874800
962.241028 0.799121
757.503601 0.423691
901.073975 0.748893
918.391418 0.766210
962.292236 0.799152
973.945679 0.805898
1170.182495 0.864477
989.930481 0.814123
1299.845703 0.882925
1222.779663 0.872731
951.945190 0.792549
825.882507 0.627173
741.120544 0.364425
931.631470 0.777612
3144.208252 0.944639
1197.300415 0.868900
988.140808 0.813255
962.805359 0.799464
1416.885986 0.895749
652.769226 0.102113
4892.516602 0.915198
1123.586670 0.855759
1096.205566 0.849730
1537.841553 0.906689
744.051636 0.375118
1233.169800 0.874217
926.311035 0.773204
905.510742 0.753615
781.483765 0.505204
949.368652 0.790806
928.516052 0.775058
1095.000122 0.849445
1112.367554 0.853385
1253.988159 0.877079
836.840149 0.650914
1061.329102 0.840661
905.448303 0.753550
804.374023 0.573297
1464.604736 0.900312
1069.325317 0.842906
1172.182617 0.864817
851.180969 0.678480
1864.913452 0.927472
1140.356812 0.859089
844.713806 0.666521
1635.296387 0.914113
1093.646484 0.849123
972.446289 0.805068
1743.267090 0.921064
1338.865601 0.887494
909.629822 0.757818
1009.808777 0.822963
989.292969 0.813815
1417.092407 0.895769
802.495117 0.568120
1361.177490 0.889965
853.975281 0.683418
747.742554 0.388551
737.271057 0.350373
1186.357666 0.867163
1144.383545 0.859854
1058.298828 0.839781
1450.079834 0.898959
867.851135 0.706009
1022.317017 0.827869
1101.854980 0.851042
878.957520 0.721963
970.732849 0.804106
1268.572510 0.879002
1426.020264 0.896649
1134.936768 0.858039
1132.212524 0.857502
856.800293 0.688274
1080.143311 0.845777
1909.779785 0.929494
1246.021484 0.876001
877.640564 0.720163
1161.101318 0.862901
1109.319092 0.852718
1156.328491 0.862051
1003.397583 0.820262
782.088928 0.507139
974.973816 0.806461
1271.769409 0.879415
1372.044067 0.891135
773.157776 0.477906
1116.941650 0.854368
2338.041504 0.941705
1093.201050 0.849017
2652.045898 0.945016
1327.642090 0.886213
818.792358 0.610500
763.181885 0.443729
1008.776062 0.822537
1141.331177 0.859275
902.776001 0.750729
1120.999634 0.855222
3176.351562 0.944437
911.958496 0.760119
952.563232 0.792961
1211.439087 0.871061
1486.463379 0.902291
791.313477 0.535761
921.670593 0.769171
965.129700 0.800858
930.787415 0.776927
1328.369019 0.886297
1137.165894 0.858474
956.609070 0.795601
2112.353271 0.936687
952.388245 0.792844
977.277466 0.807705
961.024719 0.798375
2041.854492 0.934515
1076.598267 0.844856
2120.651855 0.936922
1770.453491 0.922620
1521.405396 0.905320
2178.076172 0.938432
1132.394531 0.857538
2429.176025 0.943041
1043.919678 0.835365
854.579407 0.684468
1053.356201 0.838309
877.670959 0.720205
1159.186890 0.862562
892.731323 0.739428
1621.816772 0.913154
1543.828003 0.907179
975.630615 0.806818
841.059021 0.659423
1499.505615 0.903441
1853.259277 0.926917
1116.855469 0.854350
981.763123 0.810058
1622.166626 0.913180
2641.303955 0.944957
1054.080688 0.838528
933.205872 0.778874
899.525146 0.747195
1072.256714 0.843702
922.119080 0.769569
916.179138 0.764158
754.119080 0.411590
708.075684 0.247177
2296.197266 0.940971
1154.993042 0.861810
920.443787 0.768074
1097.492798 0.850033
844.537842 0.666185
1506.764282 0.904071
1060.001831 0.840278
1144.142944 0.859808
1010.890259 0.823406
1079.750610 0.845676
992.593079 0.815390
1465.890869 0.900430
926.892822 0.773697
1076.368286 0.844796
1614.144531 0.912599
844.906311 0.666888
1110.517944 0.852982
1680.479614 0.917177
1593.145874 0.911044
899.408691 0.747066
1324.641968 0.885867
1304.240479 0.883457
1498.231934 0.903330
1055.314575 0.838898
1328.588257 0.886322
1342.150757 0.887864
904.133362 0.752172
980.111694 0.809202
1753.150269 0.921638
855.619202 0.686260
1376.887207 0.891650
1354.121948 0.889194
872.856384 0.713420
929.255615 0.775671
798.731628 0.557523
945.933655 0.788418
864.381775 0.700651
1236.301392 0.874657
1508.812988 0.904247
861.417175 0.695922
1093.819824 0.849165
1298.342407 0.882742
1341.234253 0.887761
1362.345825 0.890092
1129.498047 0.856960
940.882385 0.784766
714.671753 0.269560
1003.681396 0.820384
864.281860 0.700493
1215.138916 0.871612
1989.800293 0.932694
1096.807007 0.849872
1078.340332 0.845311
1843.630859 0.926451
1137.671143 0.858572
838.173340 0.653640
1136.270020 0.858299
933.416870 0.779042
1519.679565 0.905174
964.517578 0.800494
1752.722534 0.921613
1024.827271 0.828800
1627.170654 0.913538
1026.752197 0.829503
1009.026367 0.822640
903.409485 0.751405
1120.202271 0.855056
1186.692017 0.867217
1426.237305 0.896670
958.201965 0.796615
788.053040 0.525837
1945.115356 0.930969
1543.646240 0.907164
950.743164 0.791741
1179.812012 0.866093
1426.515991 0.896697
3114.133057 0.944810
1278.386597 0.880261
1206.466431 0.870311
989.580688 0.813954
1660.388672 0.915843
1221.615356 0.872562
1121.640381 0.855356
979.854004 0.809068
790.012390 0.531827
1425.691162 0.896617
1280.791870 0.880566
643.903137 0.086905
952.595886 0.792983
928.251160 0.774837
1104.438110 0.851629
1131.131104 0.857287
1121.188110 0.855262
879.874756 0.723203
1401.900757 0.894244
1257.932617 0.877606
854.423462 0.684197
708.925720 0.250017
1019.890564 0.826953
749.001831 0.393121
2162.775146 0.938049
928.980957 0.775444
899.620422 0.747300
910.401489 0.758586
960.922546 0.798312
1050.919678 0.837567
1471.064087 0.900904
1829.406006 0.925745
854.427063 0.684204
1382.878784 0.892281
1014.566162 0.824883
1033.923096 0.832037
1009.132446 0.822684
967.011780 0.801967
1214.177490 0.871469
1194.702759 0.868493
2175.079102 0.938358
744.298523 0.376018
2138.299561 0.937407
1589.860840 0.910795
788.151733 0.526141
1167.562744 0.864027
1049.254761 0.837052
941.912170 0.785524
1129.160400 0.856893
1902.888794 0.929195
1139.904907 0.859002
956.165039 0.795316
1317.080811 0.884984
2170.414307 0.938242
1630.251709 0.913757
846.617371 0.670120
844.981995 0.667032
1058.672852 0.839891
1024.416870 0.828649
1006.999390 0.821796
920.200195 0.767855
960.818054 0.798248
1493.348511 0.902901
1698.165771 0.918314
1247.865479 0.876253
1034.880859 0.832366
1177.254028 0.865669
1094.248657 0.849267
893.144897 0.739916
1067.088989 0.842289
1093.465698 0.849080
1719.806152 0.919660
1155.486084 0.861899
991.701782 0.814969
931.551331 0.777547
1082.300171 0.846329
915.786255 0.763789
974.666565 0.806293
832.732178 0.642296
997.126099 0.817485
1159.391968 0.862598
2693.204102 0.945209
891.237244 0.737649
932.812378 0.778560
1125.550415 0.856161
1156.943481 0.862161
916.139771 0.764121
1963.879272 0.931712
1973.435181 0.932080
1167.301392 0.863982
763.221802 0.443868
833.246582 0.643393
813.864258 0.598286
1377.514526 0.891716
1106.629272 0.852122
981.452942 0.809898
865.579773 0.702522
921.625488 0.769131
1371.097412 0.891034
1296.585693 0.882528
998.914246 0.818291
1258.512329 0.877683
715.302185 0.271737
1010.834290 0.823383
816.681213 0.605331
576.416443 0.024677
1325.934326 0.886016
1047.371704 0.836464
928.022522 0.774646
917.400757 0.765297
1167.447021 0.864007
974.505737 0.806205
979.239502 0.808745
1062.375977 0.840961
1156.496094 0.862081
987.676819 0.813028
1091.274048 0.848553
734.729736 0.341108
1551.974365 0.907838
1205.940674 0.870231
978.486816 0.808348
1154.666992 0.861751
1466.180298 0.900457
989.845154 0.814082
1592.263306 0.910977
1537.294800 0.906644
1478.538086 0.901581
1097.938232 0.850137
1630.819824 0.913797
1274.698975 0.879791
960.539612 0.798076
871.800354 0.711887
1089.344360 0.848084
900.088989 0.747816
1259.605591 0.877828
1336.102661 0.887181
1595.793823 0.911243
1202.821411 0.869755
1131.083740 0.857278
905.707947 0.753820
1519.540283 0.905163
906.784424 0.754933
1146.913818 0.860328
875.647095 0.717393
1015.367065 0.825200
999.535400 0.818568
734.802307 0.341372
972.518555 0.805108
1115.853760 0.854136
943.676941 0.786808
1038.294922 0.833521
878.314270 0.721087
1274.430786 0.879757
1162.184692 0.863091
919.815369 0.767507
1066.004150 0.841987
1048.285522 0.836750
1030.185547 0.830732
874.712402 0.716074
788.985352 0.528697
1061.610352 0.840742
1118.672485 0.854734
1550.638550 0.907731
732.511597 0.333038
877.488953 0.719954
982.213867 0.810290
1788.300049 0.923601
1771.703857 0.922689
2314.301270 0.941298
1053.288574 0.838289
1006.419434 0.821552
990.292297 0.814297
1065.687622 0.841898
1780.641479 0.923184
1088.485596 0.847874
1131.470459 0.857355
1123.261230 0.855691
1259.648926 0.877833
1059.496704 0.840131
1334.835449 0.887037
925.332947 0.772369
924.182190 0.771376
1317.582275 0.885043
786.964539 0.522477
1085.675537 0.847178
1347.920898 0.888508
966.409058 0.801614
967.289490 0.802129
1677.219360 0.916963
2006.489014 0.933299
752.302856 0.405056
1064.994263 0.841703
819.510559 0.612237
1497.397827 0.903257
737.325989 0.350574
1916.577759 0.929786
965.890320 0.801309
1695.328735 0.918134
883.433228 0.727905
924.791687 0.771903
975.733704 0.806874
1947.830566 0.931079
1552.152344 0.907852
837.419006 0.652102
1070.502930 0.843227
1126.427246 0.856340
1245.006958 0.875863
1106.683472 0.852134
1094.786011 0.849395
1077.592041 0.845116
1220.682251 0.872426
1125.100952 0.856069
1135.768555 0.858202
1331.294678 0.886633
1154.279297 0.861681
746.037415 0.382352
1142.903564 0.859574
1339.958252 0.887617
989.257385 0.813798
1700.365356 0.918453
1007.226135 0.821891
1180.847046 0.866264
805.639038 0.576740
1174.547485 0.865216
1305.161133 0.883568
1628.577515 0.913638
1190.276367 0.867792
2860.597656 0.945534
725.059021 0.306132
1363.773560 0.890247
1064.537842 0.841575
952.658447 0.793024
1214.908325 0.871577
656.439636 0.109043
587.048889 0.029953
1089.248657 0.848061
516.438660 0.009265
1097.378784 0.850006
347.771576 0.002091
1124.032837 0.855850
653.284851 0.103064
731.527954 0.329466
588.075317 0.030525
824.363403 0.623689
648.460876 0.094458
363.163361 0.002250
1027.031860 0.829604
634.279724 0.072706
384.115570 0.002524
412.323212 0.003043
367.926697 0.002306
810.142212 0.588716
490.667206 0.006556
398.445007 0.002761
444.719604 0.003981
329.976196 0.001941
513.855957 0.008930
1038.487793 0.833585
461.346436 0.004689
759.978882 0.432470
786.928467 0.522365
601.419495 0.039140
410.577545 0.003004
554.393188 0.016792
609.916138 0.045935
578.034241 0.025408
590.848267 0.032131
569.217896 0.021701
569.219971 0.021702
330.249390 0.001943
565.407837 0.020294
353.972839 0.002151
501.366974 0.007524
462.188965 0.004730
401.549774 0.002819
783.388794 0.511273
638.807251 0.079100
1617.810303 0.912865
552.635742 0.016303
543.579346 0.014039
688.189026 0.185335
639.714111 0.080441
451.346069 0.004240
1955.247803 0.931374
1043.875732 0.835351
633.924988 0.072225
1097.597046 0.850057
747.739441 0.388540
892.256042 0.738865
699.847778 0.220455
569.394348 0.021769
1661.635376 0.915927
528.694275 0.011108
398.584747 0.002764
1535.206421 0.906472
529.367981 0.011222
338.731842 0.002011
666.189697 0.129332
675.040161 0.150166
354.872162 0.002160
436.657623 0.003702
449.482300 0.004164
462.748108 0.004758
658.298584 0.112699
446.890320 0.004063
550.664124 0.015774
1117.673706 0.854523
612.169678 0.047933
637.250122 0.076845
1007.859375 0.822156
455.593292 0.004422
436.765381 0.003705
910.877502 0.759057
489.538879 0.006464
431.189819 0.003531
755.823242 0.417696
441.856262 0.003878
795.136414 0.547120
314.712860 0.001836
491.750214 0.006645
833.504517 0.643942
891.758484 0.738273
772.688110 0.476331
397.024933 0.002736
617.217957 0.052732
385.883087 0.002551
617.059509 0.052575
489.932556 0.006496
824.474609 0.623946
437.042633 0.003714
524.362488 0.010405
341.054535 0.002031
492.197083 0.006683
386.787415 0.002564
516.928894 0.009331
496.853546 0.007092
433.337982 0.003596
917.761414 0.765630
517.686951 0.009434
503.943481 0.007787
595.305481 0.034907
485.574860 0.006158
710.287781 0.254597
575.412537 0.024235
572.071167 0.022828
1033.547119 0.831907
546.254517 0.014665
352.153259 0.002133
657.815613 0.111739
785.507935 0.517943
847.026917 0.670885
464.746857 0.004860
743.657166 0.373680
999.556458 0.818577
720.283020 0.289147
548.492493 0.015215
657.950012 0.112006
391.888702 0.002647
553.674377 0.016590
544.040771 0.014144
609.992554 0.046001
646.442383 0.091045
459.729034 0.004611
700.633118 0.222941
587.156372 0.030012
903.726868 0.751742
539.236877 0.013092
511.755829 0.008670
637.434570 0.077109
687.934937 0.184609
950.792480 0.791774
588.129822 0.030555
538.130676 0.012863
663.584106 0.123638
477.640778 0.005606
738.885437 0.356265
1012.678101 0.824129
398.273895 0.002758
564.773132 0.020070
375.202850 0.002398
491.275513 0.006606
469.926453 0.005140
728.248718 0.317599
865.191711 0.701918
561.087036 0.018826
553.638000 0.016580
426.653900 0.003401
1005.558350 0.821187
385.780304 0.002549
529.397888 0.011228
688.523499 0.186293
1532.527222 0.906250
853.774414 0.683068
700.231567 0.221668
782.880920 0.509662
393.623779 0.002676
659.182617 0.114472
505.755493 0.007980
597.398987 0.036299
488.206573 0.006359
389.217896 0.002603
575.553101 0.024296
962.515198 0.799287
615.123230 0.050685
905.362793 0.753461
487.622192 0.006313
505.801117 0.007985
825.222168 0.625665
669.983398 0.137979
364.987457 0.002271
466.712097 0.004963
706.048096 0.240459
783.769409 0.512477
1245.896973 0.875984
830.120117 0.636641
499.627075 0.007353
500.720795 0.007460
507.502563 0.008173
678.670654 0.159380
581.783936 0.027198
488.510986 0.006383
466.633698 0.004959
812.126282 0.593854
387.951996 0.002583
412.099487 0.003038
662.247986 0.120796
897.934509 0.745424
541.015686 0.013470
422.030426 0.003277
394.889801 0.002698
525.483032 0.010581
434.557037 0.003634
1291.476318 0.881900
865.240967 0.701995
1108.504150 0.852538
761.810547 0.438923
539.230957 0.013091
1403.121216 0.894368
487.869293 0.006332
498.166351 0.007214
1031.102173 0.831055
503.144226 0.007704
979.671448 0.808972
493.724213 0.006813
1089.341431 0.848083
562.451233 0.019276
561.000488 0.018798
614.246887 0.049852
694.549011 0.204065
492.509247 0.006709
457.676849 0.004515
510.797180 0.008554
648.350769 0.094269
676.987915 0.155061
593.511963 0.033760
474.036133 0.005380
430.569336 0.003513
941.139282 0.784956
679.945740 0.162707
871.363525 0.711248
803.741821 0.571564
361.834930 0.002235
1345.014526 0.888184
609.338135 0.045436
616.164246 0.051692
499.504425 0.007341
435.448395 0.003663
653.348389 0.103182
598.583130 0.037112
397.713440 0.002748
511.278137 0.008612
952.963562 0.793226
484.797516 0.006100
841.791809 0.660866
476.861481 0.005556
1652.012085 0.915274
773.612305 0.479427
874.597656 0.715912
1474.984497 0.901260
932.805725 0.778555
723.324280 0.299934
381.174835 0.002480
419.033417 0.003201
357.838470 0.002191
1332.614014 0.886784
1041.295410 0.834513
445.450684 0.004008
523.662048 0.010297
421.918030 0.003274
354.112457 0.002153
513.799316 0.008923
453.505859 0.004331
329.657990 0.001939
777.599060 0.492619
669.699829 0.137318
452.135895 0.004273
971.893127 0.804759
778.537048 0.495683
324.877533 0.001904
1091.469971 0.848601
498.773895 0.007271
593.375732 0.033675
799.608032 0.560018
626.734680 0.063110
442.140808 0.003888
430.352234 0.003506
698.139587 0.215097
688.834900 0.187188
638.537354 0.078705
478.995728 0.005695
323.433411 0.001894
433.563690 0.003603
881.166565 0.724929
866.758972 0.704343
562.817810 0.019399
389.127197 0.002601
407.610352 0.002941
325.198242 0.001906
616.392700 0.051916
330.402618 0.001944
513.639709 0.008903
471.246094 0.005215
822.876892 0.620234
519.585266 0.009697
412.429077 0.003045
491.271851 0.006605
369.449005 0.002324
525.587341 0.010598
929.487549 0.775862
1200.858032 0.869453
494.873444 0.006914
496.502991 0.007060
534.771667 0.012200
846.252075 0.669434
489.355804 0.006450
533.043091 0.011876
441.888397 0.003879
534.819519 0.012209
1082.340210 0.846339
567.694336 0.021125
1558.500977 0.908360
482.168335 0.005911
619.023376 0.054563
583.278137 0.027950
463.413574 0.004791
479.383850 0.005721
504.290466 0.007824
635.993652 0.075068
1531.419678 0.906158
415.193481 0.003108
940.594910 0.784553
692.047913 0.196572
579.875671 0.026270
499.630127 0.007353
1024.695923 0.828752
473.021637 0.005319
1023.706055 0.828386
760.536316 0.434438
571.397156 0.022556
428.871765 0.003463
585.583801 0.029156
735.478333 0.343836
608.316101 0.044568
423.439178 0.003313
675.731628 0.151891
566.063293 0.020528
768.996826 0.463828
449.065094 0.004148
561.954529 0.019110
448.382751 0.004121
895.564087 0.742731
362.287659 0.002240
516.041199 0.009213
1299.006592 0.882823
800.412781 0.562294
878.237976 0.720983
396.688873 0.002730
369.284241 0.002322
249.079697 0.001538
597.042664 0.036058
577.333862 0.025088
331.679047 0.001954
352.447784 0.002136
511.264221 0.008610
1127.271729 0.856512
519.539368 0.009691
519.613586 0.009701
436.405151 0.003693
820.244995 0.614002
1343.888428 0.888058
454.432831 0.004371
359.519531 0.002209
735.595337 0.344262
571.604187 0.022639
564.212585 0.019875
634.212891 0.072615
340.832733 0.002029
379.191772 0.002452
390.933228 0.002631
507.278564 0.008148
486.801941 0.006250
530.112732 0.011351
728.811279 0.319629
556.901672 0.017522
443.973999 0.003954
597.688843 0.036496
372.569092 0.002363
348.563293 0.002098
622.438110 0.058199
749.360901 0.394422
1221.719849 0.872577
399.329956 0.002778
1472.518677 0.901036
444.599731 0.003977
662.153015 0.120596
472.589050 0.005293
449.153778 0.004151
758.207947 0.426196
538.995056 0.013041
811.905273 0.593286
397.719513 0.002748
842.820435 0.662875
990.477173 0.814385
877.592834 0.720097
718.181396 0.281759
1088.374268 0.847846
480.254272 0.005779
345.789917 0.002073
394.184845 0.002686
645.705078 0.089825
844.620361 0.666343
524.458496 0.010420
774.930725 0.483820
1507.421509 0.904128
939.798828 0.783960
623.063721 0.058890
506.248901 0.008034
1027.263672 0.829688
470.694916 0.005183
739.108826 0.357081
483.063965 0.005975
707.000000 0.243602
437.913116 0.003743
631.806702 0.069418
473.251129 0.005333
807.635437 0.582103
843.637329 0.664456
746.523071 0.384118
423.519623 0.003316
608.482178 0.044708
1763.709595 0.922241
714.158875 0.267793
769.419739 0.465271
367.777496 0.002304
1829.227539 0.925736
738.857544 0.356164
1655.718628 0.915526
1556.171753 0.908175
599.821594 0.037984
366.475830 0.002288
470.603577 0.005178
603.895325 0.041005
702.496155 0.228896
479.808380 0.005749
424.892303 0.003352
424.038422 0.003329
649.557190 0.096358
631.597412 0.069147
742.492126 0.369431
494.820160 0.006909
819.440491 0.612068
347.518036 0.002089
421.116791 0.003253
818.622253 0.610087
658.331787 0.112765
506.136078 0.008022
389.858063 0.002613
846.152283 0.669247
525.219116 0.010540
490.190460 0.006517
315.776001 0.001842
466.062439 0.004928
657.606506 0.111326
774.801758 0.483391
703.687378 0.232744
562.800537 0.019393
537.032959 0.012642
406.840973 0.002925
823.527649 0.621752
657.673767 0.111459
642.741821 0.085068
527.963257 0.010985
391.956726 0.002648
499.378387 0.007329
408.075684 0.002950
656.970215 0.110076
334.905487 0.001980
500.918854 0.007479
425.889099 0.003380
510.748810 0.008548
746.698914 0.384758
751.911743 0.403645
705.874084 0.239886
895.035217 0.742121
491.936768 0.006661
506.688843 0.008083
658.063660 0.112231
517.310059 0.009382
434.840271 0.003643
461.882965 0.004715
418.959778 0.003199
702.146301 0.227772
776.457825 0.488871
1232.554688 0.874131
428.509308 0.003453
430.021515 0.003497
804.182434 0.572773
663.002136 0.122394
526.638428 0.010767
635.880310 0.074910
389.637665 0.002610
1229.867920 0.873750
601.078613 0.038890
399.647858 0.002784
772.753113 0.476549
516.855774 0.009321
643.298462 0.085944
486.154205 0.006201
531.753113 0.011641
401.922791 0.002827
581.574158 0.027094
549.114502 0.015373
1257.676270 0.877572
518.568054 0.009555
663.407043 0.123259
529.479736 0.011242
463.974060 0.004820
538.568359 0.012953
396.848206 0.002732
543.132690 0.013938
439.095734 0.003782
1421.270752 0.896183
664.088745 0.124725
433.726959 0.003608
621.589783 0.057274
822.201538 0.618649
482.711853 0.005950
515.215698 0.009105
291.522095 0.001706
314.337128 0.001833
930.793396 0.776932
549.025024 0.015350
458.560913 0.004556
319.024292 0.001864
429.892883 0.003493
445.714874 0.004018
915.656067 0.763667
631.707275 0.069289
592.270081 0.032990
637.230225 0.076816
725.775818 0.308701
771.986511 0.473971
496.907684 0.007097
758.725952 0.428035
760.034607 0.432667
698.364868 0.215799
308.744415 0.001799
1074.281982 0.844244
370.738617 0.002340
887.479736 0.733053
425.299103 0.003363
461.535126 0.004698
322.747986 0.001889
1969.159912 0.931916
1324.197266 0.885815
783.949402 0.513046
574.513733 0.023847
455.946381 0.004437
689.658508 0.189567
642.012268 0.083932
739.359436 0.357996
786.877625 0.522207
396.351746 0.002724
1326.841797 0.886121
477.608521 0.005604
423.059967 0.003303
383.430939 0.002513
330.057617 0.001942
488.437439 0.006377
1232.252930 0.874088
564.538025 0.019988
482.180420 0.005912
366.246735 0.002285
834.605835 0.646268
524.030579 0.010354
640.213074 0.081188
903.339600 0.751330
374.727478 0.002391
838.434387 0.654170
526.213257 0.010698
435.539429 0.003666
599.692444 0.037892
745.827026 0.381586
518.459656 0.009540
804.695312 0.574175
628.808655 0.065621
597.084229 0.036086
583.684021 0.028158
415.060516 0.003105
836.493164 0.650199
492.817139 0.006735
391.455109 0.002639
704.855408 0.236546
645.409119 0.089340
615.807800 0.051345
626.882629 0.063286
593.542480 0.033779
396.299377 0.002723
936.057739 0.781113
498.011108 0.007199
462.550720 0.004748
488.928925 0.006416
1446.457153 0.898616
678.768005 0.159632
391.405823 0.002639
437.709290 0.003736
872.145691 0.712390
881.536011 0.725419
1783.694824 0.923351
1018.780518 0.826528
790.431152 0.533097
421.881744 0.003273
421.457245 0.003262
337.591431 0.002001
408.316254 0.002956
328.900146 0.001933
634.202148 0.072600
390.105621 0.002617
939.116638 0.783448
453.747742 0.004341
400.600983 0.002801
404.485046 0.002877
407.853394 0.002946
463.331421 0.004787
599.539734 0.037784
518.263916 0.009513
511.546753 0.008644
739.885559 0.359917
436.990387 0.003712
597.180115 0.036151
300.890808 0.001755
516.454529 0.009268
642.485474 0.084667
937.069397 0.781892
629.356384 0.066299
473.526184 0.005349
318.658722 0.001861
1285.562622 0.881165
508.421478 0.008277
329.979095 0.001941
580.681396 0.026657
866.741699 0.704316
425.654114 0.003373
662.626709 0.121596
524.155518 0.010373
475.654541 0.005480
441.722015 0.003873
717.035828 0.277758
806.950317 0.580272
396.874084 0.002733
480.213348 0.005777
633.329712 0.071426
378.496429 0.002443
615.530579 0.051077
706.328308 0.241382
417.152191 0.003155
569.424988 0.021781
430.441040 0.003509
425.149475 0.003359
466.852509 0.004970
1393.583008 0.893393
537.535645 0.012743
705.944824 0.240119
742.937134 0.371054
837.603149 0.652478
624.583252 0.060603
369.763000 0.002328
459.531219 0.004602
365.842590 0.002281
838.196655 0.653687
645.039001 0.088736
523.725586 0.010307
514.208313 0.008975
401.103424 0.002811
430.510345 0.003511
568.902344 0.021580
505.682312 0.007973
516.639038 0.009292
868.118286 0.706414
766.958252 0.456835
888.976990 0.734905
520.163086 0.009779
490.759460 0.006563
597.338440 0.036258
346.198029 0.002076
500.676544 0.007455
538.090759 0.012855
473.532257 0.005350
1422.491699 0.896303
537.069702 0.012649
423.281403 0.003309
650.096802 0.097305
2590.934326 0.944637
740.914124 0.363671
320.517517 0.001874
453.515900 0.004331
783.788147 0.512537
578.531372 0.025637
622.790344 0.058587
452.968414 0.004308
459.379364 0.004595
599.169678 0.037522
589.834351 0.031533
740.882690 0.363557
479.255890 0.005712
1534.389038 0.906404
360.914734 0.002225
725.324951 0.307084
377.419861 0.002428
532.591248 0.011793
1640.224976 0.914459
311.115479 0.001813
499.581482 0.007349
786.901306 0.522281
330.014771 0.001942
388.339569 0.002589
741.556702 0.366017
335.201294 0.001982
945.049988 0.787792
898.699219 0.746279
482.147675 0.005910
1023.604248 0.828349
416.608582 0.003142
534.056885 0.012065
1701.348877 0.918515
352.827606 0.002140
610.967285 0.046856
391.969421 0.002648
602.375061 0.039849
688.372437 0.185860
749.720032 0.395723
477.045105 0.005568
1412.607178 0.895323
763.029175 0.443195
499.295044 0.007321
916.949829 0.764878
817.579773 0.607543
889.443665 0.735476
489.280090 0.006444
747.618713 0.388101
399.915009 0.002789
533.099792 0.011886
559.282104 0.018250
422.686371 0.003294
675.950623 0.152440
439.557281 0.003798
1084.286377 0.846830
1103.404419 0.851395
550.079590 0.015621
465.769531 0.004913
434.752136 0.003641
648.372986 0.094307
397.444153 0.002743
345.853638 0.002073
1035.139282 0.832454
453.318817 0.004323
522.626343 0.010140
506.502747 0.008062
435.207581 0.003655
668.492371 0.134529
485.331940 0.006140
271.416809 0.001617
678.475952 0.158876
348.601166 0.002099
497.208008 0.007124
287.835724 0.001689
954.127380 0.793993
487.835815 0.006330
670.071289 0.138184
893.130249 0.739899
580.604492 0.026620
1016.473145 0.825634
496.453339 0.007055
857.646973 0.689702
715.908813 0.273839
455.701447 0.004426
538.251953 0.012888
514.799011 0.009051
588.316345 0.030661
536.141418 0.012465
539.235413 0.013091
691.877380 0.196067
362.652710 0.002244
644.632935 0.088078
965.666382 0.801176
589.716858 0.031465
536.313904 0.012499
406.411743 0.002916
501.066101 0.007494
1573.267090 0.909522
717.659180 0.279933
771.025391 0.470725
300.580963 0.001753
536.697632 0.012575
904.774170 0.752846
850.140503 0.676607
323.331360 0.001893
1217.867432 0.872014
943.347168 0.786569
492.741730 0.006729
710.003723 0.253639
701.733154 0.226448
598.075806 0.036762
370.173401 0.002333
453.958801 0.004350
354.417419 0.002156
552.940369 0.016386
307.899414 0.001794
842.612305 0.662470
337.761230 0.002003
1763.818970 0.922247
577.252319 0.025052
836.642944 0.650508
538.197327 0.012877
282.806580 0.001665
612.806519 0.048513
564.549927 0.019992
565.985474 0.020501
536.021851 0.012442
703.402283 0.231820
432.613495 0.003574
592.863037 0.033355
418.611877 0.003190
1943.013794 0.930884
645.974365 0.090269
397.873199 0.002751
438.304993 0.003756
430.035858 0.003497
1213.631470 0.871388
411.630280 0.003027
566.718872 0.020766
516.328918 0.009251
490.633179 0.006553
688.594727 0.186497
433.420135 0.003599
746.220337 0.383017
775.214783 0.484762
447.360931 0.004081
512.956543 0.008817
402.643127 0.002841
556.634277 0.017442
430.541809 0.003512
839.252991 0.655822
374.602234 0.002390
1944.168457 0.930931
504.180908 0.007812
396.164185 0.002720
412.851837 0.003055
559.507996 0.018321
355.856964 0.002171
550.606995 0.015759
505.768311 0.007982
404.291718 0.002873
418.421082 0.003186
745.889954 0.381815
516.539490 0.009279
577.252258 0.025051
1436.498291 0.897665
507.196228 0.008139
1146.545776 0.860259
1258.045166 0.877621
454.960236 0.004394
672.019958 0.142796
467.154785 0.004987
454.840302 0.004388
886.668152 0.732037
414.451996 0.003091
586.130493 0.029451
511.927490 0.008691
662.056030 0.120392
1022.407593 0.827903
572.053284 0.022821
716.567932 0.276128
1872.825684 0.927841
726.889771 0.312703
1338.424561 0.887444
794.342346 0.544786
543.448914 0.014009
759.911560 0.432232
589.357361 0.031256
531.538940 0.011603
480.514557 0.005797
647.862000 0.093434
422.993896 0.003302
841.069092 0.659443
836.620728 0.650462
407.044098 0.002929
440.710968 0.003838
463.744385 0.004808
428.738434 0.003460
516.735474 0.009305
416.025970 0.003128
652.249878 0.101163
497.388428 0.007141
507.994049 0.008228
731.577454 0.329646
608.646179 0.044846
313.360901 0.001827
478.595123 0.005668
426.290558 0.003391
1106.237671 0.852034
601.666870 0.039322
940.202209 0.784261
391.075195 0.002633
425.776794 0.003376
624.789551 0.060839
499.385437 0.007330
756.714294 0.420878
503.340607 0.007725
1116.261353 0.854223
341.415314 0.002034
500.020477 0.007391
409.446991 0.002980
379.478760 0.002456
440.071930 0.003816
464.687256 0.004856
525.194092 0.010536
1018.381226 0.826374
1043.041260 0.835082
347.729645 0.002091
309.728394 0.001805
417.290649 0.003158
584.503540 0.028584
784.425232 0.514546
853.513062 0.682611
540.038208 0.013260
529.268066 0.011205
559.738037 0.018393
391.658173 0.002643
633.705383 0.071929
623.314453 0.059169
476.537689 0.005536
757.630737 0.424144
378.667908 0.002445
1178.898193 0.865942
749.984924 0.396682
531.709961 0.011633
475.814056 0.005490
726.307922 0.310611
358.916260 0.002203
811.812683 0.593048
447.592712 0.004090
1200.199341 0.869351
881.718445 0.725660
1245.839722 0.875977
1196.260376 0.868738
391.222504 0.002636
357.404846 0.002187
801.290222 0.564760
888.549316 0.734379
328.473602 0.001930
505.522125 0.007955
582.079590 0.027345
543.442444 0.014008
448.510010 0.004126
374.714050 0.002391
417.484985 0.003163
373.225342 0.002372
1131.566895 0.857374
861.740601 0.696444
433.032532 0.003587
416.725098 0.003145
846.934998 0.670714
551.965698 0.016121
404.097443 0.002869
1878.417236 0.928099
811.113770 0.591243
647.628418 0.093037
384.057587 0.002523
566.719055 0.020766
1023.983826 0.828489
1395.411621 0.893581
1221.960815 0.872612
524.664795 0.010453
424.017273 0.003329
1032.318359 0.831481
739.294678 0.357759
775.784546 0.486649
557.634644 0.017742
372.413177 0.002361
878.934814 0.721932
465.131409 0.004880
408.408386 0.002957
378.345947 0.002440
441.853271 0.003878
821.825439 0.617762
507.304688 0.008151
358.253052 0.002196
451.231171 0.004235
454.454742 0.004372
367.516876 0.002301
374.164490 0.002384
549.768677 0.015541
868.917725 0.707620
495.278656 0.006949
575.744751 0.024380
575.373840 0.024218
723.923035 0.302070
955.285828 0.794748
451.245544 0.004236
635.568970 0.074476
419.969116 0.003224
423.740723 0.003321
823.915100 0.622652
367.605377 0.002302
350.918671 0.002121
564.744568 0.020060
532.084595 0.011701
812.361450 0.594458
471.780884 0.005246
518.621521 0.009562
548.461182 0.015207
544.502930 0.014251
765.672485 0.452394
515.921814 0.009197
841.811646 0.660905
617.658264 0.053173
621.498474 0.057175
1062.962402 0.841128
500.799072 0.007467
723.381958 0.300140
718.834534 0.284049
981.649170 0.810000
627.575378 0.064116
652.567017 0.101743
412.074432 0.003037
480.570526 0.005801
421.053986 0.003251
1358.111572 0.889631
499.328491 0.007324
849.459595 0.675371
377.216003 0.002425
676.135559 0.152905
477.341858 0.005587
558.588440 0.018034
581.767944 0.027190
546.116516 0.014632
1057.491821 0.839544
493.798035 0.006819
615.375977 0.050928
519.058472 0.009623
540.369934 0.013331
381.547546 0.002486
506.666626 0.008080
302.186554 0.001762
510.314514 0.008497
1280.281250 0.880501
935.731689 0.780860
600.201050 0.038255
569.826416 0.021936
283.775452 0.001670
658.791504 0.113685
457.038788 0.004486
602.764343 0.040142
932.919739 0.778646
450.061523 0.004188
459.862213 0.004617
611.018433 0.046901
437.840790 0.003740
330.825073 0.001948
462.123566 0.004727
602.829956 0.040191
407.590027 0.002940
1922.524414 0.930038
562.280701 0.019219
334.992706 0.001980
591.042847 0.032247
703.401855 0.231818
518.369690 0.009527
430.537292 0.003512
408.113647 0.002951
888.286133 0.734054
315.339142 0.001840
402.142029 0.002831
455.680878 0.004425
573.570984 0.023448
690.070496 0.190764
634.855774 0.073492
464.130219 0.004828
448.111877 0.004110
580.635315 0.026635
600.756531 0.038656
503.337433 0.007724
567.195496 0.020941
748.022522 0.389568
679.623230 0.161861
378.211792 0.002439
488.337006 0.006369
790.851318 0.534368
634.162415 0.072546
719.209351 0.285366
566.242188 0.020593
520.125183 0.009774
660.635559 0.117436
1229.248779 0.873661
775.960999 0.487232
826.425537 0.628407
721.223755 0.292472
2247.806152 0.940018
514.160767 0.008969
562.282227 0.019219
621.091858 0.056738
636.265503 0.075449
519.437744 0.009676
444.627258 0.003978
1001.658386 0.819505
683.758972 0.172936
575.793701 0.024402
352.274567 0.002134
664.827515 0.126330
783.090637 0.510328
415.394684 0.003113
767.480835 0.458634
502.364594 0.007624
531.590271 0.011612
570.244629 0.022099
604.651306 0.041593
284.536499 0.001673
425.674805 0.003374
895.486084 0.742641
400.723938 0.002804
632.297913 0.070060
282.322479 0.001663
531.185425 0.011540
1010.679443 0.823320
726.510864 0.311340
404.244141 0.002872
613.039001 0.048727
653.987305 0.104371
418.451874 0.003186
646.290039 0.090792
311.275787 0.001814
503.946960 0.007788
463.060730 0.004774
433.280365 0.003595
498.049805 0.007203
362.922394 0.002247
1041.736816 0.834658
477.884583 0.005622
342.449677 0.002043
405.659088 0.002901
830.312622 0.637063
506.807343 0.008096
441.842865 0.003877
671.272522 0.141014
361.028595 0.002226
335.097107 0.001981
923.862854 0.771099
441.377411 0.003861
658.983887 0.114071
241.613892 0.001515
896.179749 0.743436
465.991699 0.004925
536.605957 0.012557
808.474792 0.584332
749.578308 0.395210
525.047791 0.010513
762.354980 0.440834
412.024292 0.003036
492.776886 0.006732
514.378723 0.008997
781.638306 0.505699
1042.941406 0.835050
480.507416 0.005796
775.171875 0.484620
399.277710 0.002777
365.357452 0.002275
418.799316 0.003195
577.700928 0.025255
1021.772583 0.827665
691.548767 0.195096
1055.868896 0.839063
410.953705 0.003012
414.919769 0.003102
422.667450 0.003293
1417.576050 0.895817
705.412476 0.238370
796.136658 0.550042
959.659729 0.797530
301.085785 0.001756
426.358490 0.003392
618.969666 0.054508
844.549744 0.666208
1317.957520 0.885087
436.430695 0.003694
848.894226 0.674338
504.101685 0.007804
845.990295 0.668942
505.312744 0.007933
529.838928 0.011304
439.588989 0.003799
1534.222900 0.906391
389.746857 0.002611
616.552002 0.052073
1068.082153 0.842564
411.327087 0.003021
410.341644 0.002999
325.125549 0.001906
1241.534912 0.875385
451.389099 0.004242
403.526886 0.002858
597.487793 0.036359
937.556885 0.782265
338.209259 0.002007
360.946686 0.002225
549.558105 0.015486
879.875000 0.723203
1107.126343 0.852232
507.552643 0.008179
783.307251 0.511015
668.683411 0.134968
560.767700 0.018723
861.705444 0.696388
398.543549 0.002763
430.929138 0.003524
378.270752 0.002439
340.982941 0.002030
1115.054199 0.853965
401.803864 0.002824
521.110168 0.009916
734.479553 0.340197
611.540894 0.047366
500.344940 0.007423
367.493561 0.002300
399.187073 0.002775
931.436340 0.777454
655.900635 0.108002
409.815460 0.002988
1493.917969 0.902951
670.182922 0.138445
1378.927246 0.891865
877.544861 0.720031
726.337708 0.310718
478.539246 0.005665
630.435303 0.067656
738.004211 0.353049
678.526794 0.159007
1249.522095 0.876478
336.376373 0.001991
449.115936 0.004150
499.820618 0.007372
646.341858 0.090878
663.281128 0.122989
401.073120 0.002810
1614.945312 0.912657
359.869171 0.002213
380.639893 0.002473
636.751770 0.076135
430.229950 0.003503
1022.366028 0.827887
470.466949 0.005170
545.542236 0.014495
486.013916 0.006191
686.434082 0.180358
648.208679 0.094025
767.179932 0.457599
609.175049 0.045296
484.712280 0.006094
538.351196 0.012909
845.460693 0.667941
444.316986 0.003966
465.103607 0.004878
827.227905 0.630219
659.788086 0.115700
555.518860 0.017115
412.941467 0.003057
603.396790 0.040622
594.363037 0.034299
556.020569 0.017261
348.693909 0.002100
1558.075195 0.908326
371.850159 0.002354
689.115784 0.187997
424.332275 0.003337
593.776123 0.033926
526.294983 0.010711
482.067169 0.005904
431.452332 0.003539
347.003754 0.002084
598.373047 0.036967
456.444611 0.004460
574.131897 0.023685
424.332825 0.003337
601.671143 0.039325
403.563080 0.002859
295.393890 0.001726
525.541931 0.010591
1364.028809 0.890274
1113.718018 0.853678
561.145630 0.018845
365.193542 0.002273
915.116333 0.763157
506.547760 0.008067
947.601257 0.789587
1106.359253 0.852061
1244.870117 0.875844
366.833221 0.002292
1382.530518 0.892244
362.598694 0.002243
436.366364 0.003692
783.617737 0.511998
385.047455 0.002538
480.362610 0.005787
395.667603 0.002711
402.189423 0.002832
532.492737 0.011775
451.773193 0.004258
754.535278 0.413083
520.705750 0.009857
535.785400 0.012396
465.101227 0.004878
373.513031 0.002376
638.564697 0.078745
456.252747 0.004451
733.581238 0.336927
393.519043 0.002674
650.040161 0.097205
713.723450 0.266296
521.966797 0.010042
952.726501 0.793069
507.983978 0.008227
576.306335 0.024628
421.034546 0.003251
565.815918 0.020440
476.709991 0.005546
506.407562 0.008052
437.732971 0.003737
460.505615 0.004648
803.783936 0.571679
915.668152 0.763678
534.070190 0.012067
624.618103 0.060642
582.259949 0.027435
620.381592 0.055982
766.455139 0.455100
505.423676 0.007945
713.686584 0.266169
517.077332 0.009351
1918.323730 0.929860
420.030823 0.003226
616.711365 0.052230
789.163635 0.529242
870.702026 0.710276
590.206848 0.031751
710.019653 0.253692
397.544342 0.002745
833.861450 0.644698
670.940491 0.140227
450.653076 0.004212
1075.742920 0.844631
453.440796 0.004328
421.001831 0.003250
423.704224 0.003320
468.948029 0.005085
379.753052 0.002460
647.409119 0.092666
860.718872 0.694787
692.763977 0.198701
614.584229 0.050171
2048.502441 0.934734
404.200958 0.002871
500.003052 0.007389
479.401062 0.005722
428.081177 0.003441
742.905884 0.370940
428.719177 0.003459
608.518066 0.044738
418.031219 0.003176
1204.902710 0.870073
753.307861 0.408674
633.572632 0.071751
423.530121 0.003316
429.694824 0.003487
522.869324 0.010177
459.239532 0.004588
530.919861 0.011493
966.565552 0.801706
480.501099 0.005796
407.557068 0.002940
367.129822 0.002296
627.359985 0.063857
756.654114 0.420664
537.542480 0.012744
423.833832 0.003324
456.287445 0.004452
905.158264 0.753248
571.365540 0.022543
416.637238 0.003142
512.057129 0.008706
578.856262 0.025789
816.593079 0.605113
407.807648 0.002945
685.733093 0.178394
535.474854 0.012335
638.101746 0.078071
512.302246 0.008736
492.506744 0.006709
648.072266 0.093792
327.783173 0.001925
403.321747 0.002854
582.864563 0.027740
572.290833 0.022918
382.871094 0.002505
469.073090 0.005092
504.333282 0.007828
391.633698 0.002642
438.345032 0.003757
1142.332642 0.859466
574.312256 0.023761
1408.644775 0.894926
582.673340 0.027643
450.156281 0.004192
898.921753 0.746526
941.014709 0.784864
472.540955 0.005291
836.918457 0.651075
582.045898 0.027328
637.232544 0.076820
573.004028 0.023212
438.212097 0.003753
1512.523438 0.904566
558.069946 0.017875
406.948151 0.002927
775.420532 0.485444
1420.978394 0.896154
402.840363 0.002844
512.174011 0.008721
1220.539062 0.872405
1041.369507 0.834538
1065.938110 0.841968
713.879150 0.266831
432.369141 0.003567
828.034302 0.632027
419.083374 0.003202
576.973145 0.024926
614.613403 0.050199
427.333405 0.003420
1125.606934 0.856173
407.509460 0.002939
392.344604 0.002654
713.489685 0.265493
456.958801 0.004483
284.585968 0.001674
522.874023 0.010178
1024.476318 0.828671
524.768677 0.010469
516.556335 0.009281
347.787567 0.002091
568.306335 0.021354
997.437866 0.817626
401.089355 0.002811
849.291870 0.675065
602.308716 0.039799
415.344391 0.003112
789.948242 0.531632
582.282227 0.027446
621.798828 0.057501
631.626648 0.069185
532.391296 0.011757
540.700684 0.013402
267.491150 0.001602
682.185120 0.168663
641.082153 0.082503
716.435913 0.275669
657.045898 0.110224
546.649109 0.014760
439.842682 0.003808
832.639038 0.642097
421.304382 0.003258
707.355591 0.244781
712.678284 0.262715
710.722534 0.256066
409.673126 0.002984
1034.724609 0.832312
412.552216 0.003048
1112.046387 0.853316
1278.512573 0.880277
864.288025 0.700503
584.740784 0.028709
378.280823 0.002440
448.217407 0.004114
476.495544 0.005533
813.027588 0.596160
681.472717 0.166753
463.227661 0.004782
737.099304 0.349747
445.615204 0.004015
710.741028 0.256128
937.281677 0.782055
778.991455 0.497161
1027.239868 0.829679
542.702820 0.013841
435.926819 0.003678
464.375793 0.004840
429.751740 0.003489
394.042542 0.002683
1244.400391 0.875780
352.225342 0.002134
578.759766 0.025744
570.622864 0.022248
433.802399 0.003611
455.699799 0.004426
414.289398 0.003087
474.084259 0.005383
1802.570190 0.924364
332.990601 0.001964
515.849060 0.009187
588.030884 0.030500
952.601990 0.792987
523.381958 0.010255
535.994934 0.012437
511.812592 0.008677
432.158447 0.003560
447.141296 0.004073
416.753326 0.003145
855.241882 0.685612
493.190521 0.006767
454.696747 0.004382
1021.249756 0.827468
890.908447 0.737253
1048.201172 0.836724
605.307556 0.042110
421.623718 0.003266
1257.252808 0.877515
514.281372 0.008984
596.649963 0.035794
446.714050 0.004056
489.734192 0.006480
559.901367 0.018445
897.163330 0.744555
538.594604 0.012959
647.546631 0.092899
396.794281 0.002731
558.483093 0.018002
468.005493 0.005033
353.276031 0.002144
485.621307 0.006161
767.027710 0.457075
1923.005737 0.930058
789.979126 0.531726
440.297241 0.003823
515.157349 0.009097
389.949280 0.002615
596.352966 0.035596
522.587646 0.010135
428.530151 0.003454
726.031494 0.309618
434.827179 0.003643
487.956146 0.006339
456.697632 0.004471
675.771912 0.151992
680.487793 0.164135
376.101288 0.002410
493.593903 0.006802
774.558533 0.482583
704.826294 0.236451
488.221619 0.006360
352.440918 0.002136
579.749634 0.026210
1207.560181 0.870477
499.591583 0.007350
698.508911 0.216249
1090.648804 0.848402
438.082245 0.003748
319.986511 0.001870
682.584778 0.169742
352.675568 0.002138
399.418304 0.002779
620.043152 0.055625
260.122223 0.001575
827.728638 0.631343
604.406494 0.041401
785.301514 0.517297
452.631348 0.004294
331.203125 0.001951
468.000702 0.005032
1540.278809 0.906889
493.217438 0.006769
1153.303345 0.861504
486.669037 0.006240
480.673004 0.005808
678.173157 0.158094
446.195618 0.004037
474.597992 0.005415
802.138245 0.567128
630.121582 0.067259
875.538330 0.717240
681.394958 0.166545
455.961609 0.004438
476.112488 0.005509
404.215820 0.002872
1191.183472 0.867936
583.661804 0.028147
672.902893 0.144923
742.219666 0.368436
622.027588 0.057749
757.169067 0.422500
466.826996 0.004969
321.358704 0.001879
619.490845 0.055047
626.328491 0.062629
1003.841492 0.820453
540.955383 0.013457
1632.162720 0.913892
1025.161865 0.828923
551.515686 0.016000
294.135132 0.001719
567.296814 0.020978
532.591187 0.011793
563.217834 0.019534
578.157349 0.025465
495.381439 0.006959
645.570251 0.089604
563.325439 0.019570
429.578186 0.003484
418.492249 0.003187
745.247681 0.379476
352.971436 0.002141
549.972900 0.015593
677.040833 0.155196
980.311523 0.809306
641.065186 0.082477
697.452698 0.212962
511.760345 0.008670
2110.464111 0.936633
475.316895 0.005459
745.837646 0.381624
1070.984497 0.843358
684.318237 0.174471
1921.146851 0.929980
1208.280273 0.870586
393.746643 0.002678
289.366913 0.001696
633.148560 0.071184
550.575195 0.015750
718.362610 0.282394
325.865875 0.001911
670.369446 0.138883
696.562317 0.210211
414.336456 0.003088
341.380096 0.002033
727.516113 0.314957
456.558655 0.004465
592.936157 0.033400
737.414734 0.350898
520.186462 0.009783
396.235168 0.002722
645.016052 0.088699
510.724426 0.008545
861.292969 0.695720
1195.717285 0.868653
547.992065 0.015090
716.654541 0.276430
510.769409 0.008551
312.359772 0.001821
373.134460 0.002371
1911.839233 0.929583
341.072906 0.002031
475.724701 0.005484
471.498444 0.005230
360.173828 0.002216
349.088196 0.002103
1318.542725 0.885156
572.081909 0.022833
804.613098 0.573950
524.167908 0.010375
455.102753 0.004400
494.996246 0.006924
797.157043 0.553001
409.548096 0.002982
960.361511 0.797966
558.771057 0.018091
461.677002 0.004705
1038.626831 0.833631
1062.182983 0.840906
403.224915 0.002852
369.954010 0.002330
882.634399 0.726864
438.218903 0.003753
525.825562 0.010636
528.362610 0.011052
366.637024 0.002290
872.118591 0.712351
932.487610 0.778300
1153.568604 0.861552
633.106750 0.071129
874.015930 0.715084
470.836761 0.005191
655.039429 0.106355
1663.607422 0.916060
471.434204 0.005226
551.213806 0.015919
316.548950 0.001847
619.579895 0.055140
810.259216 0.589021
1160.070557 0.862718
412.583282 0.003048
579.529846 0.026106
1277.833252 0.880191
503.013824 0.007691
564.900208 0.020115
653.920410 0.104246
428.546509 0.003454
466.779846 0.004966
584.070740 0.028358
593.362427 0.033666
672.118591 0.143033
567.397522 0.021015
545.521790 0.014490
512.052734 0.008706
639.775452 0.080532
812.113586 0.593822
1022.309998 0.827866
902.881958 0.750843
805.544739 0.576484
373.252380 0.002372
945.074890 0.787809
1503.658569 0.903802
652.009216 0.100726
496.849243 0.007091
528.842529 0.011133
593.636108 0.033838
485.484375 0.006151
401.175293 0.002812
434.763672 0.003641
642.882568 0.085289
340.336517 0.002024
583.489258 0.028058
515.899963 0.009194
513.429749 0.008876
467.875641 0.005026
585.068298 0.028882
876.169495 0.718124
370.892700 0.002342
448.320221 0.004118
352.335358 0.002135
739.512573 0.358555
413.237671 0.003063
418.980164 0.003199
892.034607 0.738602
674.651001 0.149201
659.974487 0.116080
533.556946 0.011971
576.301331 0.024626
557.781616 0.017787
803.264465 0.570249
895.156311 0.742261
876.544983 0.718647
348.220520 0.002095
1263.438110 0.878332
614.456543 0.050050
655.508606 0.107249
308.839966 0.001800
762.779419 0.442321
642.695312 0.084995
1282.489380 0.880780
474.924438 0.005435
375.930054 0.002408
899.377869 0.747032
506.518219 0.008064
444.213806 0.003963
416.173950 0.003131
358.554138 0.002199
506.621429 0.008075
550.100159 0.015626
560.262512 0.018560
504.020874 0.007795
865.161133 0.701871
724.641479 0.304637
913.142700 0.761269
594.209045 0.034201
606.034119 0.042690
709.182434 0.250877
341.007538 0.002030
724.230042 0.303166
797.696594 0.554556
445.397919 0.004006
781.479126 0.505189
734.800354 0.341365
713.065369 0.264039
322.119720 0.001885
413.648438 0.003073
388.361786 0.002589
428.672729 0.003458
421.622284 0.003266
547.772888 0.015036
456.522980 0.004463
393.689331 0.002677
737.140198 0.349896
900.554443 0.748326
1507.871704 0.904166
1036.284058 0.832844
764.307861 0.447656
457.604218 0.004512
701.204102 0.224758
612.752563 0.048464
961.125610 0.798437
743.847656 0.374375
474.234863 0.005392
556.509705 0.017406
938.948303 0.783321
394.530518 0.002692
624.215454 0.060184
1034.050659 0.832081
492.920319 0.006744
431.676422 0.003546
1392.323364 0.893263
601.013428 0.038843
679.424622 0.161341
646.728882 0.091523
384.263947 0.002526
577.688843 0.025250
504.336823 0.007829
501.780487 0.007565
413.375671 0.003066
698.930603 0.217569
851.019287 0.678191
1087.671875 0.847673
664.874756 0.126433
1007.906494 0.822175
1247.187134 0.876160
681.695007 0.167347
452.717468 0.004297
810.605957 0.589925
671.238892 0.140934
460.158020 0.004632
1289.252563 0.881625
392.225281 0.002652
627.177490 0.063638
1095.895874 0.849657
556.759460 0.017480
491.610809 0.006634
888.975281 0.734903
410.457184 0.003001
572.089783 0.022836
667.122070 0.131417
897.210266 0.744608
779.784729 0.499734
490.675079 0.006556
992.730042 0.815454
420.069763 0.003227
489.409088 0.006454
363.924164 0.002258
522.318054 0.010094
445.828033 0.004023
735.390442 0.343515
333.613953 0.001969
702.953796 0.230370
1055.834473 0.839053
677.341553 0.155962
1067.234375 0.842329
1024.936768 0.828840
896.126770 0.743376
513.118896 0.008838
423.157990 0.003306
547.592346 0.014991
322.759644 0.001889
757.361755 0.423186
500.011749 0.007390
953.446106 0.793545
821.506226 0.617007
446.712189 0.004056
520.541321 0.009834
427.925812 0.003436
619.264648 0.054813
421.339996 0.003259
584.748535 0.028713
1107.653687 0.852350
694.579529 0.204157
414.602753 0.003095
746.140015 0.382725
998.734802 0.818211
414.110565 0.003083
918.800354 0.766584
832.154907 0.641058
631.678284 0.069252
670.170471 0.138416
638.544556 0.078715
1510.787476 0.904417
514.772339 0.009047
484.402374 0.006071
517.621094 0.009425
441.441162 0.003863
522.763794 0.010161
564.405029 0.019942
396.437592 0.002725
532.218933 0.011725
511.730408 0.008667
487.490936 0.006303
609.935364 0.045951
676.887207 0.154805
408.832764 0.002966
672.214722 0.143263
978.300110 0.808249
639.042786 0.079446
461.213470 0.004682
695.567505 0.207161
386.212494 0.002556
400.284149 0.002795
408.753418 0.002965
1092.471313 0.848842
664.307068 0.125198
535.546753 0.012349
594.598694 0.034450
575.510315 0.024278
556.721497 0.017468
472.854767 0.005309
505.099426 0.007910
1060.094727 0.840305
525.323914 0.010556
371.941406 0.002355
751.752563 0.403071
526.828552 0.010798
475.258850 0.005455
410.088867 0.002993
687.015686 0.181998
420.030853 0.003226
921.112610 0.768674
518.190613 0.009503
1148.824219 0.860683
469.921387 0.005139
368.693604 0.002315
636.537048 0.075832
679.972168 0.162776
325.282654 0.001907
445.358948 0.004005
544.122009 0.014163
372.388702 0.002361
643.644531 0.086493
1121.366943 0.855299
344.157745 0.002058
540.069824 0.013267
500.659760 0.007454
276.280579 0.001637
768.219238 0.461168
666.303162 0.129584
383.180908 0.002510
572.393555 0.022960
579.008972 0.025860
1219.013306 0.872182
763.988037 0.446542
529.007568 0.011161
350.114227 0.002113
395.716064 0.002712
568.644043 0.021482
508.445679 0.008280
567.276611 0.020971
1052.422607 0.838026
633.900269 0.072192
366.613342 0.002290
438.980438 0.003778
1663.248169 0.916036
433.593018 0.003604
691.566101 0.195147
1989.326416 0.932676
1156.095093 0.862009
788.891174 0.528409
1249.098755 0.876420
564.118835 0.019843
556.558899 0.017420
399.761810 0.002786
637.989014 0.077907
785.373291 0.517522
730.267395 0.324896
722.510681 0.297038
675.513672 0.151346
924.765076 0.771880
350.004150 0.002112
466.188141 0.004935
725.376831 0.307270
465.611969 0.004905
956.808777 0.795729
688.520691 0.186285
638.210571 0.078229
526.288330 0.010710
760.713745 0.435064
784.003418 0.513216
859.958435 0.693543
468.206268 0.005044
426.284424 0.003390
580.978821 0.026802
633.863953 0.072143
425.353149 0.003365
326.907074 0.001919
566.160400 0.020563
413.491913 0.003069
771.563416 0.472544
627.433716 0.063946
1990.939087 0.932735
941.908203 0.785521
416.576935 0.003141
659.864502 0.115855
808.547119 0.584524
499.517090 0.007342
423.865051 0.003325
581.580933 0.027097
432.560760 0.003573
1103.131470 0.851333
579.581909 0.026130
612.206543 0.047966
489.462341 0.006458
477.183807 0.005577
1789.302856 0.923655
1014.725525 0.824946
483.333221 0.005994
1386.507324 0.892660
375.765289 0.002405
454.165344 0.004359
476.653717 0.005543
318.596283 0.001861
771.839722 0.473476
584.091431 0.028369
