792.775513 0.652164
1169.808716 0.709115
733.542664 0.616890
5508.958984 0.891899
695.559143 0.581374
948.880676 0.690323
793.644714 0.652549
730.208984 0.614256
1166.020020 0.708850
792.608887 0.652090
797.945801 0.654412
1256.023193 0.715250
670.848755 0.550592
982.160278 0.694168
1087.842773 0.703276
854.595886 0.673246
1142.846069 0.707226
686.842896 0.571294
743.264038 0.624113
821.853088 0.663530
617.900208 0.458373
878.458801 0.678799
1163.684448 0.708686
815.707642 0.661372
901.868652 0.683304
756.064026 0.632662
805.324951 0.657441
656.992065 0.530139
607.640381 0.435962
747.790649 0.627255
914.879700 0.685482
768.528320 0.640049
786.911072 0.649480
771.209961 0.641528
747.386780 0.626980
1562.012329 0.741790
1110.838379 0.704954
722.259827 0.607630
877.290100 0.678551
687.988831 0.572665
862.252930 0.675149
884.010498 0.679943
2963.850098 0.887924
740.738037 0.622299
691.183594 0.576414
562.332520 0.322093
2214.091309 0.821687
666.357788 0.544230
1336.407593 0.721372
812.168945 0.660074
777.357666 0.644782
799.337158 0.654999
932.993469 0.688198
783.695374 0.647945
706.812012 0.593243
865.063110 0.675817
673.393738 0.554087
784.521423 0.648344
633.359497 0.489331
538.891541 0.258362
772.372070 0.642158
816.092407 0.661510
727.635986 0.612166
1338.505249 0.721539
638.965942 0.499716
1029.043701 0.698613
898.520874 0.682708
1079.938477 0.702686
795.555176 0.653386
686.761780 0.571196
860.105652 0.674627
817.470154 0.662003
866.461121 0.676144
1323.540894 0.720357
1069.245361 0.701873
810.090698 0.659291
1065.315674 0.701569
2112.258545 0.808718
1143.661133 0.707283
717.338257 0.603271
1337.749146 0.721479
793.867004 0.652647
829.411499 0.666027
691.366089 0.576625
792.476624 0.652031
587.951416 0.389075
628.950073 0.480849
835.501099 0.667920
1569.966553 0.742605
1821.429077 0.771306
1041.206055 0.699640
663.909424 0.540655
619.354126 0.461430
918.960693 0.686124
689.772461 0.574772
755.244141 0.632145
919.761047 0.686248
1162.238525 0.708585
1517.151123 0.737319
1613.674438 0.747190
807.002991 0.658102
1031.199951 0.698798
1247.091919 0.714599
969.494385 0.692789
918.235291 0.686012
709.709106 0.596102
753.638916 0.631121
781.351440 0.646797
805.052368 0.657333
785.614929 0.648867
1080.656616 0.702740
438.281860 0.058267
1148.967896 0.707656
620.266113 0.463332
874.820862 0.678021
684.297485 0.568195
999.152039 0.695885
859.197144 0.674404
785.447327 0.648787
918.482178 0.686050
805.020508 0.657320
1030.508423 0.698739
822.412231 0.663721
744.141418 0.624732
1310.270996 0.719325
821.085144 0.663267
999.134521 0.695884
608.421875 0.437721
764.820312 0.637941
657.417908 0.530804
608.785767 0.438536
567.334473 0.335545
633.385925 0.489381
898.792175 0.682757
755.427734 0.632261
727.149414 0.611765
671.160095 0.551023
801.068481 0.655719
955.076111 0.691096
721.969971 0.607379
882.140442 0.679563
1007.097961 0.696643
1129.502075 0.706285
661.507690 0.537074
646.805054 0.513495
694.147461 0.579795
614.053467 0.450142
2056.378418 0.801465
704.892700 0.591305
713.916382 0.600119
732.343689 0.615952
995.422485 0.695520
639.683105 0.501012
1040.042603 0.699543
912.929199 0.685169
1157.138550 0.708228
757.350342 0.633465
925.014709 0.687044
965.839355 0.692373
1031.701416 0.698841
765.263550 0.638197
1269.607300 0.716250
685.431458 0.569584
664.521973 0.541556
672.657104 0.553083
837.871521 0.668630
825.958435 0.664907
719.439026 0.605157
944.430725 0.689749
697.455017 0.583461
1102.857056 0.704378
1192.989990 0.710740
678.346924 0.560667
1319.303101 0.720026
1554.550415 0.741032
950.799500 0.690566
767.404724 0.639418
3260.575684 0.897959
707.107788 0.593538
696.852112 0.582801
708.668396 0.595084
793.557861 0.652511
541.782410 0.266191
1005.162109 0.696461
974.069824 0.693298
846.896545 0.671203
1377.149292 0.724685
711.902283 0.598216
1644.731812 0.750561
680.413879 0.563328
1851.950195 0.775112
735.553162 0.618439
811.052185 0.659655
1455.450806 0.731505
919.540771 0.686214
1147.991333 0.707587
814.488525 0.660929
960.835510 0.691789
1088.648071 0.703336
831.661621 0.666738
805.818481 0.657637
656.111511 0.528755
948.334106 0.690254
828.145508 0.665620
988.857605 0.694862
1559.414307 0.741526
995.647827 0.695543
755.881348 0.632547
965.422241 0.692325
1018.150696 0.697656
1444.300781 0.730496
1794.492798 0.767993
677.430786 0.559472
947.974609 0.690208
613.852478 0.449706
796.250610 0.653687
679.942566 0.562725
867.013000 0.676272
1898.023804 0.780947
702.450623 0.588789
594.327942 0.404782
745.499390 0.625681
1473.252686 0.733142
1736.070923 0.760979
2992.029541 0.889211
791.617615 0.651645
701.432495 0.587723
600.664185 0.419907
779.862122 0.646054
911.457825 0.684929
1680.783813 0.754587
611.674683 0.444949
716.432007 0.602446
1346.868530 0.722208
888.549927 0.680842
988.053833 0.694780
644.722351 0.509918
1029.111206 0.698619
956.273926 0.691242
791.915100 0.651779
1216.201538 0.712380
1233.989380 0.713651
707.871460 0.594298
1289.974243 0.717774
656.128723 0.528782
1406.897583 0.727204
740.696533 0.622269
984.352539 0.694398
1065.097290 0.701552
612.564575 0.446901
3005.730957 0.889808
611.089355 0.443659
944.092896 0.689705
714.060730 0.600254
713.866821 0.600073
1079.297363 0.702637
773.221619 0.642613
972.687195 0.693145
974.982910 0.693398
628.524780 0.480016
779.520447 0.645882
861.980164 0.675083
907.437805 0.684262
726.387268 0.611133
658.578186 0.532605
838.865417 0.668924
824.024292 0.664265
927.781738 0.687451
801.129211 0.655744
1142.163818 0.707178
761.270447 0.635854
538.367371 0.256946
758.033813 0.633888
762.117188 0.636358
759.751587 0.634939
707.891907 0.594318
973.004883 0.693181
1636.829102 0.749695
991.518494 0.695131
717.521484 0.603437
707.358704 0.593788
967.110596 0.692519
728.905762 0.613204
809.015015 0.658881
716.467529 0.602479
718.705994 0.604503
1214.839722 0.712283
875.497437 0.678167
906.093933 0.684034
672.370422 0.552691
1413.755737 0.727797
662.244812 0.538181
1376.293823 0.724614
715.959106 0.602013
566.383606 0.332998
1168.551514 0.709027
792.593811 0.652083
726.442078 0.611178
670.615479 0.550267
652.485168 0.522948
630.779114 0.484401
556.333435 0.305823
1171.250610 0.709216
624.743958 0.472499
806.350342 0.657846
1247.464844 0.714626
1222.109619 0.712801
843.086548 0.670142
957.717896 0.691417
768.011230 0.639760
749.649780 0.628507
1011.490662 0.697051
1063.131592 0.701399
892.730652 0.681642
724.037659 0.609156
980.692017 0.694013
619.101868 0.460902
888.137573 0.680761
1253.308350 0.715051
1057.543701 0.700961
665.260010 0.542636
685.558899 0.569740
941.996155 0.689429
678.481750 0.560842
1389.294556 0.725703
634.138550 0.490801
1236.515991 0.713833
743.434021 0.624233
827.104553 0.665283
760.103271 0.635152
945.603638 0.689902
645.211975 0.510764
645.746582 0.511684
1069.381592 0.701883
1107.385742 0.704705
695.012207 0.580765
702.744873 0.589096
868.705566 0.676660
709.181824 0.595588
849.081604 0.671797
850.437927 0.672159
724.407288 0.609470
1160.371216 0.708454
899.021057 0.682798
776.950928 0.644572
843.285278 0.670198
599.729431 0.417707
945.204224 0.689850
677.826538 0.559989
915.749878 0.685621
1001.784851 0.696140
858.432617 0.674214
615.916199 0.454154
906.893188 0.684170
797.901062 0.654393
737.353516 0.619801
781.591125 0.646915
784.241638 0.648209
639.386841 0.500478
745.290222 0.625536
742.744263 0.623743
714.662720 0.600815
609.036499 0.439097
713.388916 0.599624
793.567505 0.652515
1032.636719 0.698921
786.667786 0.649365
695.365967 0.581159
705.596130 0.592019
703.659546 0.590042
893.486511 0.681784
1165.910156 0.708842
634.439087 0.491366
964.010132 0.692161
827.855713 0.665527
752.792236 0.630574
744.838867 0.625221
940.649963 0.689249
787.133179 0.649584
2238.409668 0.824709
1093.707886 0.703709
942.071594 0.689439
768.257141 0.639897
1048.126587 0.700207
625.754089 0.474527
2455.120850 0.849591
1601.489014 0.745893
703.638367 0.590020
664.552124 0.541601
633.279236 0.489179
975.017395 0.693402
1214.797974 0.712280
1299.087646 0.718466
915.876648 0.685641
843.945496 0.670384
985.518433 0.694519
693.280334 0.578816
822.603882 0.663786
869.311279 0.676798
2180.912842 0.817511
680.266907 0.563140
1040.076660 0.699546
706.013428 0.592441
1305.986084 0.718995
823.146240 0.663969
703.895264 0.590285
1078.472900 0.702575
690.877625 0.576060
834.317078 0.667560
1700.879272 0.756880
1198.763062 0.711146
707.200439 0.593631
923.476501 0.686814
720.604065 0.606186
746.642273 0.626471
567.604492 0.336267
938.348755 0.688939
924.628540 0.686986
1337.912842 0.721492
901.247375 0.683194
596.651306 0.410386
667.699402 0.546156
700.825806 0.587083
698.131592 0.584197
720.270935 0.605893
653.584229 0.524727
822.556152 0.663770
1235.060425 0.713729
766.898315 0.639132
1021.000244 0.697910
621.990295 0.466895
742.512146 0.623577
700.506042 0.586745
1316.213379 0.719785
847.557068 0.671384
777.463989 0.644836
855.903625 0.673579
740.954895 0.622457
980.966675 0.694042
662.960938 0.539249
1104.132202 0.704470
830.070923 0.666237
660.769531 0.535958
571.806396 0.347449
1274.116211 0.716585
757.878723 0.633792
760.888367 0.635625
1870.884888 0.777498
1311.971069 0.719456
778.623291 0.645428
650.700500 0.520025
602.240112 0.423590
707.748352 0.594176
947.263184 0.690116
899.270264 0.682843
1425.413818 0.728816
768.191223 0.639861
791.402405 0.651548
943.998047 0.689693
2037.031982 0.798945
2162.671875 0.815192
829.892273 0.666180
1279.754272 0.717006
709.768555 0.596160
705.972229 0.592399
628.231384 0.479440
1329.808960 0.720850
1244.999023 0.714447
974.138428 0.693306
1263.700317 0.715814
965.045227 0.692281
751.407532 0.629671
1496.355347 0.735316
941.668396 0.689385
1361.864014 0.723424
928.156555 0.687506
1292.512451 0.717966
1305.086182 0.718926
1294.798828 0.718140
2418.843018 0.845730
710.971985 0.597325
720.450745 0.606051
679.229248 0.561809
1627.673218 0.748699
1140.374146 0.707052
895.149536 0.682093
666.928528 0.545052
1291.140625 0.717863
1223.850220 0.712925
794.704834 0.653015
791.064514 0.651396
1161.262817 0.708517
1301.173462 0.718626
675.810669 0.557334
695.295410 0.581080
1667.869873 0.753131
707.761108 0.594188
710.387085 0.596760
875.745483 0.678221
1147.518555 0.707554
695.529663 0.581341
910.344055 0.684746
652.482422 0.522944
978.931213 0.693825
700.391602 0.586623
1708.108154 0.757714
928.885986 0.687611
1150.421997 0.707758
1196.764282 0.711005
823.791931 0.664187
768.385010 0.639969
715.426453 0.601523
1275.784058 0.716709
827.898621 0.665541
742.205078 0.623358
1289.801147 0.717761
1003.108887 0.696266
744.642578 0.625084
748.332214 0.627622
734.835266 0.617889
876.276184 0.678335
1209.201660 0.711883
766.429626 0.638865
519.581299 0.207465
818.401855 0.662333
765.813538 0.638513
697.717285 0.583747
652.130615 0.522371
1946.625488 0.787193
903.367371 0.683565
966.932617 0.692498
1020.916992 0.697903
1383.467773 0.725213
750.450623 0.629040
769.668030 0.640682
1016.301880 0.697490
1266.758545 0.716039
856.167847 0.673646
1805.957886 0.769397
792.533386 0.652056
772.248962 0.642091
1293.507080 0.718042
444.532806 0.065213
802.745850 0.656406
1022.512390 0.698044
2778.026855 0.877364
1047.503540 0.700156
966.958008 0.692501
753.556641 0.631068
637.740784 0.497485
618.799316 0.460267
1191.590454 0.710641
993.412598 0.695321
1040.346313 0.699569
794.114380 0.652756
852.928833 0.672815
700.792114 0.587048
694.570435 0.580270
1021.321533 0.697939
1231.751221 0.713491
708.887024 0.595299
742.476807 0.623552
573.488770 0.351892
1335.378906 0.721290
1019.151245 0.697746
918.995850 0.686130
690.745422 0.575907
950.480103 0.690526
692.746460 0.578209
690.779602 0.575946
864.936462 0.675787
623.854004 0.470700
902.384949 0.683394
564.748657 0.328606
868.478699 0.676609
1246.115967 0.714528
671.379456 0.551327
740.562561 0.622172
732.278320 0.615901
1093.353149 0.703683
669.433289 0.548613
529.526611 0.233301
1054.257935 0.700700
706.388428 0.592818
1029.143677 0.698622
594.527100 0.405265
778.384644 0.645307
806.924683 0.658071
1107.372803 0.704704
553.439514 0.297942
885.824158 0.680306
1191.245850 0.710617
1511.507446 0.736771
799.081360 0.654892
769.650269 0.640672
782.130188 0.647181
851.799866 0.672519
684.464172 0.568400
1003.490417 0.696303
804.761292 0.657217
1146.108765 0.707455
832.127319 0.666884
751.865234 0.629971
787.955322 0.649969
1035.519531 0.699165
942.778015 0.689532
1332.883545 0.721092
743.568420 0.624328
758.279846 0.634039
996.790955 0.695655
795.817627 0.653500
644.530945 0.509586
989.363708 0.694914
787.662903 0.649832
1201.348022 0.711328
693.689941 0.579279
1624.190430 0.748322
781.998901 0.647116
977.312378 0.693651
752.222107 0.630204
1128.140747 0.706189
1152.758545 0.707921
852.359924 0.672666
1008.669983 0.696790
862.502197 0.675208
977.438599 0.693665
737.298889 0.619760
1260.635010 0.715588
1044.952637 0.699948
1240.202271 0.714099
653.117798 0.523974
646.594238 0.513136
670.289856 0.549813
576.682861 0.360267
1218.237061 0.712525
1009.360718 0.696855
648.283813 0.515998
834.924072 0.667745
713.997559 0.600195
746.209656 0.626173
623.298706 0.469571
841.927429 0.669812
665.024231 0.542292
808.838135 0.658813
1023.826660 0.698160
784.037476 0.648110
2296.031494 0.831713
999.538818 0.695923
753.044556 0.630737
666.961243 0.545099
686.375061 0.570729
695.747864 0.581583
1898.204712 0.780970
1348.932251 0.722374
599.386902 0.416899
988.988342 0.694875
999.345825 0.695904
890.406128 0.681200
970.191284 0.692867
674.714355 0.555870
830.666443 0.666426
809.665405 0.659130
803.060852 0.656534
761.824829 0.636184
763.315796 0.637065
882.287964 0.679593
846.201721 0.671012
1118.214844 0.705483
945.060059 0.689832
709.177429 0.595583
591.803589 0.398620
1754.050293 0.763111
948.842957 0.690318
748.537903 0.627761
809.956055 0.659240
749.271729 0.628254
659.971802 0.534745
744.674377 0.625106
1161.531250 0.708536
1290.845947 0.717840
871.663086 0.677327
956.649048 0.691288
730.032593 0.614115
666.621948 0.544611
614.548218 0.451212
689.907104 0.574929
635.885315 0.494065
883.731323 0.679887
1369.757935 0.724073
853.131775 0.672867
781.816040 0.647026
1107.692383 0.704728
580.208313 0.369411
549.219421 0.286435
681.656494 0.564904
908.408752 0.684425
640.276978 0.502080
903.851501 0.683649
953.864197 0.690947
1516.267334 0.737233
773.527649 0.642777
666.033020 0.543760
750.188843 0.628866
1339.806274 0.721642
798.429138 0.654617
845.944031 0.670941
694.460327 0.580147
833.196899 0.667216
2428.108643 0.846729
591.370178 0.397555
833.312256 0.667251
1646.429932 0.750748
670.992249 0.550791
1054.601562 0.700727
1888.082153 0.779680
1192.344849 0.710694
1668.221436 0.753171
705.443359 0.591865
1038.193726 0.699389
1840.280884 0.773651
738.293762 0.620503
717.538635 0.603453
761.192871 0.635807
881.578369 0.679448
890.459045 0.681210
1015.539490 0.697421
1171.945312 0.709264
2748.861084 0.875358
745.119141 0.625417
650.583313 0.519832
745.914246 0.625969
845.880249 0.670924
616.775696 0.455988
728.215637 0.612641
678.979919 0.561487
1259.040894 0.715471
806.003113 0.657709
966.076721 0.692400
1015.628540 0.697429
537.390381 0.254311
1021.737976 0.697976
718.050110 0.603914
1057.201538 0.700934
700.734680 0.586987
1265.205566 0.715925
773.708008 0.642873
950.876648 0.690575
1721.113770 0.759225
622.854309 0.468665
858.470764 0.674224
1008.236572 0.696750
699.051880 0.585191
1094.043701 0.703734
749.637939 0.628499
819.682190 0.662781
658.569214 0.532591
723.509338 0.608705
697.270569 0.583260
809.683105 0.659136
1125.150635 0.705976
714.425537 0.600595
631.135864 0.485088
1280.164429 0.717036
692.581482 0.578020
530.244568 0.235202
1115.921875 0.705319
1298.476685 0.718420
803.291687 0.656627
614.388062 0.450866
957.319458 0.691369
1089.709229 0.703414
769.528992 0.640605
604.581970 0.429003
1316.599976 0.719815
1012.426941 0.697137
1142.937988 0.707232
932.259705 0.688094
766.257019 0.638767
955.088562 0.691098
753.471863 0.631013
898.930908 0.682782
660.763672 0.535949
697.844360 0.583885
617.805664 0.458173
750.880188 0.629324
678.261353 0.560556
851.653809 0.672481
742.966003 0.623901
897.533813 0.682530
1197.317261 0.711044
644.492676 0.509520
575.725952 0.357767
1075.142090 0.702323
749.816101 0.628618
806.785217 0.658017
1001.235046 0.696087
909.410400 0.684592
992.421082 0.695222
780.141235 0.646194
617.619812 0.457780
570.816406 0.344825
816.408630 0.661624
993.474976 0.695327
640.473022 0.502432
1100.895386 0.704235
1101.955078 0.704312
733.075012 0.616526
2048.071289 0.800383
1048.132446 0.700207
829.802856 0.666152
914.898560 0.685485
971.011353 0.692959
1475.561646 0.733357
987.743835 0.694748
963.444580 0.692096
1873.510376 0.777830
722.604004 0.607928
1005.711609 0.696513
695.870972 0.581720
604.347351 0.428464
644.809753 0.510069
1177.856812 0.709678
691.925110 0.577269
676.491028 0.558235
903.162292 0.683530
995.198975 0.695498
993.142273 0.695294
1043.409912 0.699822
835.343933 0.667873
1173.510010 0.709374
651.156189 0.520776
767.742188 0.639608
1186.555420 0.710288
932.242432 0.688092
699.857727 0.586055
877.365234 0.678567
791.495911 0.651591
376.075165 0.018508
672.702454 0.553145
679.071960 0.561606
466.662872 0.095728
873.391724 0.677709
1369.474487 0.724049
817.700134 0.662085
955.460083 0.691143
799.738403 0.655167
1256.372559 0.715275
955.168640 0.691107
725.615784 0.610488
1004.724854 0.696420
842.024658 0.669839
855.953247 0.673592
740.175903 0.621890
2054.885254 0.801270
934.360474 0.688390
756.158875 0.632721
705.472290 0.591894
1733.281006 0.760650
1028.354004 0.698554
879.110413 0.678936
864.783386 0.675751
1019.092041 0.697741
1045.585449 0.700000
1300.698853 0.718590
679.849792 0.562607
640.412292 0.502323
776.372559 0.644273
1379.485840 0.724880
707.275635 0.593706
1065.558716 0.701588
757.330078 0.633452
752.342102 0.630282
664.371460 0.541335
1168.081177 0.708994
749.659790 0.628514
639.862244 0.501335
603.973572 0.427604
808.729492 0.658771
935.394531 0.688533
864.659424 0.675722
701.017700 0.587286
667.472778 0.545832
757.918030 0.633816
988.622498 0.694838
916.210815 0.685694
735.875305 0.618684
1921.654297 0.783974
893.671326 0.681818
1202.688110 0.711423
665.616516 0.543155
985.525269 0.694520
1198.116577 0.711101
1234.055054 0.713656
702.621216 0.588967
1150.979492 0.707797
691.399414 0.576664
745.772766 0.625871
806.105591 0.657750
706.810486 0.593241
587.349060 0.387568
813.285400 0.660488
675.546082 0.556982
925.197144 0.687071
754.013062 0.631361
777.145569 0.644672
800.237305 0.655375
1061.647217 0.701283
2259.322266 0.827278
1150.803833 0.707784
748.832092 0.627959
1269.189087 0.716219
1708.459229 0.757754
812.744629 0.660288
1076.964722 0.702461
681.055908 0.564144
842.839355 0.670072
691.560059 0.576849
1358.292969 0.723133
687.494385 0.572075
1020.462524 0.697863
1783.658081 0.766674
635.557129 0.493455
1663.165039 0.752605
1517.919800 0.737393
847.924072 0.671484
816.071472 0.661503
653.430420 0.524479
702.182739 0.588510
1407.541748 0.727260
808.199158 0.658567
888.659241 0.680863
1021.778198 0.697979
843.448914 0.670244
656.662537 0.529622
1918.408203 0.783557
789.115723 0.650506
687.883728 0.572540
685.425232 0.569577
757.875916 0.633790
720.074890 0.605720
721.039734 0.606568
707.331909 0.593762
2540.590332 0.858123
853.950195 0.673079
663.452759 0.539980
1195.850220 0.710941
919.813660 0.686256
1026.852173 0.698424
795.205933 0.653234
932.847229 0.688177
821.656006 0.663463
743.865234 0.624538
791.170471 0.651444
739.782104 0.621602
750.747925 0.629236
797.703491 0.654309
669.256104 0.548364
1032.421021 0.698903
742.978638 0.623910
816.442200 0.661636
691.731750 0.577047
1634.966064 0.749492
1496.485718 0.735328
754.595642 0.631733
1034.004883 0.699037
764.750366 0.637901
618.286987 0.459189
629.721069 0.482352
1033.548462 0.698998
732.013428 0.615692
615.608032 0.453494
771.730286 0.641811
800.361633 0.655426
670.806763 0.550533
587.400024 0.387696
994.849304 0.695464
740.231628 0.621931
553.104553 0.297029
787.623779 0.649814
2496.583984 0.853832
932.774963 0.688167
821.200867 0.663307
1258.200562 0.715409
860.713867 0.674776
643.973328 0.508617
899.481445 0.682881
1690.888184 0.755736
796.361938 0.653735
902.647827 0.683440
856.544495 0.673742
1728.490356 0.760087
894.185486 0.681914
811.001465 0.659636
814.560547 0.660956
1126.990967 0.706107
929.019897 0.687631
801.517700 0.655904
717.770996 0.603663
825.077393 0.664616
1959.032715 0.788798
1193.455078 0.710772
1106.379761 0.704633
933.147766 0.688220
749.081055 0.628126
701.602356 0.587902
595.517883 0.407660
816.951355 0.661818
740.411255 0.622062
765.689392 0.638442
879.735901 0.679066
684.221558 0.568102
862.996338 0.675327
1272.956665 0.716499
827.929688 0.665551
1576.909912 0.743320
850.922180 0.672288
753.536133 0.631054
780.253845 0.646250
726.451050 0.611186
1002.111267 0.696171
521.445740 0.212231
637.734863 0.497474
1294.326782 0.718104
1163.713013 0.708688
510.309052 0.184409
1157.184814 0.708231
813.689087 0.660636
995.296326 0.695508
951.471802 0.690650
802.846497 0.656447
819.633728 0.662764
790.631653 0.651200
708.728149 0.595143
1738.993896 0.761324
860.469238 0.674716
754.235840 0.631503
1157.606689 0.708261
751.966919 0.630037
1040.881592 0.699613
881.274109 0.679385
764.774353 0.637915
1586.286011 0.744295
639.385071 0.500475
563.736511 0.325881
1245.867920 0.714510
671.774597 0.551872
869.090881 0.676748
1042.748413 0.699767
676.323853 0.558014
1439.086426 0.730029
1003.583374 0.696311
673.189453 0.553809
1647.643921 0.750882
1454.728516 0.731440
725.314331 0.610235
2109.281006 0.808333
994.417480 0.695421
1045.338013 0.699980
558.308411 0.311192
779.046997 0.645643
718.637756 0.604442
902.477051 0.683410
1072.344116 0.702110
872.278259 0.677463
942.686951 0.689520
742.164612 0.623329
918.574097 0.686064
742.671326 0.623691
661.978882 0.537782
840.290710 0.669340
811.457031 0.659807
826.534058 0.665096
859.227783 0.674411
502.854248 0.166777
1819.849731 0.771110
1738.821777 0.761303
804.051697 0.656933
587.631287 0.388275
679.811707 0.562558
615.803589 0.453913
621.243042 0.465356
879.020264 0.678917
1032.528564 0.698912
1020.089233 0.697830
819.707153 0.662790
689.645752 0.574623
794.114746 0.652757
699.386475 0.585551
1305.801514 0.718981
819.492065 0.662715
693.299927 0.578838
787.065125 0.649552
587.309753 0.387469
832.188477 0.666903
778.545837 0.645389
767.848267 0.639668
838.500977 0.668816
1807.161377 0.769545
619.492981 0.461720
893.776611 0.681838
1085.800903 0.703124
1031.809814 0.698850
1420.574097 0.728392
741.821045 0.623082
746.713440 0.626519
717.255188 0.603196
998.973450 0.695868
881.506226 0.679433
852.936157 0.672817
914.434265 0.685411
1193.739746 0.710792
1519.719238 0.737569
961.480591 0.691865
1243.806274 0.714360
562.865540 0.323532
1067.978027 0.701775
1269.552490 0.716246
741.524292 0.622868
778.395264 0.645312
904.628052 0.683783
963.093933 0.692055
743.178894 0.624052
772.385071 0.642165
1149.260620 0.707676
914.451965 0.685414
702.952087 0.589311
718.806580 0.604593
861.789429 0.675037
1208.564209 0.711838
738.250366 0.620471
707.361267 0.593791
766.262451 0.638770
659.771973 0.534440
692.980347 0.578475
659.104187 0.533416
746.575562 0.626425
693.760559 0.579359
576.176147 0.358944
910.357788 0.684749
1151.500122 0.707833
1079.425903 0.702647
1929.774780 0.785019
1100.577026 0.704212
804.426147 0.657083
985.779785 0.694546
742.092590 0.623277
599.978271 0.418294
751.218079 0.629546
688.542053 0.573322
1081.710571 0.702819
1050.166992 0.700372
772.605713 0.642283
743.893494 0.624558
635.613342 0.493560
799.493713 0.655065
1418.331055 0.728196
747.095764 0.626781
731.583618 0.615352
1090.452026 0.703469
859.656433 0.674517
701.864075 0.588177
721.560608 0.607023
1414.694458 0.727879
967.792175 0.692596
968.726990 0.692702
1227.931396 0.713217
2037.228638 0.798970
1002.124817 0.696172
652.142151 0.522390
725.598022 0.610474
954.333191 0.691005
1117.660522 0.705443
458.662323 0.083584
1947.450806 0.787300
604.974792 0.429904
1663.569946 0.752650
1063.585693 0.701435
581.462891 0.372638
972.460510 0.693120
702.562622 0.588906
783.624390 0.647911
629.637573 0.482190
828.393311 0.665700
740.988525 0.622481
1324.323975 0.720418
781.394287 0.646818
874.527405 0.677957
975.539734 0.693459
1179.131714 0.709767
758.332581 0.634072
1379.071655 0.724845
780.579407 0.646413
806.547119 0.657923
1326.407471 0.720582
669.979309 0.549379
749.631531 0.628495
1386.792114 0.725492
606.362793 0.433071
597.150818 0.411582
1892.247070 0.780210
635.250061 0.492883
874.654175 0.677985
720.324219 0.605940
2394.901855 0.843108
613.310608 0.448529
598.079224 0.413797
1028.074585 0.698530
821.443542 0.663390
654.663025 0.526457
1009.620056 0.696879
933.241760 0.688233
628.536133 0.480038
712.711731 0.598985
838.830994 0.668914
952.114746 0.690730
944.847595 0.689804
831.099365 0.666562
608.100830 0.436999
847.732971 0.671432
725.574646 0.610454
819.577576 0.662745
870.886963 0.677153
1138.427856 0.706915
868.429199 0.676597
966.857178 0.692490
948.828979 0.690317
962.267456 0.691958
909.030579 0.684529
991.981995 0.695178
783.147034 0.647679
845.917786 0.670934
842.236023 0.669900
825.451843 0.664740
1127.952515 0.706175
1115.156982 0.705264
719.896118 0.605562
927.093384 0.687350
821.824463 0.663520
720.687988 0.606260
571.822205 0.347491
861.485779 0.674963
696.371643 0.582273
1020.166931 0.697836
1026.514648 0.698395
911.605225 0.684953
673.478088 0.554201
825.149719 0.664640
668.367981 0.547108
855.208801 0.673402
1044.248047 0.699890
533.883423 0.244892
732.177734 0.615822
908.293457 0.684406
792.172241 0.651894
1145.856689 0.707437
869.628601 0.676870
730.397461 0.614407
892.786011 0.681652
716.782166 0.602766
820.962402 0.663225
745.374756 0.625595
1271.195801 0.716368
781.153320 0.646699
644.293152 0.509173
564.809204 0.328769
682.254089 0.565655
1126.126587 0.706046
762.383789 0.636516
764.557007 0.637789
1147.821533 0.707575
636.020142 0.494315
1013.651184 0.697249
690.391235 0.575495
768.528992 0.640049
1997.884399 0.793845
1260.546997 0.715582
1107.462769 0.704711
1229.813232 0.713352
689.255737 0.574165
724.491028 0.609541
1086.837769 0.703202
1095.064453 0.703809
1218.324463 0.712531
646.734314 0.513374
1437.565918 0.729893
1075.416870 0.702344
1780.069458 0.766239
902.028870 0.683332
678.807190 0.561264
1041.414307 0.699657
1962.683350 0.789271
812.163269 0.660071
869.949158 0.676943
931.945190 0.688050
600.071167 0.418513
845.327393 0.670770
869.669617 0.676879
1680.751587 0.754583
1845.511719 0.774305
658.247620 0.532094
939.842529 0.689141
1010.633362 0.696972
650.687256 0.520004
1118.939209 0.705534
662.271118 0.538220
757.804382 0.633746
1018.828125 0.697717
865.990417 0.676034
1039.267212 0.699479
1274.727905 0.716631
693.128235 0.578643
704.724731 0.591134
737.435608 0.619863
811.672180 0.659888
2647.203369 0.867587
1124.561279 0.705935
822.511475 0.663754
1288.557739 0.717667
905.615051 0.683953
941.083557 0.689307
803.977356 0.656903
931.187256 0.687942
727.886902 0.612372
691.864380 0.577199
1429.408936 0.729169
841.050659 0.669560
1294.805786 0.718141
876.564575 0.678397
824.361511 0.664378
748.157593 0.627504
2803.451660 0.879033
719.521912 0.605230
716.652405 0.602648
2050.352051 0.800680
922.957642 0.686736
1057.388428 0.700948
1301.346191 0.718639
1173.615723 0.709381
712.305542 0.598600
1698.432251 0.756599
861.207825 0.674896
731.185181 0.615036
846.149963 0.670998
622.088501 0.467097
773.664551 0.642850
689.811707 0.574818
1296.164795 0.718244
2743.427002 0.874974
904.613464 0.683781
695.026062 0.580780
819.974976 0.662883
982.521179 0.694206
902.168335 0.683356
856.038330 0.673614
717.505737 0.603423
776.830078 0.644510
685.572021 0.569756
649.331543 0.517754
921.767151 0.686555
858.942444 0.674341
714.815491 0.600957
902.780212 0.683463
714.504944 0.600669
751.124695 0.629485
1427.113403 0.728966
722.857971 0.608146
1109.570679 0.704863
785.867188 0.648987
934.855896 0.688459
639.425537 0.500548
533.192139 0.243044
742.892090 0.623848
1028.700806 0.698584
685.011902 0.569072
632.011475 0.486767
614.051270 0.450137
715.375610 0.601476
1555.994141 0.741179
613.028442 0.447914
666.529846 0.544478
778.245667 0.645236
1043.814941 0.699855
557.213745 0.308217
586.759705 0.386089
791.659546 0.651664
1286.320923 0.717499
632.406555 0.487521
697.529785 0.583543
860.201233 0.674651
1293.612671 0.718050
818.246887 0.662278
746.652771 0.626478
581.665955 0.373159
797.316345 0.654144
550.878601 0.290960
1028.463745 0.698563
1843.254883 0.774022
962.426270 0.691977
852.137146 0.672608
745.605408 0.625755
1064.443237 0.701501
1397.214111 0.726375
873.192078 0.677665
1184.388062 0.710136
639.934937 0.501466
861.673767 0.675009
505.696136 0.173395
743.039978 0.623953
1300.696899 0.718589
788.728577 0.650327
717.249084 0.603190
1024.961060 0.698259
1290.507812 0.717815
685.879089 0.570129
1230.681396 0.713414
863.224854 0.675381
1041.168091 0.699637
740.284119 0.621969
1171.268066 0.709217
1014.463684 0.697323
1090.310791 0.703459
515.933838 0.198260
737.945007 0.620243
847.095947 0.671258
652.923401 0.523659
685.311096 0.569438
1092.264282 0.703603
723.846863 0.608993
1075.844482 0.702376
940.882935 0.689280
707.708740 0.594136
725.194397 0.610135
892.811523 0.681657
840.952698 0.669532
813.212891 0.660461
896.312500 0.682307
725.300354 0.610224
966.606140 0.692461
721.328796 0.606821
794.060791 0.652733
762.246460 0.636435
1196.376831 0.710978
811.444275 0.659803
680.632385 0.563606
1005.741028 0.696516
1970.367188 0.790268
1023.749268 0.698153
1391.776978 0.725913
875.744812 0.678221
1641.707520 0.750229
1880.390869 0.778702
976.001465 0.693509
777.422119 0.644815
1111.387207 0.704994
651.375183 0.521135
890.104675 0.681142
954.840088 0.691067
1335.507202 0.721300
639.578796 0.500824
406.436707 0.032351
726.516846 0.611241
1381.727905 0.725067
1279.119263 0.716958
1835.227417 0.773020
1305.375610 0.718948
1009.171631 0.696837
639.596863 0.500857
1339.665039 0.721631
1172.909180 0.709332
1317.161377 0.719859
796.388916 0.653746
640.696106 0.502831
627.249756 0.477504
864.682983 0.675727
613.224365 0.448341
826.088928 0.664950
1003.102844 0.696266
649.974731 0.518824
916.685608 0.685769
1387.268188 0.725532
713.219971 0.599465
1305.921631 0.718990
1167.344971 0.708942
785.624939 0.648872
865.119202 0.675830
702.845703 0.589200
871.698364 0.677335
725.106323 0.610060
856.226318 0.673661
862.220215 0.675141
1090.372559 0.703464
1397.726196 0.726418
1004.104309 0.696361
758.487061 0.634167
599.114136 0.416253
1239.512085 0.714050
2097.833740 0.806851
602.583862 0.424389
812.766846 0.660296
733.347900 0.616739
734.180298 0.617385
1080.944458 0.702761
1421.218384 0.728448
991.213379 0.695101
690.354004 0.575451
890.190491 0.681159
2962.769531 0.887873
649.324402 0.517742
535.667908 0.249676
589.057312 0.391832
734.563049 0.617680
1199.266235 0.711182
1197.182983 0.711035
1644.803711 0.750569
797.696533 0.654306
890.690674 0.681255
949.010071 0.690340
1086.984009 0.703212
1299.411133 0.718491
639.011841 0.499799
770.981079 0.641403
755.880554 0.632546
1197.062988 0.711026
835.465881 0.667910
1108.755615 0.704804
693.306030 0.578845
574.564026 0.354721
814.935425 0.661092
1352.786011 0.722685
823.713562 0.664160
700.769104 0.587023
748.211792 0.627541
792.314331 0.651958
2047.256958 0.800277
650.245972 0.519274
730.102844 0.614171
1006.399780 0.696578
1199.292358 0.711183
666.999268 0.545154
790.997620 0.651366
984.469543 0.694410
1382.158447 0.725103
1766.624390 0.764616
1145.672485 0.707424
816.876831 0.661792
622.483765 0.467907
745.478882 0.625667
1194.137085 0.710820
828.286743 0.665666
1163.089722 0.708645
868.491211 0.676611
2432.328369 0.847181
1551.494019 0.740724
1828.018066 0.772123
673.758789 0.554582
1003.303162 0.696285
1466.368408 0.732505
4368.958496 0.899331
590.589905 0.395631
1133.918457 0.706597
807.905090 0.658453
753.708313 0.631165
604.734863 0.429354
1032.373291 0.698898
1350.231567 0.722479
859.224365 0.674410
1976.488525 0.791063
647.004700 0.513835
1024.422974 0.698212
783.930359 0.648059
651.373718 0.521133
526.992798 0.226629
639.686768 0.501019
894.768982 0.682023
789.615784 0.650736
934.178955 0.688364
599.259338 0.416597
809.355591 0.659011
1393.685547 0.726075
747.413330 0.626998
1416.181885 0.728008
802.340637 0.656241
1686.641357 0.755252
1233.209595 0.713595
701.969543 0.588287
615.101746 0.452406
1439.373291 0.730055
1124.028320 0.705897
712.877625 0.599142
1070.803223 0.701992
871.249023 0.677234
669.552063 0.548780
1092.890869 0.703649
735.850159 0.618665
1092.249756 0.703602
695.176086 0.580947
625.739014 0.474497
680.187988 0.563039
806.115479 0.657754
1658.262451 0.752058
1192.560791 0.710710
1150.105835 0.707735
938.065247 0.688900
1303.230225 0.718783
1425.658203 0.728838
884.271790 0.679996
687.512085 0.572096
862.795898 0.675279
786.091919 0.649093
569.650513 0.341727
885.241638 0.680190
734.910278 0.617947
1047.213013 0.700133
1636.062988 0.749611
783.732910 0.647963
827.629028 0.665453
611.721619 0.445052
610.724670 0.442853
841.622742 0.669724
784.045898 0.648115
728.849487 0.613158
716.383240 0.602402
948.270691 0.690245
869.601868 0.676864
847.641418 0.671407
694.222229 0.579880
900.330750 0.683032
1080.075806 0.702696
667.750732 0.546230
457.491669 0.081915
1312.687866 0.719512
815.395264 0.661259
710.464966 0.596836
914.607788 0.685439
729.311401 0.613533
758.389709 0.634107
741.757935 0.623037
861.035522 0.674854
1838.255737 0.773398
1172.284912 0.709288
949.492371 0.690401
931.169250 0.687939
1667.876343 0.753132
879.130981 0.678940
501.596924 0.163892
1062.007080 0.701311
840.723816 0.669465
748.336853 0.627625
740.882690 0.622404
675.412537 0.556804
798.246277 0.654540
711.773682 0.598093
1716.786011 0.758720
776.480530 0.644329
653.175964 0.524068
1378.880005 0.724829
777.919800 0.645070
829.795959 0.666150
851.317810 0.672392
1608.582642 0.746647
835.115906 0.667804
918.509094 0.686054
686.803772 0.571246
585.510437 0.382943
1176.114258 0.709556
671.201233 0.551080
1787.950928 0.767196
661.323914 0.536797
723.543213 0.608734
1423.713989 0.728667
813.719604 0.660648
785.420532 0.648774
742.577637 0.623624
1379.773438 0.724904
1936.397583 0.785872
750.925903 0.629354
1933.970215 0.785559
740.237427 0.621935
1596.673950 0.745384
812.355103 0.660143
625.078308 0.473172
747.055603 0.626754
1900.580078 0.781273
956.194580 0.691233
889.958679 0.681114
616.484436 0.455368
1398.957642 0.726523
1322.917969 0.720308
1465.185059 0.732396
724.737671 0.609749
821.714172 0.663483
1535.160645 0.739089
1195.880127 0.710943
769.585022 0.640636
1005.278564 0.696472
880.727905 0.679272
1597.073242 0.745426
783.221924 0.647715
643.157593 0.507191
856.115295 0.673633
903.910767 0.683660
803.149536 0.656569
595.897766 0.408576
550.611694 0.290232
998.507446 0.695823
1869.003418 0.777260
1034.934082 0.699116
2067.415527 0.802901
2354.060547 0.838507
678.168213 0.560435
664.397095 0.541373
641.298950 0.503907
1198.246826 0.711110
913.048218 0.685188
1173.532227 0.709375
1028.045776 0.698527
1001.248962 0.696088
616.956909 0.456374
898.262451 0.682662
1059.079712 0.701082
726.554077 0.611272
964.695557 0.692241
702.102661 0.588426
854.106445 0.673120
904.768921 0.683808
928.007996 0.687484
753.191223 0.630832
793.153748 0.652332
678.684692 0.561105
736.603943 0.619237
741.184143 0.622623
672.198914 0.552456
626.531006 0.476077
771.803772 0.641851
660.900513 0.536157
784.591919 0.648378
1017.287354 0.697579
843.321716 0.670208
873.472107 0.677727
750.385681 0.628997
1567.899536 0.742392
737.789551 0.620127
1059.604614 0.701123
1212.560303 0.712121
777.808411 0.645013
766.331360 0.638809
1020.467041 0.697863
1509.490723 0.736576
1039.683228 0.699514
1519.052612 0.737504
830.405884 0.666343
1064.067993 0.701472
727.910950 0.612392
737.702637 0.620062
781.830017 0.647033
794.161804 0.652777
2303.449707 0.832597
774.577332 0.643333
1233.279907 0.713600
1632.006836 0.749169
715.785156 0.601853
872.400085 0.677490
782.561340 0.647393
789.613342 0.650735
1073.339355 0.702186
1827.764404 0.772091
741.263428 0.622680
750.820618 0.629284
984.887451 0.694454
1523.042480 0.737894
735.743835 0.618584
1742.331421 0.761718
1059.181885 0.701090
772.740234 0.642356
1603.306885 0.746086
1540.449951 0.739615
1056.621826 0.700888
723.021484 0.608287
779.751587 0.645999
2028.782104 0.797870
707.690063 0.594118
653.820557 0.525107
849.581970 0.671931
616.001831 0.454337
1061.408447 0.701265
940.838379 0.689274
669.266846 0.548379
700.430298 0.586664
693.438354 0.578995
923.642395 0.686839
763.464844 0.637152
653.796997 0.525069
520.223083 0.209101
675.964722 0.557539
855.058655 0.673364
496.928589 0.153421
971.334412 0.692995
957.678589 0.691412
713.617065 0.599839
799.827515 0.655204
1017.984497 0.697641
695.056152 0.580814
1329.383667 0.720816
1580.507690 0.743693
523.826416 0.218372
1089.421997 0.703393
653.239746 0.524171
721.012451 0.606545
982.007202 0.694152
776.632141 0.644407
828.680420 0.665793
625.062622 0.473140
918.645691 0.686076
850.573853 0.672195
1222.570557 0.712834
1042.084961 0.699713
2326.009277 0.835258
668.603333 0.547442
644.090820 0.508821
752.319702 0.630267
1302.288086 0.718711
1026.484131 0.698392
782.119995 0.647176
1296.343384 0.718257
726.937134 0.611589
741.387878 0.622770
744.082642 0.624691
784.365051 0.648268
650.334595 0.519421
656.188416 0.528876
941.571777 0.689372
993.620544 0.695342
1030.696655 0.698755
798.963562 0.654842
735.681091 0.618536
661.941101 0.537726
836.853271 0.668327
1404.144897 0.726968
1116.463501 0.705358
644.540283 0.509602
825.892029 0.664885
1294.072021 0.718085
839.281067 0.669046
1195.850830 0.710941
1182.791138 0.710024
645.323853 0.510957
988.492676 0.694825
1254.914307 0.715169
910.665344 0.684799
1080.380493 0.702719
832.170715 0.666898
1035.030762 0.699124
678.494812 0.560859
894.290100 0.681934
720.304810 0.605923
790.640015 0.651203
979.859436 0.693925
616.797546 0.456035
1471.902344 0.733017
1353.595581 0.722751
827.129272 0.665291
962.744141 0.692014
2224.747314 0.823016
1489.167847 0.734634
895.105164 0.682085
675.938171 0.557503
670.981018 0.550775
1201.887085 0.711366
1282.263550 0.717194
1105.743530 0.704587
920.755249 0.686401
1259.371216 0.715495
758.218933 0.634002
866.488525 0.676150
761.936096 0.636250
734.603149 0.617711
1257.335571 0.715346
1039.738525 0.699518
1162.062622 0.708573
787.076782 0.649558
1071.125122 0.702017
717.893494 0.603773
836.845154 0.668325
977.497192 0.693671
1765.290161 0.764456
661.243958 0.536676
3340.413330 0.899521
712.041138 0.598349
1215.928833 0.712361
848.587952 0.671664
870.601746 0.677089
799.942383 0.655252
669.552795 0.548781
797.384827 0.654173
542.693665 0.268665
1365.864258 0.723752
870.814697 0.677137
1042.931030 0.699782
736.804382 0.619388
722.494629 0.607833
888.210144 0.680776
778.563904 0.645398
1270.401733 0.716309
762.887939 0.636814
784.046631 0.648115
586.090576 0.384406
759.951721 0.635060
861.873596 0.675057
1006.097473 0.696549
800.633911 0.655539
628.985413 0.480918
810.654419 0.659505
849.121704 0.671807
1013.921875 0.697274
1289.778320 0.717760
799.285034 0.654977
794.344543 0.652858
656.778503 0.529804
700.104614 0.586318
712.679077 0.598954
534.462891 0.246443
1176.787109 0.709603
748.705872 0.627874
2291.175537 0.831132
655.675232 0.528066
1082.034912 0.702843
724.826965 0.609825
809.986389 0.659252
661.199768 0.536609
805.880554 0.657661
989.374451 0.694915
1401.049805 0.726702
1455.026611 0.731467
676.900513 0.558775
852.233521 0.672633
987.101929 0.694682
733.971863 0.617223
1270.311279 0.716302
728.602722 0.612957
1384.930176 0.725336
505.831116 0.173712
1122.912720 0.705817
746.683044 0.626499
3023.124756 0.890541
726.989197 0.611632
685.749268 0.569971
1124.772949 0.705950
528.625061 0.230921
946.677063 0.690041
1565.040161 0.742100
639.570190 0.500809
813.698242 0.660640
1984.424805 0.792094
779.255005 0.645748
1090.227417 0.703453
1094.875854 0.703795
785.899658 0.649002
688.293396 0.573027
843.868713 0.670362
1677.338257 0.754197
1396.866821 0.726345
1149.619507 0.707701
1225.541626 0.713046
1132.290649 0.706482
950.516541 0.690530
1349.079102 0.722386
767.594727 0.639525
736.143250 0.618888
609.796326 0.440792
659.487061 0.534003
968.087219 0.692630
652.420044 0.522842
1376.482056 0.724630
976.492676 0.693563
1015.737183 0.697439
754.625854 0.631752
689.589233 0.574557
712.829041 0.599096
661.053894 0.536389
644.953613 0.510318
952.014832 0.690718
1447.950195 0.730825
938.483704 0.688957
714.595764 0.600753
669.112610 0.548162
1026.422974 0.698387
661.408569 0.536924
864.478271 0.675679
848.145142 0.671544
812.329163 0.660133
1635.469849 0.749547
908.213257 0.684392
1650.265137 0.751171
851.430115 0.672422
828.336609 0.665682
1189.002686 0.710460
717.403564 0.603330
936.881409 0.688738
738.308472 0.620514
777.922424 0.645071
1214.908325 0.712288
656.439636 0.529272
587.048889 0.386815
1089.248657 0.703380
516.438660 0.199524
1097.378784 0.703978
347.771576 0.011310
1124.032837 0.705897
653.284851 0.524244
731.527954 0.615308
588.075317 0.389385
824.363403 0.664378
648.460876 0.516296
363.163361 0.014716
1027.031860 0.698439
634.279724 0.491066
384.115570 0.021414
412.323212 0.036099
367.926697 0.016002
810.142212 0.659311
490.667206 0.139999
398.445007 0.027885
444.719604 0.065432
329.976196 0.008483
513.855957 0.193093
1038.487793 0.699414
461.346436 0.087514
759.978882 0.635076
786.928467 0.649488
601.419495 0.421676
410.577545 0.034944
554.393188 0.300541
609.916138 0.441059
578.034241 0.363785
590.848267 0.396269
569.217896 0.340574
569.219971 0.340580
330.249390 0.008520
565.407837 0.330379
353.972839 0.012557
501.366974 0.163368
462.188965 0.088777
401.549774 0.029540
783.388794 0.647796
638.807251 0.499428
1617.810303 0.747634
552.635742 0.295751
543.579346 0.271072
688.189026 0.572903
639.714111 0.501068
451.346069 0.073595
1955.247803 0.788308
1043.875732 0.699860
633.924988 0.490399
1097.597046 0.703994
747.739441 0.627220
892.256042 0.681552
699.847778 0.586044
569.394348 0.341044
1661.635376 0.752434
528.694275 0.231103
398.584747 0.027957
1535.206421 0.739094
529.367981 0.232882
338.731842 0.009749
666.189697 0.543987
675.040161 0.556306
354.872162 0.012751
436.657623 0.056573
449.482300 0.071216
462.748108 0.089624
658.298584 0.532173
446.890320 0.068016
550.664124 0.290375
1117.673706 0.705444
612.169678 0.446036
637.250122 0.496585
1007.859375 0.696715
455.593292 0.079266
436.765381 0.056684
910.877502 0.684834
489.538879 0.137659
431.189819 0.051195
755.823242 0.632510
441.856262 0.062154
795.136414 0.653204
314.712860 0.006738
491.750214 0.142268
833.504517 0.667311
891.758484 0.681458
772.688110 0.642328
397.024933 0.027160
617.217957 0.456928
385.883087 0.022118
617.059509 0.456592
489.932556 0.138473
824.474609 0.664415
437.042633 0.056970
524.362488 0.219763
341.054535 0.010124
492.197083 0.143211
386.787415 0.022487
516.928894 0.200755
496.853546 0.153256
433.337982 0.053249
917.761414 0.685938
517.686951 0.202664
503.943481 0.169298
595.305481 0.407148
485.574860 0.129636
710.287781 0.596664
575.412537 0.356946
572.071167 0.348150
1033.547119 0.698998
546.254517 0.278353
352.153259 0.012175
657.815613 0.531423
785.507935 0.648816
847.026917 0.671239
464.746857 0.092701
743.657166 0.624391
999.556458 0.695925
720.283020 0.605904
548.492493 0.284452
657.950012 0.531632
391.888702 0.024699
553.674377 0.298582
544.040771 0.272327
609.992554 0.441229
646.442383 0.512876
459.729034 0.085128
700.633118 0.586879
587.156372 0.387085
903.726868 0.683628
539.236877 0.259296
511.755829 0.187930
637.434570 0.496924
687.934937 0.572601
950.792480 0.690565
588.129822 0.389521
538.130676 0.256307
663.584106 0.540174
477.640778 0.114521
738.885437 0.620942
1012.678101 0.697160
398.273895 0.027796
564.773132 0.328672
375.202850 0.018220
491.275513 0.141271
469.926453 0.101056
728.248718 0.612668
865.191711 0.675847
561.087036 0.318725
553.638000 0.298483
426.653900 0.047095
1005.558350 0.696499
385.780304 0.022076
529.397888 0.232961
688.523499 0.573300
1532.527222 0.738828
853.774414 0.673034
700.231567 0.586453
782.880920 0.647549
393.623779 0.025503
659.182617 0.533536
505.755493 0.173534
597.398987 0.412175
488.206573 0.134928
389.217896 0.023514
575.553101 0.357315
962.515198 0.691987
615.123230 0.452452
905.362793 0.683909
487.622192 0.133742
505.801117 0.173642
825.222168 0.664664
669.983398 0.549385
364.987457 0.015194
466.712097 0.095807
706.048096 0.592476
783.769409 0.647981
1245.896973 0.714512
830.120117 0.666253
499.627075 0.159427
500.720795 0.161898
507.502563 0.177669
678.670654 0.561087
581.783936 0.373461
488.510986 0.135549
466.633698 0.095681
812.126282 0.660058
387.951996 0.022973
412.099487 0.035949
662.247986 0.538186
897.934509 0.682602
541.015686 0.264112
422.030426 0.043236
394.889801 0.026107
525.483032 0.222680
434.557037 0.054449
1291.476318 0.717888
865.240967 0.675859
1108.504150 0.704786
761.810547 0.636176
539.230957 0.259280
1403.121216 0.726880
487.869293 0.134243
498.166351 0.156160
1031.102173 0.698790
503.144226 0.167446
979.671448 0.693904
493.724213 0.146461
1089.341431 0.703387
562.451233 0.322414
561.000488 0.318491
614.246887 0.450561
694.549011 0.580246
492.509247 0.143871
457.676849 0.082177
510.797180 0.185593
648.350769 0.516111
676.987915 0.558890
593.511963 0.402798
474.036133 0.108077
430.569336 0.050615
941.139282 0.689315
679.945740 0.562729
871.363525 0.677260
803.741821 0.656808
361.834930 0.014378
1345.014526 0.722059
609.338135 0.439771
616.164246 0.454684
499.504425 0.159151
435.448395 0.055341
653.348389 0.524346
598.583130 0.414995
397.713440 0.027509
511.278137 0.186764
952.963562 0.690836
484.797516 0.128099
841.791809 0.669773
476.861481 0.113105
1652.012085 0.751365
773.612305 0.642822
874.597656 0.677972
1474.984497 0.733303
932.805725 0.688171
723.324280 0.608547
381.174835 0.020297
419.033417 0.040897
357.838470 0.013416
1332.614014 0.721071
1041.295410 0.699647
445.450684 0.066292
523.662048 0.217946
421.918030 0.043146
354.112457 0.012587
513.799316 0.192953
453.505859 0.076435
329.657990 0.008441
777.599060 0.644905
669.699829 0.548988
452.135895 0.074623
971.893127 0.693057
778.537048 0.645384
324.877533 0.007842
1091.469971 0.703545
498.773895 0.157514
593.375732 0.402467
799.608032 0.655112
626.734680 0.476482
442.140808 0.062473
430.352234 0.050414
698.139587 0.584206
688.834900 0.573669
638.537354 0.498938
478.995728 0.117012
323.433411 0.007671
433.563690 0.053470
881.166565 0.679363
866.758972 0.676213
562.817810 0.323403
389.127197 0.023474
407.610352 0.033066
325.198242 0.007880
616.392700 0.455172
330.402618 0.008540
513.639709 0.192558
471.246094 0.103273
822.876892 0.663878
519.585266 0.207475
412.429077 0.036170
491.271851 0.141263
369.449005 0.016439
525.587341 0.222952
929.487549 0.687698
1200.858032 0.711294
494.873444 0.148935
496.502991 0.152486
534.771667 0.247271
846.252075 0.671026
489.355804 0.137282
533.043091 0.242646
441.888397 0.062190
534.819519 0.247399
1082.340210 0.702866
567.694336 0.336508
1558.500977 0.741433
482.168335 0.122991
619.023376 0.460737
583.278137 0.377280
463.413574 0.090640
479.383850 0.117732
504.290466 0.170105
635.993652 0.494266
1531.419678 0.738719
415.193481 0.038080
940.594910 0.689242
692.047913 0.577410
579.875671 0.368553
499.630127 0.159434
1024.695923 0.698236
473.021637 0.106312
1023.706055 0.698149
760.536316 0.635413
571.397156 0.346365
428.871765 0.049060
585.583801 0.383128
735.478333 0.618382
608.316101 0.437483
423.439178 0.044379
675.731628 0.557229
566.063293 0.332139
768.996826 0.640310
449.065094 0.070692
561.954529 0.321072
448.382751 0.069843
895.564087 0.682170
362.287659 0.014492
516.041199 0.198529
1299.006592 0.718460
800.412781 0.655448
878.237976 0.678752
396.688873 0.026992
369.284241 0.016391
249.079697 0.003027
597.042664 0.411323
577.333862 0.361964
331.679047 0.008713
352.447784 0.012236
511.264221 0.186730
1127.271729 0.706127
519.539368 0.207358
519.613586 0.207547
436.405151 0.056314
820.244995 0.662977
1343.888428 0.721969
454.432831 0.077682
359.519531 0.013812
735.595337 0.618471
571.604187 0.346914
564.212585 0.327164
634.212891 0.490941
340.832733 0.010087
379.191772 0.019580
390.933228 0.024268
507.278564 0.177136
486.801941 0.132087
530.112732 0.234852
728.811279 0.613127
556.901672 0.307369
443.973999 0.064564
597.688843 0.412867
372.569092 0.017379
348.563293 0.011461
622.438110 0.467814
749.360901 0.628314
1221.719849 0.712773
399.329956 0.028347
1472.518677 0.733074
444.599731 0.065292
662.153015 0.538043
472.589050 0.105565
449.153778 0.070803
758.207947 0.633995
538.995056 0.258642
811.905273 0.659975
397.719513 0.027512
842.820435 0.670066
990.477173 0.695026
877.592834 0.678616
718.181396 0.604032
1088.374268 0.703316
480.254272 0.119359
345.789917 0.010943
394.184845 0.025769
645.705078 0.511613
844.620361 0.670573
524.458496 0.220012
774.930725 0.643520
1507.421509 0.736376
939.798828 0.689135
623.063721 0.469093
506.248901 0.174697
1027.263672 0.698460
470.694916 0.102343
739.108826 0.621107
483.063965 0.124715
707.000000 0.593431
437.913116 0.057878
631.806702 0.486376
473.251129 0.106709
807.635437 0.658348
843.637329 0.670297
746.523071 0.626389
423.519623 0.044445
608.482178 0.437856
1763.709595 0.764266
714.158875 0.600346
769.419739 0.640545
367.777496 0.015960
1829.227539 0.772273
738.857544 0.620921
1655.718628 0.751776
1556.171753 0.741197
599.821594 0.417925
366.475830 0.015597
470.603577 0.102189
603.895325 0.427423
702.496155 0.588837
479.808380 0.118524
424.892303 0.045588
424.038422 0.044874
649.557190 0.518130
631.597412 0.485975
742.492126 0.623563
494.820160 0.148820
819.440491 0.662697
347.518036 0.011262
421.116791 0.042510
818.622253 0.662410
658.331787 0.532224
506.136078 0.174431
389.858063 0.023792
846.152283 0.670999
525.219116 0.221992
490.190460 0.139008
315.776001 0.006844
466.062439 0.094771
657.606506 0.531098
774.801758 0.643452
703.687378 0.590071
562.800537 0.323357
537.032959 0.253348
406.840973 0.032596
823.527649 0.664098
657.673767 0.531203
642.741821 0.506460
527.963257 0.229178
391.956726 0.024730
499.378387 0.158868
408.075684 0.033354
656.970215 0.530104
334.905487 0.009169
500.918854 0.162348
425.889099 0.046435
510.748810 0.185476
746.698914 0.626509
751.911743 0.630001
705.874084 0.592300
895.035217 0.682072
491.936768 0.142661
506.688843 0.175737
658.063660 0.531809
517.310059 0.201714
434.840271 0.054731
461.882965 0.088317
418.959778 0.040842
702.146301 0.588472
776.457825 0.644317
1232.554688 0.713548
428.509308 0.048734
430.021515 0.050108
804.182434 0.656985
663.002136 0.539311
526.638428 0.225700
635.880310 0.494056
389.637665 0.023696
1229.867920 0.713356
601.078613 0.420879
399.647858 0.028514
772.753113 0.642363
516.855774 0.200571
643.298462 0.507437
486.154205 0.130790
531.753113 0.239207
401.922791 0.029745
581.574158 0.372923
549.114502 0.286149
1257.676270 0.715371
518.568054 0.204891
663.407043 0.539912
529.479736 0.233177
463.974060 0.091502
538.568359 0.257489
396.848206 0.027071
543.132690 0.269858
439.095734 0.059132
1421.270752 0.728453
664.088745 0.540919
433.726959 0.053629
621.589783 0.466071
822.201538 0.663649
482.711853 0.124035
515.215698 0.196468
291.522095 0.004901
314.337128 0.006702
930.793396 0.687886
549.025024 0.285905
458.560913 0.083438
319.024292 0.007180
429.892883 0.049990
445.714874 0.066606
915.656067 0.685606
631.707275 0.486185
592.270081 0.399764
637.230225 0.496549
725.775818 0.610623
771.986511 0.641950
496.907684 0.153375
758.725952 0.634313
760.034607 0.635110
698.364868 0.584450
308.744415 0.006185
1074.281982 0.702258
370.738617 0.016821
887.479736 0.680633
425.299103 0.045932
461.535126 0.087796
322.747986 0.007592
1969.159912 0.790111
1324.197266 0.720408
783.949402 0.648068
574.513733 0.354589
455.946381 0.079753
689.658508 0.574638
642.012268 0.505173
739.359436 0.621291
786.877625 0.649464
396.351746 0.026823
1326.841797 0.720616
477.608521 0.114462
423.059967 0.044068
383.430939 0.021148
330.057617 0.008494
488.437439 0.135399
1232.252930 0.713527
564.538025 0.328040
482.180420 0.123014
366.246735 0.015534
834.605835 0.667648
524.030579 0.218901
640.213074 0.501966
903.339600 0.683561
374.727478 0.018065
838.434387 0.668797
526.213257 0.224587
435.539429 0.055433
599.692444 0.417620
745.827026 0.625908
518.459656 0.204617
804.695312 0.657191
628.808655 0.480572
597.084229 0.411423
583.684021 0.378313
415.060516 0.037986
836.493164 0.668219
492.817139 0.144525
391.455109 0.024503
704.855408 0.591267
645.409119 0.511104
615.807800 0.453922
626.882629 0.476776
593.542480 0.402873
396.299377 0.026797
936.057739 0.688625
498.011108 0.155815
462.550720 0.089324
488.928925 0.136405
1446.457153 0.730691
678.768005 0.561213
391.405823 0.024480
437.709290 0.057664
872.145691 0.677434
881.536011 0.679439
1783.694824 0.766678
1018.780518 0.697713
790.431152 0.651108
421.881744 0.043117
421.457245 0.042779
337.591431 0.009572
408.316254 0.033503
328.900146 0.008343
634.202148 0.490920
390.105621 0.023901
939.116638 0.689043
453.747742 0.076759
400.600983 0.029024
404.485046 0.031197
407.853394 0.033216
463.331421 0.090514
599.539734 0.417260
518.263916 0.204121
511.546753 0.187419
739.885559 0.621678
436.990387 0.056916
597.180115 0.411652
300.890808 0.005547
516.454529 0.199564
642.485474 0.506009
937.069397 0.688764
629.356384 0.481642
473.526184 0.107187
318.658722 0.007141
1285.562622 0.717442
508.421478 0.179863
329.979095 0.008484
580.681396 0.370630
866.741699 0.676209
425.654114 0.046234
662.626709 0.538752
524.155518 0.219226
475.654541 0.110937
441.722015 0.062004
717.035828 0.602997
806.950317 0.658081
396.874084 0.027084
480.213348 0.119282
633.329712 0.489275
378.496429 0.019335
615.530579 0.453327
706.328308 0.592758
417.152191 0.039493
569.424988 0.341126
430.441040 0.050496
425.149475 0.045805
466.852509 0.096032
1393.583008 0.726066
537.535645 0.254702
705.944824 0.592372
742.937134 0.623880
837.603149 0.668551
624.583252 0.472175
369.763000 0.016531
459.531219 0.084840
365.842590 0.015424
838.196655 0.668727
645.039001 0.510466
523.725586 0.218111
514.208313 0.193965
401.103424 0.029296
430.510345 0.050560
568.902344 0.339733
505.682312 0.173362
516.639038 0.200027
868.118286 0.676526
766.958252 0.639166
888.976990 0.680925
520.163086 0.208948
490.759460 0.140192
597.338440 0.412031
346.198029 0.011018
500.676544 0.161798
538.090759 0.256200
473.532257 0.107197
1422.491699 0.728560
537.069702 0.253447
423.281403 0.044249
650.096802 0.519027
2590.934326 0.862759
740.914124 0.622427
320.517517 0.007341
453.515900 0.076448
783.788147 0.647990
578.531372 0.365076
622.790344 0.468535
452.968414 0.075720
459.379364 0.084620
599.169678 0.416385
589.834351 0.393762
740.882690 0.622404
479.255890 0.117494
1534.389038 0.739013
360.914734 0.014150
725.324951 0.610244
377.419861 0.018962
532.591248 0.241440
1640.224976 0.750067
311.115479 0.006397
499.581482 0.159325
786.901306 0.649475
330.014771 0.008489
388.339569 0.023137
741.556702 0.622892
335.201294 0.009212
945.049988 0.689830
898.699219 0.682740
482.147675 0.122951
1023.604248 0.698140
416.608582 0.039096
534.056885 0.245356
1701.348877 0.756934
352.827606 0.012315
610.967285 0.443389
391.969421 0.024736
602.375061 0.423904
688.372437 0.573121
749.720032 0.628554
477.045105 0.113438
1412.607178 0.727698
763.029175 0.636897
499.295044 0.158681
916.949829 0.685810
817.579773 0.662042
889.443665 0.681015
489.280090 0.137126
747.618713 0.627138
399.915009 0.028656
533.099792 0.242797
559.282104 0.313835
422.686371 0.043764
675.950623 0.557520
439.557281 0.059628
1084.286377 0.703012
1103.404419 0.704417
550.079590 0.288781
465.769531 0.094308
434.752136 0.054643
648.372986 0.516149
397.444153 0.027372
345.853638 0.010955
1035.139282 0.699133
453.318817 0.076185
522.626343 0.215269
506.502747 0.175297
435.207581 0.055099
668.492371 0.547285
485.331940 0.129155
271.416809 0.003838
678.475952 0.560835
348.601166 0.011468
497.208008 0.154037
287.835724 0.004675
954.127380 0.690980
487.835815 0.134175
670.071289 0.549508
893.130249 0.681717
580.604492 0.370432
1016.473145 0.697505
496.453339 0.152377
857.646973 0.674019
715.908813 0.601967
455.701447 0.079415
538.251953 0.256635
514.799011 0.195431
588.316345 0.389987
536.141418 0.250948
539.235413 0.259292
691.877380 0.577214
362.652710 0.014585
644.632935 0.509763
965.666382 0.692353
589.716858 0.393470
536.313904 0.251412
406.411743 0.032336
501.066101 0.162683
1573.267090 0.742944
717.659180 0.603562
771.025391 0.641428
300.580963 0.005524
536.697632 0.252445
904.774170 0.683808
850.140503 0.672080
323.331360 0.007659
1217.867432 0.712498
943.347168 0.689607
492.741730 0.144365
710.003723 0.596389
701.733154 0.588039
598.075806 0.413789
370.173401 0.016652
453.958801 0.077042
354.417419 0.012652
552.940369 0.296582
307.899414 0.006112
842.612305 0.670007
337.761230 0.009598
1763.818970 0.764279
577.252319 0.361752
836.642944 0.668264
538.197327 0.256487
282.806580 0.004392
612.806519 0.447430
564.549927 0.328072
565.985474 0.331930
536.021851 0.250627
703.402283 0.589777
432.613495 0.052548
592.863037 0.401215
418.611877 0.040579
1943.013794 0.786726
645.974365 0.512075
397.873199 0.027591
438.304993 0.058291
430.035858 0.050121
1213.631470 0.712197
411.630280 0.035636
566.718872 0.333896
516.328918 0.199249
490.633179 0.139928
688.594727 0.573385
433.420135 0.053329
746.220337 0.626180
775.214783 0.643669
447.360931 0.068587
512.956543 0.190874
402.643127 0.030146
556.634277 0.306642
430.541809 0.050589
839.252991 0.669037
374.602234 0.018024
1944.168457 0.786875
504.180908 0.169850
396.164185 0.026730
412.851837 0.036456
559.507996 0.314447
355.856964 0.012967
550.606995 0.290219
505.768311 0.173565
404.291718 0.031085
418.421082 0.040435
745.889954 0.625952
516.539490 0.199777
577.252258 0.361752
1436.498291 0.729798
507.196228 0.176940
1146.545776 0.707486
1258.045166 0.715398
454.960236 0.078398
672.019958 0.552210
467.154785 0.096517
454.840302 0.078235
886.668152 0.680473
414.451996 0.037558
586.130493 0.384506
511.927490 0.188349
662.056030 0.537898
1022.407593 0.698035
572.053284 0.348103
716.567932 0.602571
1872.825684 0.777743
726.889771 0.611550
1338.424561 0.721532
794.342346 0.652857
543.448914 0.270717
759.911560 0.635036
589.357361 0.392578
531.538940 0.238638
480.514557 0.119848
647.862000 0.515287
422.993896 0.044014
841.069092 0.669565
836.620728 0.668258
407.044098 0.032719
440.710968 0.060884
463.744385 0.091148
428.738434 0.048940
516.735474 0.200269
416.025970 0.038674
652.249878 0.522565
497.388428 0.154435
507.994049 0.178841
731.577454 0.615348
608.646179 0.438224
313.360901 0.006607
478.595123 0.116271
426.290558 0.046781
1106.237671 0.704622
601.666870 0.422254
940.202209 0.689189
391.075195 0.024332
425.776794 0.046339
624.789551 0.472591
499.385437 0.158884
756.714294 0.633069
503.340607 0.167900
1116.261353 0.705343
341.415314 0.010183
500.020477 0.160314
409.446991 0.034216
379.478760 0.019682
440.071930 0.060186
464.687256 0.092608
525.194092 0.221927
1018.381226 0.697677
1043.041260 0.699791
347.729645 0.011302
309.728394 0.006272
417.290649 0.039594
584.503540 0.380395
784.425232 0.648297
853.513062 0.672966
540.038208 0.261464
529.268066 0.232618
559.738037 0.315071
391.658173 0.024594
633.705383 0.489985
623.314453 0.469603
476.537689 0.112521
757.630737 0.633639
378.667908 0.019395
1178.898193 0.709751
749.984924 0.628731
531.709961 0.239093
475.814056 0.111222
726.307922 0.611067
358.916260 0.013668
811.812683 0.659941
447.592712 0.068870
1200.199341 0.711247
881.718445 0.679477
1245.839722 0.714508
1196.260376 0.710970
391.222504 0.024398
357.404846 0.013317
801.290222 0.655810
888.549316 0.680842
328.473602 0.008288
505.522125 0.172986
582.079590 0.374218
543.442444 0.270700
448.510010 0.070000
374.714050 0.018060
417.484985 0.039738
373.225342 0.017585
1131.566895 0.706431
861.740601 0.675025
433.032532 0.052953
416.725098 0.039180
846.934998 0.671214
551.965698 0.293924
404.097443 0.030973
1878.417236 0.778452
811.113770 0.659678
647.628418 0.514893
384.057587 0.021392
566.719055 0.333897
1023.983826 0.698174
1395.411621 0.726221
1221.960815 0.712790
524.664795 0.220549
424.017273 0.044856
1032.318359 0.698894
739.294678 0.621244
775.784546 0.643967
557.634644 0.309362
372.413177 0.017331
878.934814 0.678899
465.131409 0.093303
408.408386 0.033561
378.345947 0.019282
441.853271 0.062151
821.825439 0.663521
507.304688 0.177198
358.253052 0.013513
451.231171 0.073446
454.454742 0.077711
367.516876 0.015886
374.164490 0.017883
549.768677 0.287933
868.917725 0.676709
495.278656 0.149814
575.744751 0.357816
575.373840 0.356845
723.923035 0.609058
955.285828 0.691122
451.245544 0.073465
635.568970 0.493477
419.969116 0.041614
423.740723 0.044627
823.915100 0.664228
367.605377 0.015911
350.918671 0.011923
564.744568 0.328595
532.084595 0.240090
812.361450 0.660145
471.780884 0.104181
518.621521 0.205027
548.461182 0.284367
544.502930 0.273584
765.672485 0.638432
515.921814 0.198230
841.811646 0.669778
617.658264 0.457862
621.498474 0.465883
1062.962402 0.701386
500.799072 0.162076
723.381958 0.608596
718.834534 0.604618
981.649170 0.694114
627.575378 0.478148
652.567017 0.523081
412.074432 0.035932
480.570526 0.119954
421.053986 0.042460
1358.111572 0.723118
499.328491 0.158756
849.459595 0.671898
377.216003 0.018893
676.135559 0.557765
477.341858 0.113976
558.588440 0.311952
581.767944 0.373420
546.116516 0.277977
1057.491821 0.700956
493.798035 0.146619
615.375977 0.452995
519.058472 0.206135
540.369934 0.262362
381.547546 0.020435
506.666626 0.175685
302.186554 0.005646
510.314514 0.184422
1280.281250 0.717045
935.731689 0.688580
600.201050 0.418819
569.826416 0.342195
283.775452 0.004445
658.791504 0.532934
457.038788 0.081276
602.764343 0.424808
932.919739 0.688187
450.061523 0.071948
459.862213 0.085323
611.018433 0.443502
437.840790 0.057802
330.825073 0.008597
462.123566 0.088679
602.829956 0.424960
407.590027 0.033053
1922.524414 0.784086
562.280701 0.321953
334.992706 0.009182
591.042847 0.396748
703.401855 0.589776
518.369690 0.204389
430.537292 0.050585
408.113647 0.033377
888.286133 0.680790
315.339142 0.006800
402.142029 0.029867
455.680878 0.079387
573.570984 0.352109
690.070496 0.575120
634.855774 0.492146
464.130219 0.091743
448.111877 0.069508
580.635315 0.370511
600.756531 0.420124
503.337433 0.167893
567.195496 0.335173
748.022522 0.627412
679.623230 0.562316
378.211792 0.019236
488.337006 0.135194
790.851318 0.651299
634.162415 0.490846
719.209351 0.604952
566.242188 0.332618
520.125183 0.208851
660.635559 0.535755
1229.248779 0.713311
775.960999 0.644059
826.425537 0.665061
721.223755 0.606729
2247.806152 0.825867
514.160767 0.193847
562.282227 0.321957
621.091858 0.465044
636.265503 0.494770
519.437744 0.207099
444.627258 0.065324
1001.658386 0.696127
683.758972 0.567530
575.793701 0.357944
352.274567 0.012200
664.827515 0.542004
783.090637 0.647651
415.394684 0.038223
767.480835 0.639461
502.364594 0.165651
531.590271 0.238774
570.244629 0.343307
604.651306 0.429162
284.536499 0.004487
425.674805 0.046252
895.486084 0.682155
400.723938 0.029090
632.297913 0.487314
282.322479 0.004366
531.185425 0.237698
1010.679443 0.696977
726.510864 0.611236
404.244141 0.031058
613.039001 0.447937
653.987305 0.525375
418.451874 0.040458
646.290039 0.512616
311.275787 0.006412
503.946960 0.169306
463.060730 0.090100
433.280365 0.053193
498.049805 0.155901
362.922394 0.014654
1041.736816 0.699684
477.884583 0.114966
342.449677 0.010357
405.659088 0.031886
830.312622 0.666314
506.807343 0.176018
441.842865 0.062139
671.272522 0.551179
361.028595 0.014178
335.097107 0.009197
923.862854 0.686872
441.377411 0.061620
658.983887 0.533231
241.613892 0.002818
896.179749 0.682283
465.991699 0.094659
536.605957 0.252198
808.474792 0.658673
749.578308 0.628459
525.047791 0.221545
762.354980 0.636499
412.024292 0.035899
492.776886 0.144439
514.378723 0.194387
781.638306 0.646939
1042.941406 0.699783
480.507416 0.119835
775.171875 0.643646
399.277710 0.028319
365.357452 0.015293
418.799316 0.040720
577.700928 0.362919
1021.772583 0.697979
691.548767 0.576836
1055.868896 0.700828
410.953705 0.035190
414.919769 0.037887
422.667450 0.043749
1417.576050 0.728130
705.412476 0.591833
796.136658 0.653638
959.659729 0.691650
301.085785 0.005562
426.358490 0.046839
618.969666 0.460624
844.549744 0.670553
1317.957520 0.719921
436.430695 0.056340
848.894226 0.671746
504.101685 0.169666
845.990295 0.670954
505.312744 0.172494
529.838928 0.234127
439.588989 0.059662
1534.222900 0.738996
389.746857 0.023744
616.552002 0.455512
1068.082153 0.701783
411.327087 0.035436
410.341644 0.034791
325.125549 0.007871
1241.534912 0.714196
451.389099 0.073650
403.526886 0.030646
597.487793 0.412387
937.556885 0.688831
338.209259 0.009667
360.946686 0.014158
549.558105 0.287358
879.875000 0.679095
1107.126343 0.704687
507.552643 0.177788
783.307251 0.647757
668.683411 0.547555
560.767700 0.317861
861.705444 0.675017
398.543549 0.027936
430.929138 0.050950
378.270752 0.019256
340.982941 0.010112
1115.054199 0.705257
401.803864 0.029680
521.110168 0.211370
734.479553 0.617616
611.540894 0.444654
500.344940 0.161047
367.493561 0.015880
399.187073 0.028271
931.436340 0.687977
655.900635 0.528422
409.815460 0.034452
1493.917969 0.735084
670.182922 0.549664
1378.927246 0.724833
877.544861 0.678605
726.337708 0.611092
478.539246 0.116168
630.435303 0.483737
738.004211 0.620288
678.526794 0.560900
1249.522095 0.714775
336.376373 0.009387
449.115936 0.070756
499.820618 0.159863
646.341858 0.512705
663.281128 0.539725
401.073120 0.029279
1614.945312 0.747327
359.869171 0.013896
380.639893 0.020101
636.751770 0.495668
430.229950 0.050300
1022.366028 0.698031
470.466949 0.101960
545.542236 0.276413
486.013916 0.130510
686.434082 0.570801
648.208679 0.515872
767.179932 0.639291
609.175049 0.439407
484.712280 0.127932
538.351196 0.256903
845.460693 0.670807
444.316986 0.064962
465.103607 0.093259
827.227905 0.665323
659.788086 0.534464
555.518860 0.303606
412.941467 0.036517
603.396790 0.426272
594.363037 0.404867
556.020569 0.304972
348.693909 0.011486
1558.075195 0.741390
371.850159 0.017157
689.115784 0.574000
424.332275 0.045118
593.776123 0.403441
526.294983 0.224801
482.067169 0.122797
431.452332 0.051442
347.003754 0.011166
598.373047 0.414496
456.444611 0.080445
574.131897 0.353585
424.332825 0.045119
601.671143 0.422264
403.563080 0.030667
295.393890 0.005154
525.541931 0.222833
1364.028809 0.723601
1113.718018 0.705161
561.145630 0.318884
365.193542 0.015249
915.116333 0.685520
506.547760 0.175403
947.601257 0.690160
1106.359253 0.704631
1244.870117 0.714437
366.833221 0.015695
1382.530518 0.725134
362.598694 0.014571
436.366364 0.056274
783.617737 0.647907
385.047455 0.021782
480.362610 0.119563
395.667603 0.026486
402.189423 0.029893
532.492737 0.241178
451.773193 0.074149
754.535278 0.631694
520.705750 0.210334
535.785400 0.249992
465.101227 0.093256
373.513031 0.017675
638.564697 0.498988
456.252747 0.080178
733.581238 0.616920
393.519043 0.025454
650.040161 0.518933
713.723450 0.599939
521.966797 0.213570
952.726501 0.690806
507.983978 0.178817
576.306335 0.359285
421.034546 0.042445
565.815918 0.331475
476.709991 0.112831
506.407562 0.175072
437.732971 0.057689
460.505615 0.086267
803.783936 0.656825
915.668152 0.685608
534.070190 0.245392
624.618103 0.472245
582.259949 0.374680
620.381592 0.463572
766.455139 0.638880
505.423676 0.172755
713.686584 0.599904
517.077332 0.201128
1918.323730 0.783546
420.030823 0.041662
616.711365 0.455852
789.163635 0.650528
870.702026 0.677112
590.206848 0.394684
710.019653 0.596404
397.544342 0.027423
833.861450 0.667421
670.940491 0.550719
450.653076 0.072702
1075.742920 0.702369
453.440796 0.076348
421.001831 0.042419
423.704224 0.044597
468.948029 0.099436
379.753052 0.019780
647.409119 0.514521
860.718872 0.674777
692.763977 0.578229
614.584229 0.451290
2048.502441 0.800439
404.200958 0.031033
500.003052 0.160274
479.401062 0.117764
428.081177 0.048351
742.905884 0.623858
428.719177 0.048922
608.518066 0.437936
418.031219 0.040143
1204.902710 0.711579
753.307861 0.630907
633.572632 0.489734
423.530121 0.044453
429.694824 0.049808
522.869324 0.215896
459.239532 0.084417
530.919861 0.236993
966.565552 0.692456
480.501099 0.119823
407.557068 0.033033
367.129822 0.015778
627.359985 0.477722
756.654114 0.633031
537.542480 0.254721
423.833832 0.044704
456.287445 0.080226
905.158264 0.683874
571.365540 0.346282
416.637238 0.039116
512.057129 0.188666
578.856262 0.365918
816.593079 0.661690
407.807648 0.033188
685.733093 0.569951
535.474854 0.249157
638.101746 0.498144
512.302246 0.189267
492.506744 0.143866
648.072266 0.515642
327.783173 0.008199
403.321747 0.030529
582.864563 0.376225
572.290833 0.348731
382.871094 0.020934
469.073090 0.099642
504.333282 0.170205
391.633698 0.024583
438.345032 0.058333
1142.332642 0.707190
574.312256 0.354059
1408.644775 0.727355
582.673340 0.375737
450.156281 0.072068
898.921753 0.682780
941.014709 0.689298
472.540955 0.105482
836.918457 0.668347
582.045898 0.374132
637.232544 0.496553
573.004028 0.350614
438.212097 0.058193
1512.523438 0.736869
558.069946 0.310544
406.948151 0.032661
775.420532 0.643777
1420.978394 0.728427
402.840363 0.030257
512.174011 0.188953
1220.539062 0.712689
1041.369507 0.699653
1065.938110 0.701617
713.879150 0.600084
432.369141 0.052313
828.034302 0.665585
419.083374 0.040935
576.973145 0.361025
614.613403 0.451353
427.333405 0.047689
1125.606934 0.706009
407.509460 0.033004
392.344604 0.024908
713.489685 0.599719
456.958801 0.081164
284.585968 0.004489
522.874023 0.215908
1024.476318 0.698217
524.768677 0.220819
516.556335 0.199819
347.787567 0.011313
568.306335 0.338143
997.437866 0.695718
401.089355 0.029288
849.291870 0.671853
602.308716 0.423749
415.344391 0.038187
789.948242 0.650888
582.282227 0.374737
621.798828 0.466502
631.626648 0.486031
532.391296 0.240907
540.700684 0.263258
267.491150 0.003672
682.185120 0.565569
641.082153 0.503521
716.435913 0.602450
657.045898 0.530223
546.649109 0.279428
439.842682 0.059937
832.639038 0.667043
421.304382 0.042658
707.355591 0.593785
712.678284 0.598954
710.722534 0.597085
409.673126 0.034361
1034.724609 0.699098
412.552216 0.036253
1112.046387 0.705041
1278.512573 0.716913
864.288025 0.675634
584.740784 0.380996
378.280823 0.019260
448.217407 0.069638
476.495544 0.112445
813.027588 0.660392
681.472717 0.564672
463.227661 0.090355
737.099304 0.619610
445.615204 0.066487
710.741028 0.597102
937.281677 0.688793
778.991455 0.645615
1027.239868 0.698457
542.702820 0.268690
435.926819 0.055826
464.375793 0.092124
429.751740 0.049860
394.042542 0.025701
1244.400391 0.714403
352.225342 0.012190
578.759766 0.365668
570.622864 0.344312
433.802399 0.053703
455.699799 0.079413
414.289398 0.037445
474.084259 0.108161
1802.570190 0.768982
332.990601 0.008895
515.849060 0.198048
588.030884 0.389274
952.601990 0.690791
523.381958 0.217221
535.994934 0.250555
511.812592 0.188068
432.158447 0.052112
447.141296 0.068320
416.753326 0.039201
855.241882 0.673411
493.190521 0.145320
454.696747 0.078040
1021.249756 0.697933
890.908447 0.681296
1048.201172 0.700213
605.307556 0.430665
421.623718 0.042911
1257.252808 0.715340
514.281372 0.194146
596.649963 0.410383
446.714050 0.067803
489.734192 0.138063
559.901367 0.315514
897.163330 0.682462
538.594604 0.257560
647.546631 0.514754
396.794281 0.027044
558.483093 0.311666
468.005493 0.097893
353.276031 0.012409
485.621307 0.129728
767.027710 0.639205
1923.005737 0.784148
789.979126 0.650902
440.297241 0.060431
515.157349 0.196322
389.949280 0.023832
596.352966 0.409670
522.587646 0.215169
428.530151 0.048752
726.031494 0.610836
434.827179 0.054718
487.956146 0.134419
456.697632 0.080798
675.771912 0.557282
680.487793 0.563422
376.101288 0.018517
493.593903 0.146182
774.558533 0.643323
704.826294 0.591238
488.221619 0.134959
352.440918 0.012234
579.749634 0.368228
1207.560181 0.711767
499.591583 0.159347
698.508911 0.584606
1090.648804 0.703484
438.082245 0.058056
319.986511 0.007283
682.584778 0.566070
352.675568 0.012283
399.418304 0.028393
620.043152 0.462868
260.122223 0.003389
827.728638 0.665486
604.406494 0.428600
785.301514 0.648717
452.631348 0.075274
331.203125 0.008648
468.000702 0.097886
1540.278809 0.739598
493.217438 0.145377
1153.303345 0.707960
486.669037 0.131820
480.673004 0.120147
678.173157 0.560441
446.195618 0.067179
474.597992 0.109064
802.138245 0.656158
630.121582 0.483130
875.538330 0.678176
681.394958 0.564574
455.961609 0.079774
476.112488 0.111756
404.215820 0.031041
1191.183472 0.710613
583.661804 0.378257
672.902893 0.553419
742.219666 0.623368
622.027588 0.466972
757.169067 0.633352
466.826996 0.095991
321.358704 0.007435
619.490845 0.461716
626.328491 0.475674
1003.841492 0.696336
540.955383 0.263948
1632.162720 0.749186
1025.161865 0.698277
551.515686 0.292697
294.135132 0.005070
567.296814 0.335444
532.591187 0.241440
563.217834 0.324483
578.157349 0.364105
495.381439 0.150037
645.570251 0.511381
563.325439 0.324773
429.578186 0.049702
418.492249 0.040488
745.247681 0.625506
352.971436 0.012345
549.972900 0.288490
677.040833 0.558960
980.311523 0.693973
641.065186 0.503490
697.452698 0.583459
511.760345 0.187941
2110.464111 0.808486
475.316895 0.110336
745.837646 0.625916
1070.984497 0.702006
684.318237 0.568221
1921.146851 0.783909
1208.280273 0.711818
393.746643 0.025561
289.366913 0.004767
633.148560 0.488932
550.575195 0.290132
718.362610 0.604195
325.865875 0.007961
670.369446 0.549924
696.562317 0.582483
414.336456 0.037478
341.380096 0.010178
727.516113 0.612067
456.558655 0.080604
592.936157 0.401394
737.414734 0.619847
520.186462 0.209007
396.235168 0.026766
645.016052 0.510426
510.724426 0.185417
861.292969 0.674917
1195.717285 0.710932
547.992065 0.283088
716.654541 0.602650
510.769409 0.185526
312.359772 0.006513
373.134460 0.017556
1911.839233 0.782714
341.072906 0.010127
475.724701 0.111062
471.498444 0.103701
360.173828 0.013969
349.088196 0.011562
1318.542725 0.719966
572.081909 0.348178
804.613098 0.657158
524.167908 0.219258
455.102753 0.078593
494.996246 0.149201
797.157043 0.654076
409.548096 0.034281
960.361511 0.691733
558.771057 0.312448
461.677002 0.088008
1038.626831 0.699426
1062.182983 0.701325
403.224915 0.030474
369.954010 0.016588
882.634399 0.679664
438.218903 0.058200
525.825562 0.223574
528.362610 0.230229
366.637024 0.015641
872.118591 0.677428
932.487610 0.688127
1153.568604 0.707978
633.106750 0.488852
874.015930 0.677846
470.836761 0.102581
655.039429 0.527057
1663.607422 0.752654
471.434204 0.103592
551.213806 0.291874
316.548950 0.006922
619.579895 0.461902
810.259216 0.659355
1160.070557 0.708433
412.583282 0.036274
579.529846 0.367660
1277.833252 0.716862
503.013824 0.167145
564.900208 0.329014
653.920410 0.525268
428.546509 0.048767
466.779846 0.095915
584.070740 0.379296
593.362427 0.402434
672.118591 0.552345
567.397522 0.335714
545.521790 0.276357
512.052734 0.188656
639.775452 0.501179
812.113586 0.660053
1022.309998 0.698026
902.881958 0.683481
805.544739 0.657528
373.252380 0.017593
945.074890 0.689834
1503.658569 0.736014
652.009216 0.522173
496.849243 0.153247
528.842529 0.231494
593.636108 0.403101
485.484375 0.129457
401.175293 0.029335
434.763672 0.054654
642.882568 0.506708
340.336517 0.010006
583.489258 0.377817
515.899963 0.198176
513.429749 0.192040
467.875641 0.097682
585.068298 0.381825
876.169495 0.678312
370.892700 0.016867
448.320221 0.069765
352.335358 0.012212
739.512573 0.621404
413.237671 0.036719
418.980164 0.040857
892.034607 0.681510
674.651001 0.555785
659.974487 0.534749
533.556946 0.244019
576.301331 0.359271
557.781616 0.309761
803.264465 0.656616
895.156311 0.682094
876.544983 0.678392
348.220520 0.011395
1263.438110 0.715794
614.456543 0.451014
655.508606 0.527802
308.839966 0.006194
762.779419 0.636750
642.695312 0.506378
1282.489380 0.717211
474.924438 0.109640
375.930054 0.018460
899.377869 0.682862
506.518219 0.175334
444.213806 0.064842
416.173950 0.038781
358.554138 0.013583
506.621429 0.175578
550.100159 0.288837
560.262512 0.316493
504.020874 0.169478
865.161133 0.675840
724.641479 0.609668
913.142700 0.685203
594.209045 0.404493
606.034119 0.432323
709.182434 0.595588
341.007538 0.010116
724.230042 0.609319
797.696594 0.654306
445.397919 0.066230
781.479126 0.646860
734.800354 0.617862
713.065369 0.599320
322.119720 0.007520
413.648438 0.037001
388.361786 0.023147
428.672729 0.048880
421.622284 0.042910
547.772888 0.282491
456.522980 0.080554
393.689331 0.025534
737.140198 0.619641
900.554443 0.683072
1507.871704 0.736419
1036.284058 0.699229
764.307861 0.637644
457.604218 0.082074
701.204102 0.587483
612.752563 0.447312
961.125610 0.691824
743.847656 0.624525
474.234863 0.108425
556.509705 0.306303
938.948303 0.689020
394.530518 0.025934
624.215454 0.471432
1034.050659 0.699041
492.920319 0.144744
431.676422 0.051654
1392.323364 0.725959
601.013428 0.420726
679.424622 0.562060
646.728882 0.513365
384.263947 0.021472
577.688843 0.362888
504.336823 0.170213
501.780487 0.164312
413.375671 0.036813
698.930603 0.585061
851.019287 0.672314
1087.671875 0.703264
664.874756 0.542073
1007.906494 0.696719
1247.187134 0.714605
681.695007 0.564952
452.717468 0.075388
810.605957 0.659487
671.238892 0.551132
460.158020 0.085756
1289.252563 0.717720
392.225281 0.024853
627.177490 0.477361
1095.895874 0.703870
556.759460 0.306982
491.610809 0.141975
888.975281 0.680924
410.457184 0.034866
572.089783 0.348199
667.122070 0.545330
897.210266 0.682471
779.784729 0.646015
490.675079 0.140016
992.730042 0.695253
420.069763 0.041692
489.409088 0.137392
363.924164 0.014913
522.318054 0.214474
445.828033 0.066740
735.390442 0.618315
333.613953 0.008983
702.953796 0.589312
1055.834473 0.700825
677.341553 0.559355
1067.234375 0.701718
1024.936768 0.698257
896.126770 0.682273
513.118896 0.191274
423.157990 0.044148
547.592346 0.281998
322.759644 0.007593
757.361755 0.633472
500.011749 0.160294
953.446106 0.690896
821.506226 0.663412
446.712189 0.067800
520.541321 0.209914
427.925812 0.048213
619.264648 0.461242
421.339996 0.042686
584.748535 0.381016
1107.653687 0.704725
694.579529 0.580281
414.602753 0.037664
746.140015 0.626125
998.734802 0.695845
414.110565 0.037320
918.800354 0.686100
832.154907 0.666893
631.678284 0.486130
670.170471 0.549647
638.544556 0.498951
1510.787476 0.736701
514.772339 0.195365
484.402374 0.127323
517.621094 0.202498
441.441162 0.061691
522.763794 0.215623
564.405029 0.327682
396.437592 0.026866
532.218933 0.240448
511.730408 0.187867
487.490936 0.133476
609.935364 0.441102
676.887207 0.558758
408.832764 0.033827
672.214722 0.552477
978.300110 0.693758
639.042786 0.499855
461.213470 0.087316
695.567505 0.581383
386.212494 0.022252
400.284149 0.028853
408.753418 0.033777
1092.471313 0.703618
664.307068 0.541241
535.546753 0.249350
594.598694 0.405438
575.510315 0.357203
556.721497 0.306879
472.854767 0.106023
505.099426 0.171994
1060.094727 0.701162
525.323914 0.222265
371.941406 0.017185
751.752563 0.629897
526.828552 0.226198
475.258850 0.110233
410.088867 0.034628
687.015686 0.571501
420.030853 0.041662
921.112610 0.686456
518.190613 0.203936
1148.824219 0.707646
469.921387 0.101048
368.693604 0.016221
636.537048 0.495272
679.972168 0.562763
325.282654 0.007890
445.358948 0.066184
544.122009 0.272548
372.388702 0.017323
643.644531 0.508043
1121.366943 0.705707
344.157745 0.010652
540.069824 0.261549
500.659760 0.161760
276.280579 0.004061
768.219238 0.639876
666.303162 0.544151
383.180908 0.021052
572.393555 0.349002
579.008972 0.366313
1219.013306 0.712580
763.988037 0.637458
529.007568 0.231930
350.114227 0.011763
395.716064 0.026510
568.644043 0.339044
508.445679 0.179921
567.276611 0.335390
1052.422607 0.700553
633.900269 0.490352
366.613342 0.015635
438.980438 0.059009
1663.248169 0.752614
433.593018 0.053498
691.566101 0.576856
1989.326416 0.792731
1156.095093 0.708155
788.891174 0.650403
1249.098755 0.714744
564.118835 0.326911
556.558899 0.306437
399.761810 0.028575
637.989014 0.497939
785.373291 0.648752
730.267395 0.614303
722.510681 0.607847
675.513672 0.556939
924.765076 0.687006
350.004150 0.011741
466.188141 0.094971
725.376831 0.610288
465.611969 0.094059
956.808777 0.691307
688.520691 0.573297
638.210571 0.498343
526.288330 0.224783
760.713745 0.635520
784.003418 0.648094
859.958435 0.674591
468.206268 0.098221
426.284424 0.046775
580.978821 0.371395
633.863953 0.490284
425.353149 0.045978
326.907074 0.008089
566.160400 0.332399
413.491913 0.036893
771.563416 0.641720
627.433716 0.477868
1990.939087 0.792941
941.908203 0.689417
416.576935 0.039073
659.864502 0.534581
808.547119 0.658701
499.517090 0.159180
423.865051 0.044730
581.580933 0.372941
432.560760 0.052497
1103.131470 0.704398
579.581909 0.367795
612.206543 0.446117
489.462341 0.137502
477.183807 0.113689
1789.302856 0.767360
1014.725525 0.697347
483.333221 0.125237
1386.507324 0.725468
375.765289 0.018405
454.165344 0.077320
476.653717 0.112730
318.596283 0.007134
771.839722 0.641870
584.091431 0.379349
