977.39929 500.000000 1.000000
502.65100 500.000000 1.000000
811.93652 500.000000 1.000000
739.74401 500.000000 1.000000
683.11492 500.000000 1.000000
447.36041 500.000000 1.000000
508.48675 500.000000 1.000000
453.66592 500.000000 1.000000
732.54736 500.000000 1.000000
364.25051 500.000000 1.000000
621.99542 500.000000 1.000000
656.21563 500.000000 1.000000
987.45849 500.000000 1.000000
531.12292 500.000000 1.000000
910.62097 500.000000 1.000000
570.59570 500.000000 1.000000
467.07601 500.000000 1.000000
559.61175 500.000000 1.000000
963.12054 500.000000 1.000000
439.91003 500.000000 1.000000
539.51458 500.000000 1.000000
447.87286 500.000000 1.000000
555.06420 500.000000 1.000000
1448.6590 500.000000 1.000000
601.41839 500.000000 1.000000
443.75082 500.000000 1.000000
627.34515 500.000000 1.000000
1094.7282 500.000000 1.000000
747.16143 500.000000 1.000000
1035.1103 500.000000 1.000000
560.07464 500.000000 1.000000
1588.5596 500.000000 1.000000
419.21289 500.000000 1.000000
471.94039 500.000000 1.000000
492.38830 500.000000 1.000000
718.84210 500.000000 1.000000
776.05633 500.000000 1.000000
396.72232 500.000000 1.000000
430.21710 500.000000 1.000000
471.79159 500.000000 1.000000
587.53778 500.000000 1.000000
406.60501 500.000000 1.000000
676.12921 500.000000 1.000000
505.81961 500.000000 1.000000
948.52832 500.000000 1.000000
428.70651 500.000000 1.000000
510.74313 500.000000 1.000000
807.64526 500.000000 1.000000
718.40356 500.000000 1.000000
488.77182 500.000000 1.000000
515.18530 500.000000 1.000000
392.32305 500.000000 1.000000
536.81634 500.000000 1.000000
1513.6671 500.000000 1.000000
525.13421 500.000000 1.000000
504.71722 500.000000 1.000000
463.13470 500.000000 1.000000
496.55053 500.000000 1.000000
502.31381 500.000000 1.000000
526.54504 500.000000 1.000000
626.09259 500.000000 1.000000
494.26535 500.000000 1.000000
440.18139 500.000000 1.000000
556.37640 500.000000 1.000000
570.04376 500.000000 1.000000
645.19470 500.000000 1.000000
774.22906 500.000000 1.000000
1456.1480 500.000000 1.000000
430.09637 500.000000 1.000000
924.60644 500.000000 1.000000
1070.7835 500.000000 1.000000
523.10192 500.000000 1.000000
431.67681 500.000000 1.000000
543.39404 500.000000 1.000000
802.83868 500.000000 1.000000
436.55200 500.000000 1.000000
395.48440 500.000000 1.000000
537.44287 500.000000 1.000000
422.76675 500.000000 1.000000
1198.5811 500.000000 1.000000
1406.0782 500.000000 1.000000
3584.9216 500.000000 1.000000
601.54077 500.000000 1.000000
1264.4378 500.000000 1.000000
429.77185 500.000000 1.000000
464.51141 500.000000 1.000000
584.10705 500.000000 1.000000
557.79870 500.000000 1.000000
483.12362 500.000000 1.000000
439.09509 500.000000 1.000000
837.57897 500.000000 1.000000
611.08551 500.000000 1.000000
1200.7899 500.000000 1.000000
1301.3654 500.000000 1.000000
487.07315 500.000000 1.000000
906.60540 500.000000 1.000000
2147.1640 500.000000 1.000000
799.47711 500.000000 1.000000
497.33468 500.000000 1.000000
751.20263 500.000000 1.000000
769.96069 500.000000 1.000000
1004.4455 500.000000 1.000000
594.08056 500.000000 1.000000
422.32589 500.000000 1.000000
469.73623 500.000000 1.000000
397.56655 500.000000 1.000000
515.15728 500.000000 1.000000
490.22158 500.000000 1.000000
445.78552 500.000000 1.000000
587.34765 500.000000 1.000000
1009.9736 500.000000 1.000000
840.93945 500.000000 1.000000
448.29306 500.000000 1.000000
659.35186 500.000000 1.000000
976.04870 500.000000 1.000000
440.47699 500.000000 1.000000
490.64889 500.000000 1.000000
2321.3037 500.000000 1.000000
464.64233 500.000000 1.000000
625.45330 500.000000 1.000000
1128.4603 500.000000 1.000000
895.11450 500.000000 1.000000
524.71783 500.000000 1.000000
648.92578 500.000000 1.000000
532.04382 500.000000 1.000000
654.625 500.000000 1.000000
633.90673 500.000000 1.000000
486.22183 500.000000 1.000000
496.25082 500.000000 1.000000
852.94677 500.000000 1.000000
1113.2486 500.000000 1.000000
1084.349 500.000000 1.000000
579.36395 500.000000 1.000000
681.80706 500.000000 1.000000
519.82757 500.000000 1.000000
557.89453 500.000000 1.000000
457.40747 500.000000 1.000000
367.21130 500.000000 1.000000
498.10064 500.000000 1.000000
437.25598 500.000000 1.000000
643.79174 500.000000 1.000000
520.40496 500.000000 1.000000
664.10650 500.000000 1.000000
924.61285 500.000000 1.000000
473.94818 500.000000 1.000000
749.52575 500.000000 1.000000
1290.8400 500.000000 1.000000
518.42651 500.000000 1.000000
1021.1249 500.000000 1.000000
548.12164 500.000000 1.000000
440.76101 500.000000 1.000000
492.55310 500.000000 1.000000
1448.8105 500.000000 1.000000
420.05325 500.000000 1.000000
772.69677 500.000000 1.000000
480.30053 500.000000 1.000000
900.33502 500.000000 1.000000
1502.1099 500.000000 1.000000
595.50805 500.000000 1.000000
559.45538 500.000000 1.000000
463.81521 500.000000 1.000000
878.62371 500.000000 1.000000
528.93829 500.000000 1.000000
438.92422 500.000000 1.000000
590.57861 500.000000 1.000000
642.21484 500.000000 1.000000
558.18139 500.000000 1.000000
554.00927 500.000000 1.000000
904.89593 500.000000 1.000000
505.46371 500.000000 1.000000
682.93994 500.000000 1.000000
704.81189 500.000000 1.000000
809.77197 500.000000 1.000000
500.01156 500.000000 1.000000
864.66381 500.000000 1.000000
765.60717 500.000000 1.000000
933.18621 500.000000 1.000000
1289.3286 500.000000 1.000000
625.79827 500.000000 1.000000
460.69528 500.000000 1.000000
571.66803 500.000000 1.000000
636.97796 500.000000 1.000000
458.31198 500.000000 1.000000
683.65649 500.000000 1.000000
567.41821 500.000000 1.000000
512.16851 500.000000 1.000000
900.68597 500.000000 1.000000
538.01074 500.000000 1.000000
639.81189 500.000000 1.000000
624.12756 500.000000 1.000000
743.80310 500.000000 1.000000
1796.8107 500.000000 1.000000
2674.0048 500.000000 1.000000
624.55719 500.000000 1.000000
1014.1652 500.000000 1.000000
522.80419 500.000000 1.000000
762.21575 500.000000 1.000000
982.24353 500.000000 1.000000
517.27722 500.000000 1.000000
431.72995 500.000000 1.000000
595.49865 500.000000 1.000000
711.01293 500.000000 1.000000
530.23254 500.000000 1.000000
458.19787 500.000000 1.000000
671.38201 500.000000 1.000000
2637.0122 500.000000 1.000000
567.82318 500.000000 1.000000
703.58343 500.000000 1.000000
615.88885 500.000000 1.000000
517.02685 500.000000 1.000000
906.34991 500.000000 1.000000
618.88201 500.000000 1.000000
1179.0308 500.000000 1.000000
540.10333 500.000000 1.000000
404.56774 500.000000 1.000000
638.12634 500.000000 1.000000
470.63702 500.000000 1.000000
465.20721 500.000000 1.000000
494.48654 500.000000 1.000000
465.01382 500.000000 1.000000
492.61456 500.000000 1.000000
514.37341 500.000000 1.000000
1684.5367 500.000000 1.000000
467.35458 500.000000 1.000000
569.03546 500.000000 1.000000
492.04772 500.000000 1.000000
970.76959 500.000000 1.000000
475.26739 500.000000 1.000000
704.11944 500.000000 1.000000
847.10199 500.000000 1.000000
452.98733 500.000000 1.000000
519.97735 500.000000 1.000000
500.83511 500.000000 1.000000
897.89709 500.000000 1.000000
484.66012 500.000000 1.000000
447.68557 500.000000 1.000000
580.31897 500.000000 1.000000
538.86987 500.000000 1.000000
474.07852 500.000000 1.000000
691.01324 500.000000 1.000000
642.76086 500.000000 1.000000
898.06707 500.000000 1.000000
579.96807 500.000000 1.000000
496.39669 500.000000 1.000000
712.13494 500.000000 1.000000
552.39440 500.000000 1.000000
626.70098 500.000000 1.000000
461.69070 500.000000 1.000000
1185.4335 500.000000 1.000000
542.19781 500.000000 1.000000
869.62652 500.000000 1.000000
477.75402 500.000000 1.000000
1022.8946 500.000000 1.000000
464.35220 500.000000 1.000000
729.59973 500.000000 1.000000
492.84167 500.000000 1.000000
499.73761 500.000000 1.000000
537.66827 500.000000 1.000000
450.07135 500.000000 1.000000
736.42590 500.000000 1.000000
594.40850 500.000000 1.000000
657.41320 500.000000 1.000000
636.81213 500.000000 1.000000
519.71380 500.000000 1.000000
894.56640 500.000000 1.000000
461.93466 500.000000 1.000000
882.42327 500.000000 1.000000
556.57196 500.000000 1.000000
559.50183 500.000000 1.000000
419.06344 500.000000 1.000000
2005.0089 500.000000 1.000000
741.75463 500.000000 1.000000
593.13690 500.000000 1.000000
1052.2517 500.000000 1.000000
491.84402 500.000000 1.000000
642.01593 500.000000 1.000000
562.85412 500.000000 1.000000
453.38632 500.000000 1.000000
475.68563 500.000000 1.000000
609.64355 500.000000 1.000000
572.61816 500.000000 1.000000
816.34802 500.000000 1.000000
566.62860 500.000000 1.000000
1318.5811 500.000000 1.000000
556.03064 500.000000 1.000000
711.78613 500.000000 1.000000
1097.5772 500.000000 1.000000
413.71963 500.000000 1.000000
626.68841 500.000000 1.000000
742.69702 500.000000 1.000000
656.10015 500.000000 1.000000
724.16864 500.000000 1.000000
750.58874 500.000000 1.000000
558.09643 500.000000 1.000000
587.87384 500.000000 1.000000
503.21225 500.000000 1.000000
714.45062 500.000000 1.000000
391.82608 500.000000 1.000000
990.70788 500.000000 1.000000
791.02258 500.000000 1.000000
542.81280 500.000000 1.000000
504.26062 500.000000 1.000000
899.40356 500.000000 1.000000
501.12359 500.000000 1.000000
489.31289 500.000000 1.000000
725.58850 500.000000 1.000000
1580.3192 500.000000 1.000000
1357.8294 500.000000 1.000000
656.61578 500.000000 1.000000
1188.4158 500.000000 1.000000
1303.7678 500.000000 1.000000
661.58483 500.000000 1.000000
890.24670 500.000000 1.000000
446.41586 500.000000 1.000000
608.54595 500.000000 1.000000
488.57266 500.000000 1.000000
746.43866 500.000000 1.000000
631.67199 500.000000 1.000000
1774.1281 500.000000 1.000000
653.96081 500.000000 1.000000
450.68789 500.000000 1.000000
486.46313 500.000000 1.000000
454.61474 500.000000 1.000000
648.50677 500.000000 1.000000
535.07598 500.000000 1.000000
805.80560 500.000000 1.000000
907.03472 500.000000 1.000000
666.96405 500.000000 1.000000
642.24273 500.000000 1.000000
534.99133 500.000000 1.000000
467.97729 500.000000 1.000000
429.13201 500.000000 1.000000
668.00073 500.000000 1.000000
428.64990 500.000000 1.000000
426.78469 500.000000 1.000000
788.89752 500.000000 1.000000
491.32016 500.000000 1.000000
532.38427 500.000000 1.000000
539.03997 500.000000 1.000000
1032.6130 500.000000 1.000000
460.23361 500.000000 1.000000
1467.2039 500.000000 1.000000
682.112 500.000000 1.000000
516.70141 500.000000 1.000000
625.04919 500.000000 1.000000
451.33419 500.000000 1.000000
527.61761 500.000000 1.000000
965.99633 500.000000 1.000000
629.13684 500.000000 1.000000
599.49719 500.000000 1.000000
778.33081 500.000000 1.000000
623.35974 500.000000 1.000000
519.30151 500.000000 1.000000
584.16503 500.000000 1.000000
524.36450 500.000000 1.000000
457.61804 500.000000 1.000000
573.70385 500.000000 1.000000
449.05688 500.000000 1.000000
575.69653 500.000000 1.000000
497.57547 500.000000 1.000000
523.15795 500.000000 1.000000
568.03796 500.000000 1.000000
874.07415 500.000000 1.000000
756.73529 500.000000 1.000000
1133.6464 500.000000 1.000000
504.83596 500.000000 1.000000
436.95318 500.000000 1.000000
468.45697 500.000000 1.000000
465.13787 500.000000 1.000000
810.53100 500.000000 1.000000
923.93243 500.000000 1.000000
477.44705 500.000000 1.000000
374.86309 500.000000 1.000000
477.44943 500.000000 1.000000
1110.2286 500.000000 1.000000
1289.6263 500.000000 1.000000
397.40020 500.000000 1.000000
761.88891 500.000000 1.000000
483.45718 500.000000 1.000000
1408.0183 500.000000 1.000000
480.41369 500.000000 1.000000
504.83654 500.000000 1.000000
1469.1416 500.000000 1.000000
833.30413 500.000000 1.000000
469.20672 500.000000 1.000000
521.67590 500.000000 1.000000
657.30236 500.000000 1.000000
524.98822 500.000000 1.000000
621.49920 500.000000 1.000000
479.95871 500.000000 1.000000
520.83862 500.000000 1.000000
382.65570 500.000000 1.000000
586.54968 500.000000 1.000000
657.37628 500.000000 1.000000
622.39471 500.000000 1.000000
632.65649 500.000000 1.000000
574.22424 500.000000 1.000000
634.62219 500.000000 1.000000
658.19744 500.000000 1.000000
471.61102 500.000000 1.000000
1047.5127 500.000000 1.000000
429.97082 500.000000 1.000000
514.20690 500.000000 1.000000
584.38964 500.000000 1.000000
1091.5384 500.000000 1.000000
640.19494 500.000000 1.000000
443.12851 500.000000 1.000000
468.00335 500.000000 1.000000
771.97424 500.000000 1.000000
639.95013 500.000000 1.000000
467.77270 500.000000 1.000000
475.34491 500.000000 1.000000
838.38476 500.000000 1.000000
796.32684 500.000000 1.000000
525.07128 500.000000 1.000000
561.46679 500.000000 1.000000
1690.9140 500.000000 1.000000
549.79144 500.000000 1.000000
934.77026 500.000000 1.000000
584.23419 500.000000 1.000000
1322.4008 500.000000 1.000000
1049.9156 500.000000 1.000000
478.28164 500.000000 1.000000
795.62628 500.000000 1.000000
602.50152 500.000000 1.000000
472.84954 500.000000 1.000000
445.67816 500.000000 1.000000
2630.4980 500.000000 1.000000
426.25235 500.000000 1.000000
585.77996 500.000000 1.000000
1091.2021 500.000000 1.000000
690.11560 500.000000 1.000000
465.25183 500.000000 1.000000
796.11022 500.000000 1.000000
328.95913 500.000000 1.000000
480.24340 500.000000 1.000000
420.25445 500.000000 1.000000
766.01666 500.000000 1.000000
417.39175 500.000000 1.000000
725.00177 500.000000 1.000000
519.47705 500.000000 1.000000
1026.2397 500.000000 1.000000
485.84741 500.000000 1.000000
689.62646 500.000000 1.000000
803.63720 500.000000 1.000000
643.21765 500.000000 1.000000
528.11731 500.000000 1.000000
457.43109 500.000000 1.000000
988.35852 500.000000 1.000000
496.03949 500.000000 1.000000
473.15597 500.000000 1.000000
449.28115 500.000000 1.000000
560.90716 500.000000 1.000000
1019.1914 500.000000 1.000000
515.30847 500.000000 1.000000
446.71334 500.000000 1.000000
654.99847 500.000000 1.000000
505.70776 500.000000 1.000000
438.10046 500.000000 1.000000
758.30084 500.000000 1.000000
544.74359 500.000000 1.000000
458.01074 500.000000 1.000000
1282.5607 500.000000 1.000000
630.73529 500.000000 1.000000
410.24441 500.000000 1.000000
465.04141 500.000000 1.000000
453.29531 500.000000 1.000000
540.11084 500.000000 1.000000
983.24176 500.000000 1.000000
493.13476 500.000000 1.000000
409.05587 500.000000 1.000000
469.99786 500.000000 1.000000
593.52075 500.000000 1.000000
521.37982 500.000000 1.000000
554.09338 500.000000 1.000000
597.77331 500.000000 1.000000
500.51925 500.000000 1.000000
497.08700 500.000000 1.000000
422.03930 500.000000 1.000000
567.37506 500.000000 1.000000
976.07269 500.000000 1.000000
638.55395 500.000000 1.000000
1571.1163 500.000000 1.000000
446.26382 500.000000 1.000000
964.65332 500.000000 1.000000
479.52722 500.000000 1.000000
486.84286 500.000000 1.000000
570.35290 500.000000 1.000000
773.93377 500.000000 1.000000
755.52063 500.000000 1.000000
643.85345 500.000000 1.000000
432.94134 500.000000 1.000000
627.03491 500.000000 1.000000
449.91769 500.000000 1.000000
594.31585 500.000000 1.000000
552.74493 500.000000 1.000000
763.67907 500.000000 1.000000
490.91940 500.000000 1.000000
636.65496 500.000000 1.000000
496.56069 500.000000 1.000000
452.23898 500.000000 1.000000
552.67889 500.000000 1.000000
647.61657 500.000000 1.000000
1184.4895 500.000000 1.000000
577.86248 500.000000 1.000000
666.20642 500.000000 1.000000
408.12561 500.000000 1.000000
3190.2839 500.000000 1.000000
474.69049 500.000000 1.000000
494.55398 500.000000 1.000000
933.75909 500.000000 1.000000
467.09945 500.000000 1.000000
750.71569 500.000000 1.000000
656.34930 500.000000 1.000000
622.38073 500.000000 1.000000
858.15954 500.000000 1.000000
849.20324 500.000000 1.000000
475.05001 500.000000 1.000000
773.48992 500.000000 1.000000
448.50869 500.000000 1.000000
452.20459 500.000000 1.000000
467.16937 500.000000 1.000000
1118.0047 500.000000 1.000000
563.22473 500.000000 1.000000
520.75592 500.000000 1.000000
375.07498 500.000000 1.000000
1476.4635 500.000000 1.000000
1346.8874 500.000000 1.000000
667.97961 500.000000 1.000000
494.60656 500.000000 1.000000
431.78146 500.000000 1.000000
445.15765 500.000000 1.000000
756.19720 500.000000 1.000000
650.38122 500.000000 1.000000
966.98584 500.000000 1.000000
399.36038 500.000000 1.000000
1297.8244 500.000000 1.000000
558.97204 500.000000 1.000000
729.90350 500.000000 1.000000
887.90539 500.000000 1.000000
471.64971 500.000000 1.000000
606.85803 500.000000 1.000000
1091.9282 500.000000 1.000000
455.31613 500.000000 1.000000
856.45349 500.000000 1.000000
703.48632 500.000000 1.000000
597.22583 500.000000 1.000000
507.08749 500.000000 1.000000
608.56323 500.000000 1.000000
496.85891 500.000000 1.000000
659.42272 500.000000 1.000000
488.60394 500.000000 1.000000
1700.3558 500.000000 1.000000
854.55706 500.000000 1.000000
866.68341 500.000000 1.000000
716.89483 500.000000 1.000000
407.14297 500.000000 1.000000
503.68588 500.000000 1.000000
1410.4051 500.000000 1.000000
442.05911 500.000000 1.000000
897.92767 500.000000 1.000000
671.39239 500.000000 1.000000
1017.2805 500.000000 1.000000
491.93158 500.000000 1.000000
642.62817 500.000000 1.000000
597.88928 500.000000 1.000000
633.81726 500.000000 1.000000
640.51129 500.000000 1.000000
494.70733 500.000000 1.000000
922.72235 500.000000 1.000000
810.62762 500.000000 1.000000
1371.9621 500.000000 1.000000
509.68472 500.000000 1.000000
505.80535 500.000000 1.000000
1013.8104 500.000000 1.000000
433.40786 500.000000 1.000000
784.27484 500.000000 1.000000
497.10568 500.000000 1.000000
493.15451 500.000000 1.000000
685.37933 500.000000 1.000000
475.60113 500.000000 1.000000
596.30127 500.000000 1.000000
425.58703 500.000000 1.000000
545.23889 500.000000 1.000000
462.21868 500.000000 1.000000
623.75909 500.000000 1.000000
1260.4027 500.000000 1.000000
1042.6208 500.000000 1.000000
816.81036 500.000000 1.000000
606.66729 500.000000 1.000000
530.17779 500.000000 1.000000
490.32104 500.000000 1.000000
610.30053 500.000000 1.000000
496.18087 500.000000 1.000000
659.22699 500.000000 1.000000
638.29266 500.000000 1.000000
445.04632 500.000000 1.000000
468.00537 500.000000 1.000000
467.01989 500.000000 1.000000
896.53680 500.000000 1.000000
896.04180 500.000000 1.000000
 572.9328 500.000000 1.000000
677.53472 500.000000 1.000000
895.06274 500.000000 1.000000
876.05706 500.000000 1.000000
571.62542 500.000000 1.000000
584.27575 500.000000 1.000000
713.25408 500.000000 1.000000
1031.0670 500.000000 1.000000
454.18835 500.000000 1.000000
463.94101 500.000000 1.000000
473.31671 500.000000 1.000000
923.57452 500.000000 1.000000
591.87127 500.000000 1.000000
602.95501 500.000000 1.000000
621.92480 500.000000 1.000000
382.14233 500.000000 1.000000
413.48791 500.000000 1.000000
501.96344 500.000000 1.000000
779.28942 500.000000 1.000000
536.53326 500.000000 1.000000
538.41967 500.000000 1.000000
487.60247 500.000000 1.000000
817.33313 500.000000 1.000000
894.48376 500.000000 1.000000
503.96209 500.000000 1.000000
905.37866 500.000000 1.000000
502.48614 500.000000 1.000000
454.14596 500.000000 1.000000
431.06137 500.000000 1.000000
476.10226 500.000000 1.000000
340.10559 500.000000 1.000000
684.23907 500.000000 1.000000
476.09692 500.000000 1.000000
551.83886 500.000000 1.000000
485.36276 500.000000 1.000000
487.29626 500.000000 1.000000
620.48754 500.000000 1.000000
509.57147 500.000000 1.000000
1344.1512 500.000000 1.000000
 548.6698 500.000000 1.000000
537.52557 500.000000 1.000000
593.25885 500.000000 1.000000
478.84704 500.000000 1.000000
808.39495 500.000000 1.000000
510.95883 500.000000 1.000000
492.22390 500.000000 1.000000
523.06103 500.000000 1.000000
795.52313 500.000000 1.000000
1210.4930 500.000000 1.000000
730.10406 500.000000 1.000000
712.63134 500.000000 1.000000
451.51077 500.000000 1.000000
635.57476 500.000000 1.000000
1503.3635 500.000000 1.000000
989.83483 500.000000 1.000000
501.16571 500.000000 1.000000
579.71893 500.000000 1.000000
637.80230 500.000000 1.000000
559.04254 500.000000 1.000000
541.26837 500.000000 1.000000
452.98877 500.000000 1.000000
464.66168 500.000000 1.000000
1897.8068 500.000000 1.000000
607.10949 500.000000 1.000000
413.99185 500.000000 1.000000
567.43969 500.000000 1.000000
511.76211 500.000000 1.000000
 455.3237 500.000000 1.000000
510.81073 500.000000 1.000000
579.46331 500.000000 1.000000
536.87072 500.000000 1.000000
545.18627 500.000000 1.000000
1263.2835 500.000000 1.000000
527.61273 500.000000 1.000000
435.22314 500.000000 1.000000
396.29650 500.000000 1.000000
1216.7761 500.000000 1.000000
448.41259 500.000000 1.000000
473.61593 500.000000 1.000000
706.36273 500.000000 1.000000
764.94836 500.000000 1.000000
524.69909 500.000000 1.000000
 493.6026 500.000000 1.000000
398.05160 500.000000 1.000000
541.64947 500.000000 1.000000
546.86358 500.000000 1.000000
449.84017 500.000000 1.000000
1223.4304 500.000000 1.000000
520.69494 500.000000 1.000000
1311.8050 500.000000 1.000000
587.53479 500.000000 1.000000
602.93695 500.000000 1.000000
910.03088 500.000000 1.000000
753.65753 500.000000 1.000000
1136.9581 500.000000 1.000000
677.30670 500.000000 1.000000
578.08886 500.000000 1.000000
1445.6550 500.000000 1.000000
667.36016 500.000000 1.000000
769.13208 500.000000 1.000000
725.38983 500.000000 1.000000
594.51892 500.000000 1.000000
1460.1218 500.000000 1.000000
452.30432 500.000000 1.000000
871.65087 500.000000 1.000000
638.85748 500.000000 1.000000
572.18817 500.000000 1.000000
638.71606 500.000000 1.000000
509.42944 500.000000 1.000000
599.98144 500.000000 1.000000
632.16638 500.000000 1.000000
1077.7677 500.000000 1.000000
467.30035 500.000000 1.000000
332.58175 500.000000 1.000000
471.32385 500.000000 1.000000
546.29467 500.000000 1.000000
542.63940 500.000000 1.000000
485.54763 500.000000 1.000000
499.07193 500.000000 1.000000
470.47436 500.000000 1.000000
455.73846 500.000000 1.000000
492.83935 500.000000 1.000000
575.18133 500.000000 1.000000
674.65631 500.000000 1.000000
1155.6262 500.000000 1.000000
524.17883 500.000000 1.000000
1523.2193 500.000000 1.000000
457.14691 500.000000 1.000000
728.42657 500.000000 1.000000
434.26107 500.000000 1.000000
889.16821 500.000000 1.000000
415.44448 500.000000 1.000000
431.54003 500.000000 1.000000
1469.4559 500.000000 1.000000
534.21704 500.000000 1.000000
630.43689 500.000000 1.000000
435.36831 500.000000 1.000000
834.52557 500.000000 1.000000
596.21850 500.000000 1.000000
491.75637 500.000000 1.000000
1947.9538 500.000000 1.000000
468.36871 500.000000 1.000000
2013.0059 500.000000 1.000000
503.20770 500.000000 1.000000
869.03418 500.000000 1.000000
579.46679 500.000000 1.000000
993.43939 500.000000 1.000000
1032.9498 500.000000 1.000000
490.96017 500.000000 1.000000
451.32171 500.000000 1.000000
509.97891 500.000000 1.000000
573.16833 500.000000 1.000000
591.75921 500.000000 1.000000
616.18988 500.000000 1.000000
520.40985 500.000000 1.000000
1031.5999 500.000000 1.000000
707.17437 500.000000 1.000000
527.14459 500.000000 1.000000
459.95062 500.000000 1.000000
463.02954 500.000000 1.000000
520.36010 500.000000 1.000000
1180.4072 500.000000 1.000000
1132.1179 500.000000 1.000000
485.19195 500.000000 1.000000
1110.4027 500.000000 1.000000
479.52682 500.000000 1.000000
465.21304 500.000000 1.000000
528.96148 500.000000 1.000000
437.97613 500.000000 1.000000
932.99688 500.000000 1.000000
520.21270 500.000000 1.000000
565.31530 500.000000 1.000000
1056.8612 500.000000 1.000000
616.06579 500.000000 1.000000
802.16381 500.000000 1.000000
798.04437 500.000000 1.000000
450.24722 500.000000 1.000000
494.96450 500.000000 1.000000
950.42694 500.000000 1.000000
431.42828 500.000000 1.000000
707.22222 500.000000 1.000000
472.27566 500.000000 1.000000
649.90863 500.000000 1.000000
754.56140 500.000000 1.000000
504.99774 500.000000 1.000000
756.13531 500.000000 1.000000
584.18615 500.000000 1.000000
682.41668 500.000000 1.000000
701.41803 500.000000 1.000000
1273.6911 500.000000 1.000000
552.70062 500.000000 1.000000
476.78894 500.000000 1.000000
589.36828 500.000000 1.000000
598.36969 500.000000 1.000000
555.41278 500.000000 1.000000
423.49493 500.000000 1.000000
537.63848 500.000000 1.000000
459.23184 500.000000 1.000000
465.58398 500.000000 1.000000
488.88870 500.000000 1.000000
1204.1314 500.000000 1.000000
1065.2391 500.000000 1.000000
803.26617 500.000000 1.000000
504.94610 500.000000 1.000000
1141.9663 500.000000 1.000000
359.58990 500.000000 1.000000
739.98053 500.000000 1.000000
392.36624 500.000000 1.000000
617.49932 500.000000 1.000000
602.90844 500.000000 1.000000
526.20123 500.000000 1.000000
 563.0047 500.000000 1.000000
487.05902 500.000000 1.000000
710.63610 500.000000 1.000000
1106.6420 500.000000 1.000000
642.88195 500.000000 1.000000
536.64379 500.000000 1.000000
514.47699 500.000000 1.000000
428.80578 500.000000 1.000000
1467.7452 500.000000 1.000000
615.85376 500.000000 1.000000
483.23535 500.000000 1.000000
1028.4774 500.000000 1.000000
678.33093 500.000000 1.000000
545.72222 500.000000 1.000000
846.16992 500.000000 1.000000
715.34387 500.000000 1.000000
502.13104 500.000000 1.000000
514.71765 500.000000 1.000000
538.35028 500.000000 1.000000
942.42962 500.000000 1.000000
932.93756 500.000000 1.000000
455.95584 500.000000 1.000000
 926.3125 500.000000 1.000000
1106.7843 500.000000 1.000000
798.82055 500.000000 1.000000
353.68835 500.000000 1.000000
447.97198 500.000000 1.000000
455.45913 500.000000 1.000000
995.62341 500.000000 1.000000
476.36111 500.000000 1.000000
545.88586 500.000000 1.000000
454.08209 500.000000 1.000000
432.82797 500.000000 1.000000
508.43930 500.000000 1.000000
548.50146 500.000000 1.000000
862.89325 500.000000 1.000000
450.52160 500.000000 1.000000
1328.5855 500.000000 1.000000
478.73397 500.000000 1.000000
684.57641 500.000000 1.000000
553.12982 500.000000 1.000000
493.87039 500.000000 1.000000
1100.8847 500.000000 1.000000
800.29077 500.000000 1.000000
370.23443 500.000000 1.000000
588.96618 500.000000 1.000000
477.61804 500.000000 1.000000
1060.0220 500.000000 1.000000
484.23996 500.000000 1.000000
696.89074 500.000000 1.000000
950.96478 500.000000 1.000000
480.62127 500.000000 1.000000
441.28735 500.000000 1.000000
449.31317 500.000000 1.000000
605.52581 500.000000 1.000000
572.14007 500.000000 1.000000
1134.0925 500.000000 1.000000
414.06515 500.000000 1.000000
790.64117 500.000000 1.000000
1587.2777 500.000000 1.000000
497.57583 500.000000 1.000000
1048.5410 500.000000 1.000000
795.19970 500.000000 1.000000
746.02020 500.000000 1.000000
1121.0810 500.000000 1.000000
504.90945 500.000000 1.000000
966.28009 500.000000 1.000000
877.03881 500.000000 1.000000
1113.3573 500.000000 1.000000
598.45507 500.000000 1.000000
421.51501 500.000000 1.000000
612.00347 500.000000 1.000000
488.09710 500.000000 1.000000
950.87548 500.000000 1.000000
524.93499 500.000000 1.000000
473.01342 500.000000 1.000000
608.30603 500.000000 1.000000
770.37731 500.000000 1.000000
796.04998 500.000000 1.000000
1696.6774 500.000000 1.000000
667.64575 500.000000 1.000000
690.46954 500.000000 1.000000
638.37774 500.000000 1.000000
467.43975 500.000000 1.000000
736.59979 500.000000 1.000000
485.89697 500.000000 1.000000
458.34173 500.000000 1.000000
380.92514 500.000000 1.000000
493.99258 500.000000 1.000000
635.11773 500.000000 1.000000
2120.0490 500.000000 1.000000
701.03076 500.000000 1.000000
531.01617 500.000000 1.000000
558.55902 500.000000 1.000000
356.41116 500.000000 1.000000
1066.4355 500.000000 1.000000
534.27264 500.000000 1.000000
1943.9193 500.000000 1.000000
430.51675 500.000000 1.000000
708.17492 500.000000 1.000000
2003.5478 500.000000 1.000000
426.16128 500.000000 1.000000
1290.0407 500.000000 1.000000
680.24475 500.000000 1.000000
542.97747 500.000000 1.000000
980.57843 500.000000 1.000000
565.35589 500.000000 1.000000
546.84545 500.000000 1.000000
785.27252 500.000000 1.000000
1008.4529 500.000000 1.000000
588.64196 500.000000 1.000000
559.72656 500.000000 1.000000
480.01260 500.000000 1.000000
447.11367 500.000000 1.000000
527.67498 500.000000 1.000000
632.28002 500.000000 1.000000
536.06805 500.000000 1.000000
569.56744 500.000000 1.000000
491.46389 500.000000 1.000000
526.59967 500.000000 1.000000
484.22451 500.000000 1.000000
1380.5908 500.000000 1.000000
443.41943 500.000000 1.000000
557.55761 500.000000 1.000000
509.81079 500.000000 1.000000
495.46823 500.000000 1.000000
1323.3847 500.000000 1.000000
549.68652 500.000000 1.000000
393.70803 500.000000 1.000000
472.13595 500.000000 1.000000
1145.0346 500.000000 1.000000
476.94854 500.000000 1.000000
613.19653 500.000000 1.000000
843.65777 500.000000 1.000000
1047.0827 500.000000 1.000000
514.55023 500.000000 1.000000
678.27398 500.000000 1.000000
485.90356 500.000000 1.000000
506.42572 500.000000 1.000000
601.15429 500.000000 1.000000
487.44094 500.000000 1.000000
1289.6029 500.000000 1.000000
457.37536 500.000000 1.000000
496.28601 500.000000 1.000000
593.55389 500.000000 1.000000
705.76550 500.000000 1.000000
848.49017 500.000000 1.000000
2072.8335 500.000000 1.000000
581.69342 500.000000 1.000000
580.28936 500.000000 1.000000
454.66568 500.000000 1.000000
487.07339 500.000000 1.000000
466.68527 500.000000 1.000000
642.43463 500.000000 1.000000
494.81427 500.000000 1.000000
421.95593 500.000000 1.000000
476.78604 500.000000 1.000000
527.32806 500.000000 1.000000
1756.2763 500.000000 1.000000
441.18756 500.000000 1.000000
635.39355 500.000000 1.000000
678.52728 500.000000 1.000000
468.58081 500.000000 1.000000
482.55273 500.000000 1.000000
482.76486 500.000000 1.000000
1366.8737 500.000000 1.000000
1342.2576 500.000000 1.000000
570.21411 500.000000 1.000000
427.73199 500.000000 1.000000
1022.2156 500.000000 1.000000
992.62048 500.000000 1.000000
549.98181 500.000000 1.000000
468.67614 500.000000 1.000000
1309.1204 500.000000 1.000000
470.40399 500.000000 1.000000
800.79980 500.000000 1.000000
583.97045 500.000000 1.000000
506.12689 500.000000 1.000000
891.92547 500.000000 1.000000
898.34161 500.000000 1.000000
506.52285 500.000000 1.000000
374.87484 500.000000 1.000000
442.93771 500.000000 1.000000
781.76995 500.000000 1.000000
395.91085 500.000000 1.000000
493.16574 500.000000 1.000000
1152.3413 500.000000 1.000000
455.51217 500.000000 1.000000
456.34326 500.000000 1.000000
528.84637 500.000000 1.000000
557.08435 500.000000 1.000000
514.13568 500.000000 1.000000
1060.2758 500.000000 1.000000
514.48693 500.000000 1.000000
521.17565 500.000000 1.000000
484.04846 500.000000 1.000000
1472.6219 500.000000 1.000000
799.62927 500.000000 1.000000
479.32553 500.000000 1.000000
474.94012 500.000000 1.000000
541.90777 500.000000 1.000000
586.80914 500.000000 1.000000
451.86990 500.000000 1.000000
445.35986 500.000000 1.000000
517.77587 500.000000 1.000000
2226.4294 500.000000 1.000000
430.96551 500.000000 1.000000
937.17260 500.000000 1.000000
502.91268 500.000000 1.000000
693.91674 500.000000 1.000000
1801.0009 500.000000 1.000000
545.15478 500.000000 1.000000
457.95742 500.000000 1.000000
519.72772 500.000000 1.000000
983.55212 500.000000 1.000000
1270.453 500.000000 1.000000
509.11300 500.000000 1.000000
488.10861 500.000000 1.000000
528.99939 500.000000 1.000000
657.18518 500.000000 1.000000
531.21154 500.000000 1.000000
891.65789 500.000000 1.000000
556.19458 500.000000 1.000000
1456.6704 500.000000 1.000000
642.16302 500.000000 1.000000
1277.6577 500.000000 1.000000
432.28805 500.000000 1.000000
710.71752 500.000000 1.000000
600.37518 500.000000 1.000000
437.86242 500.000000 1.000000
446.54147 500.000000 1.000000
596.59686 500.000000 1.000000
1177.5997 500.000000 1.000000
344.07125 500.000000 1.000000
1268.8026 500.000000 1.000000
1262.2133 500.000000 1.000000
1513.7027 500.000000 1.000000
512.36511 500.000000 1.000000
466.00137 500.000000 1.000000
823.74346 500.000000 1.000000
536.20056 500.000000 1.000000
665.13763 500.000000 1.000000
1235.9227 500.000000 1.000000
531.06976 500.000000 1.000000
489.90460 500.000000 1.000000
934.98834 500.000000 1.000000
545.62506 500.000000 1.000000
493.68090 500.000000 1.000000
689.65014 500.000000 1.000000
894.73144 500.000000 1.000000
617.05084 500.000000 1.000000
748.07879 500.000000 1.000000
902.22143 500.000000 1.000000
509.07962 500.000000 1.000000
417.24893 500.000000 1.000000
526.31146 500.000000 1.000000
967.92773 500.000000 1.000000
490.82522 500.000000 1.000000
941.89941 500.000000 1.000000
782.75598 500.000000 1.000000
470.93637 500.000000 1.000000
635.27685 500.000000 1.000000
424.82077 500.000000 1.000000
758.31573 500.000000 1.000000
622.62915 500.000000 1.000000
462.54190 500.000000 1.000000
454.98666 500.000000 1.000000
499.18566 500.000000 1.000000
654.09643 500.000000 1.000000
468.33978 500.000000 1.000000
508.23272 500.000000 1.000000
456.10769 500.000000 1.000000
607.92645 500.000000 1.000000
486.39260 500.000000 1.000000
835.32965 500.000000 1.000000
1211.6214 500.000000 1.000000
1127.4041 500.000000 1.000000
545.60620 500.000000 1.000000
657.75524 500.000000 1.000000
461.70791 500.000000 1.000000
647.06964 500.000000 1.000000
464.58398 500.000000 1.000000
491.10885 500.000000 1.000000
417.25271 500.000000 1.000000
634.86669 500.000000 1.000000
675.12670 500.000000 1.000000
445.30209 500.000000 1.000000
550.75842 500.000000 1.000000
1020.0095 500.000000 1.000000
716.62432 500.000000 1.000000
523.54046 500.000000 1.000000
761.44360 500.000000 1.000000
442.76193 500.000000 1.000000
551.89447 500.000000 1.000000
693.35833 500.000000 1.000000
985.36291 500.000000 1.000000
712.18701 500.000000 1.000000
547.03033 500.000000 1.000000
585.83557 500.000000 1.000000
449.89508 500.000000 1.000000
470.54492 500.000000 1.000000
497.36611 500.000000 1.000000
521.40435 500.000000 1.000000
431.75503 500.000000 1.000000
1097.7327 500.000000 1.000000
635.64898 500.000000 1.000000
723.72210 500.000000 1.000000
610.73266 500.000000 1.000000
473.90606 500.000000 1.000000
753.76794 500.000000 1.000000
678.90667 500.000000 1.000000
1624.8529 500.000000 1.000000
973.25293 500.000000 1.000000
1014.9749 500.000000 1.000000
382.22973 500.000000 1.000000
1651.3736 500.000000 1.000000
561.57965 500.000000 1.000000
737.31353 500.000000 1.000000
464.74154 500.000000 1.000000
595.95788 500.000000 1.000000
455.84454 500.000000 1.000000
598.19189 500.000000 1.000000
769.73541 500.000000 1.000000
882.01129 500.000000 1.000000
672.91162 500.000000 1.000000
461.81744 500.000000 1.000000
483.49697 500.000000 1.000000
738.32983 500.000000 1.000000
515.24346 500.000000 1.000000
467.30337 500.000000 1.000000
593.77966 500.000000 1.000000
510.19308 500.000000 1.000000
765.42047 500.000000 1.000000
953.47930 500.000000 1.000000
527.34539 500.000000 1.000000
614.48608 500.000000 1.000000
916.57543 500.000000 1.000000
776.69854 500.000000 1.000000
424.59622 500.000000 1.000000
635.90307 500.000000 1.000000
701.38989 500.000000 1.000000
518.52136 500.000000 1.000000
1037.5546 500.000000 1.000000
617.81536 500.000000 1.000000
634.98498 500.000000 1.000000
734.49145 500.000000 1.000000
461.14447 500.000000 1.000000
509.64117 500.000000 1.000000
491.07095 500.000000 1.000000
586.48223 500.000000 1.000000
1187.8792 500.000000 1.000000
818.93231 500.000000 1.000000
527.51483 500.000000 1.000000
708.83679 500.000000 1.000000
499.47091 500.000000 1.000000
494.38382 500.000000 1.000000
657.71374 500.000000 1.000000
 591.0354 500.000000 1.000000
423.21627 500.000000 1.000000
472.66989 500.000000 1.000000
548.00848 500.000000 1.000000
496.31015 500.000000 1.000000
477.48703 500.000000 1.000000
844.56134 500.000000 1.000000
741.11364 500.000000 1.000000
528.36987 500.000000 1.000000
1285.4731 500.000000 1.000000
789.59344 500.000000 1.000000
649.70282 500.000000 1.000000
432.34539 500.000000 1.000000
507.94174 500.000000 1.000000
442.98236 500.000000 1.000000
427.56033 500.000000 1.000000
578.94299 500.000000 1.000000
488.86956 500.000000 1.000000
433.87811 500.000000 1.000000
1158.8226 500.000000 1.000000
1236.6267 500.000000 1.000000
535.80407 500.000000 1.000000
643.22882 500.000000 1.000000
511.57931 500.000000 1.000000
589.50573 500.000000 1.000000
729.92773 500.000000 1.000000
435.80053 500.000000 1.000000
595.55432 500.000000 1.000000
625.80145 500.000000 1.000000
521.71887 500.000000 1.000000
499.77270 500.000000 1.000000
484.24746 500.000000 1.000000
606.56488 500.000000 1.000000
467.27273 500.000000 1.000000
670.84930 500.000000 1.000000
375.25915 500.000000 1.000000
550.24664 500.000000 1.000000
572.16564 500.000000 1.000000
510.73062 500.000000 1.000000
429.95999 500.000000 1.000000
578.93566 500.000000 1.000000
513.05749 500.000000 1.000000
1373.0185 500.000000 1.000000
580.41387 500.000000 1.000000
557.62646 500.000000 1.000000
1039.2480 500.000000 1.000000
454.63275 500.000000 1.000000
415.21566 500.000000 1.000000
493.11889 500.000000 1.000000
928.75726 500.000000 1.000000
625.48046 500.000000 1.000000
491.91226 500.000000 1.000000
518.57922 500.000000 1.000000
927.60797 500.000000 1.000000
730.21093 500.000000 1.000000
1023.4713 500.000000 1.000000
475.05572 500.000000 1.000000
536.03308 500.000000 1.000000
547.85473 500.000000 1.000000
915.43408 500.000000 1.000000
678.04962 500.000000 1.000000
483.92031 500.000000 1.000000
468.75750 500.000000 1.000000
636.91333 500.000000 1.000000
682.18646 500.000000 1.000000
502.54193 500.000000 1.000000
850.67828 500.000000 1.000000
492.48043 500.000000 1.000000
610.06189 500.000000 1.000000
352.65780 500.000000 1.000000
537.28283 500.000000 1.000000
505.29861 500.000000 1.000000
479.82766 500.000000 1.000000
568.47656 500.000000 1.000000
456.09249 500.000000 1.000000
1125.4361 500.000000 1.000000
838.08679 500.000000 1.000000
460.36578 500.000000 1.000000
448.35467 500.000000 1.000000
781.46881 500.000000 1.000000
487.33599 500.000000 1.000000
437.68017 500.000000 1.000000
709.13293 500.000000 1.000000
865.64563 500.000000 1.000000
478.64349 500.000000 1.000000
972.97235 500.000000 1.000000
724.01721 500.000000 1.000000
1783.1417 500.000000 1.000000
 519.1875 500.000000 1.000000
521.74823 500.000000 1.000000
756.35760 500.000000 1.000000
625.22662 500.000000 1.000000
728.76519 500.000000 1.000000
615.21722 500.000000 1.000000
851.46215 500.000000 1.000000
738.08276 500.000000 1.000000
800.99847 500.000000 1.000000
459.51559 500.000000 1.000000
898.66638 500.000000 1.000000
448.12081 500.000000 1.000000
533.73211 500.000000 1.000000
546.06634 500.000000 1.000000
544.52215 500.000000 1.000000
430.15875 500.000000 1.000000
433.61523 500.000000 1.000000
1128.1547 500.000000 1.000000
659.18420 500.000000 1.000000
670.65582 500.000000 1.000000
469.57858 500.000000 1.000000
508.05661 500.000000 1.000000
423.63827 500.000000 1.000000
839.89288 500.000000 1.000000
672.52929 500.000000 1.000000
493.80682 500.000000 1.000000
1173.1273 500.000000 1.000000
378.37353 500.000000 1.000000
544.41204 500.000000 1.000000
907.22314 500.000000 1.000000
886.54260 500.000000 1.000000
810.77502 500.000000 1.000000
415.97811 500.000000 1.000000
544.05792 500.000000 1.000000
395.34185 500.000000 1.000000
528.95782 500.000000 1.000000
788.38763 500.000000 1.000000
1160.4343 500.000000 1.000000
519.77496 500.000000 1.000000
851.67810 500.000000 1.000000
498.61914 500.000000 1.000000
1263.8064 500.000000 1.000000
513.22699 500.000000 1.000000
717.55883 500.000000 1.000000
910.34082 500.000000 1.000000
1640.4130 500.000000 1.000000
545.72241 500.000000 1.000000
772.16705 500.000000 1.000000
642.61792 500.000000 1.000000
590.86267 500.000000 1.000000
513.17810 500.000000 1.000000
877.09442 500.000000 1.000000
1546.6160 500.000000 1.000000
1281.3651 500.000000 1.000000
 687.0354 500.000000 1.000000
428.73742 500.000000 1.000000
325.54815 500.000000 1.000000
742.73321 500.000000 1.000000
448.14807 500.000000 1.000000
521.95874 500.000000 1.000000
1362.0239 500.000000 1.000000
351.47866 500.000000 1.000000
547.20147 500.000000 1.000000
1064.9227 500.000000 1.000000
1179.4384 500.000000 1.000000
542.61663 500.000000 1.000000
552.35803 500.000000 1.000000
530.69628 500.000000 1.000000
477.11331 500.000000 1.000000
1594.2991 500.000000 1.000000
809.40802 500.000000 1.000000
470.44540 500.000000 1.000000
373.42608 500.000000 1.000000
689.42633 500.000000 1.000000
491.61920 500.000000 1.000000
586.98895 500.000000 1.000000
610.71637 500.000000 1.000000
698.22735 500.000000 1.000000
462.03781 500.000000 1.000000
656.88757 500.000000 1.000000
373.64788 500.000000 1.000000
501.76184 500.000000 1.000000
2047.0773 500.000000 1.000000
483.87753 500.000000 1.000000
794.24823 500.000000 1.000000
1571.1882 500.000000 1.000000
483.43618 500.000000 1.000000
522.10717 500.000000 1.000000
434.41784 500.000000 1.000000
466.63516 500.000000 1.000000
851.67315 500.000000 1.000000
745.04718 500.000000 1.000000
770.39306 500.000000 1.000000
1187.1977 500.000000 1.000000
481.89315 500.000000 1.000000
394.78036 500.000000 1.000000
475.26971 500.000000 1.000000
502.05859 500.000000 1.000000
1765.1704 500.000000 1.000000
600.84326 500.000000 1.000000
545.60687 500.000000 1.000000
682.25256 500.000000 1.000000
471.75167 500.000000 1.000000
460.50293 500.000000 1.000000
420.73809 500.000000 1.000000
499.03772 500.000000 1.000000
598.49841 500.000000 1.000000
434.10122 500.000000 1.000000
464.02484 500.000000 1.000000
706.32348 500.000000 1.000000
489.97143 500.000000 1.000000
452.44268 500.000000 1.000000
445.04388 500.000000 1.000000
373.15774 500.000000 1.000000
1455.4046 500.000000 1.000000
422.62835 500.000000 1.000000
976.31463 500.000000 1.000000
1540.3429 500.000000 1.000000
574.27423 500.000000 1.000000
1088.7546 500.000000 1.000000
458.09652 500.000000 1.000000
574.80578 500.000000 1.000000
1380.4366 500.000000 1.000000
411.59176 500.000000 1.000000
628.30029 500.000000 1.000000
390.70654 500.000000 1.000000
582.21502 500.000000 1.000000
459.16717 500.000000 1.000000
1218.4874 500.000000 1.000000
553.62262 500.000000 1.000000
1071.3107 500.000000 1.000000
893.69311 500.000000 1.000000
605.00054 500.000000 1.000000
649.21893 500.000000 1.000000
488.64913 500.000000 1.000000
783.24389 500.000000 1.000000
794.42279 500.000000 1.000000
715.36181 500.000000 1.000000
784.74853 500.000000 1.000000
515.77777 500.000000 1.000000
553.17779 500.000000 1.000000
456.77789 500.000000 1.000000
482.40487 500.000000 1.000000
1264.4730 500.000000 1.000000
696.94494 500.000000 1.000000
837.97100 500.000000 1.000000
617.68347 500.000000 1.000000
593.72210 500.000000 1.000000
433.63986 500.000000 1.000000
496.04165 500.000000 1.000000
812.71673 500.000000 1.000000
612.07867 500.000000 1.000000
449.60806 500.000000 1.000000
1453.8698 500.000000 1.000000
487.29052 500.000000 1.000000
515.76098 500.000000 1.000000
1227.2377 500.000000 1.000000
1503.8276 500.000000 1.000000
431.91522 500.000000 1.000000
615.24401 500.000000 1.000000
514.87091 500.000000 1.000000
764.33990 500.000000 1.000000
892.12036 500.000000 1.000000
545.99542 500.000000 1.000000
1106.2677 500.000000 1.000000
854.80993 500.000000 1.000000
458.06527 500.000000 1.000000
548.83087 500.000000 1.000000
702.46923 500.000000 1.000000
1160.7907 500.000000 1.000000
1095.2097 500.000000 1.000000
572.19232 500.000000 1.000000
576.59094 500.000000 1.000000
561.74609 500.000000 1.000000
1086.9525 500.000000 1.000000
1076.4354 500.000000 1.000000
522.50946 500.000000 1.000000
452.65164 500.000000 1.000000
488.49914 500.000000 1.000000
743.59088 500.000000 1.000000
826.48272 500.000000 1.000000
700.89080 500.000000 1.000000
1104.2562 500.000000 1.000000
916.68945 500.000000 1.000000
620.25421 500.000000 1.000000
453.99981 500.000000 1.000000
794.74859 500.000000 1.000000
580.98327 500.000000 1.000000
1204.5544 500.000000 1.000000
676.30883 500.000000 1.000000
790.38409 500.000000 1.000000
404.50878 500.000000 1.000000
1070.8892 500.000000 1.000000
434.04632 500.000000 1.000000
511.42343 500.000000 1.000000
589.55981 500.000000 1.000000
485.22900 500.000000 1.000000
422.35586 500.000000 1.000000
547.15374 500.000000 1.000000
544.07928 500.000000 1.000000
481.24386 500.000000 1.000000
872.42425 500.000000 1.000000
555.72222 500.000000 1.000000
717.45404 500.000000 1.000000
548.19525 500.000000 1.000000
512.08868 500.000000 1.000000
459.99133 500.000000 1.000000
1124.0127 500.000000 1.000000
1572.9169 500.000000 1.000000
482.22531 500.000000 1.000000
749.51355 500.000000 1.000000
779.29095 500.000000 1.000000
497.59814 500.000000 1.000000
715.64874 500.000000 1.000000
430.08157 500.000000 1.000000
464.83999 500.000000 1.000000
515.54815 500.000000 1.000000
469.10427 500.000000 1.000000
852.56506 500.000000 1.000000
499.79953 500.000000 1.000000
775.39355 500.000000 1.000000
432.67257 500.000000 1.000000
642.43139 500.000000 1.000000
783.44470 500.000000 1.000000
475.98022 500.000000 1.000000
448.80877 500.000000 1.000000
910.50140 500.000000 1.000000
453.62652 500.000000 1.000000
505.53808 500.000000 1.000000
607.31433 500.000000 1.000000
575.58392 500.000000 1.000000
 590.6651 500.000000 1.000000
809.51782 500.000000 1.000000
621.32354 500.000000 1.000000
880.20336 500.000000 1.000000
937.06738 500.000000 1.000000
955.92590 500.000000 1.000000
476.36474 500.000000 1.000000
555.10339 500.000000 1.000000
2337.5571 500.000000 1.000000
555.76123 500.000000 1.000000
473.12802 500.000000 1.000000
814.75750 500.000000 1.000000
583.78723 500.000000 1.000000
949.03448 500.000000 1.000000
412.71701 500.000000 1.000000
1423.8726 500.000000 1.000000
1188.5490 500.000000 1.000000
450.83706 500.000000 1.000000
1235.4768 500.000000 1.000000
405.03756 500.000000 1.000000
719.07727 500.000000 1.000000
443.82870 500.000000 1.000000
1553.3585 500.000000 1.000000
479.48938 500.000000 1.000000
373.67044 500.000000 1.000000
981.65936 500.000000 1.000000
442.76739 500.000000 1.000000
404.26736 500.000000 1.000000
657.39520 500.000000 1.000000
913.57830 500.000000 1.000000
592.625 500.000000 1.000000
903.03613 500.000000 1.000000
536.84326 500.000000 1.000000
951.12414 500.000000 1.000000
477.72720 500.000000 1.000000
423.71475 500.000000 1.000000
561.62982 500.000000 1.000000
822.99060 500.000000 1.000000
466.15979 500.000000 1.000000
534.93457 500.000000 1.000000
515.55450 500.000000 1.000000
493.79544 500.000000 1.000000
966.07855 500.000000 1.000000
723.56243 500.000000 1.000000
1405.8271 500.000000 1.000000
503.96807 500.000000 1.000000
477.32504 500.000000 1.000000
490.59744 500.000000 1.000000
378.32397 500.000000 1.000000
572.13708 500.000000 1.000000
671.45813 500.000000 1.000000
1099.2271 500.000000 1.000000
358.65005 500.000000 1.000000
442.83673 500.000000 1.000000
782.32995 500.000000 1.000000
1664.0319 500.000000 1.000000
973.52996 500.000000 1.000000
558.16381 500.000000 1.000000
348.27624 500.000000 1.000000
605.45672 500.000000 1.000000
621.98205 500.000000 1.000000
1335.8609 500.000000 1.000000
910.85736 500.000000 1.000000
497.74752 500.000000 1.000000
500.49270 500.000000 1.000000
949.513 500.000000 1.000000
447.84106 500.000000 1.000000
478.47125 500.000000 1.000000
437.34951 500.000000 1.000000
385.34555 500.000000 1.000000
894.04699 500.000000 1.000000
507.07901 500.000000 1.000000
726.84234 500.000000 1.000000
540.85040 500.000000 1.000000
605.34710 500.000000 1.000000
591.64502 500.000000 1.000000
1109.7675 500.000000 1.000000
495.64160 500.000000 1.000000
394.15033 500.000000 1.000000
503.16354 500.000000 1.000000
351.95382 500.000000 1.000000
737.37188 500.000000 1.000000
544.41308 500.000000 1.000000
676.94030 500.000000 1.000000
693.47418 500.000000 1.000000
430.87689 500.000000 1.000000
527.43536 500.000000 1.000000
498.28308 500.000000 1.000000
563.87603 500.000000 1.000000
459.98281 500.000000 1.000000
402.77871 500.000000 1.000000
486.71972 500.000000 1.000000
425.18301 500.000000 1.000000
1068.5565 500.000000 1.000000
678.80877 500.000000 1.000000
524.54559 500.000000 1.000000
413.86804 500.000000 1.000000
470.86303 500.000000 1.000000
494.17938 500.000000 1.000000
498.30749 500.000000 1.000000
427.13183 500.000000 1.000000
805.02948 500.000000 1.000000
691.08984 500.000000 1.000000
818.66241 500.000000 1.000000
398.99285 500.000000 1.000000
713.29284 500.000000 1.000000
538.17004 500.000000 1.000000
591.05926 500.000000 1.000000
1045.4633 500.000000 1.000000
879.04663 500.000000 1.000000
643.83709 500.000000 1.000000
411.01867 500.000000 1.000000
529.65991 500.000000 1.000000
332.76174 500.000000 1.000000
627.61071 500.000000 1.000000
1022.7416 500.000000 1.000000
612.27978 500.000000 1.000000
368.87649 500.000000 1.000000
556.10461 500.000000 1.000000
931.23242 500.000000 1.000000
510.00418 500.000000 1.000000
603.23254 500.000000 1.000000
433.08706 500.000000 1.000000
575.65155 500.000000 1.000000
730.75116 500.000000 1.000000
490.36859 500.000000 1.000000
597.12591 500.000000 1.000000
572.35284 500.000000 1.000000
469.93212 500.000000 1.000000
460.66803 500.000000 1.000000
584.41162 500.000000 1.000000
508.59069 500.000000 1.000000
566.10180 500.000000 1.000000
820.03448 500.000000 1.000000
473.30975 500.000000 1.000000
698.17718 500.000000 1.000000
495.19552 500.000000 1.000000
580.33837 500.000000 1.000000
588.64776 500.000000 1.000000
820.32232 500.000000 1.000000
778.48437 500.000000 1.000000
866.23870 500.000000 1.000000
874.87554 500.000000 1.000000
610.65570 500.000000 1.000000
488.23111 500.000000 1.000000
582.85351 500.000000 1.000000
712.71734 500.000000 1.000000
469.11514 500.000000 1.000000
440.88565 500.000000 1.000000
447.16027 500.000000 1.000000
628.70385 500.000000 1.000000
1648.0517 500.000000 1.000000
964.67675 500.000000 1.000000
550.91900 500.000000 1.000000
566.48754 500.000000 1.000000
783.65301 500.000000 1.000000
442.40637 500.000000 1.000000
600.87133 500.000000 1.000000
1087.8769 500.000000 1.000000
558.47338 500.000000 1.000000
403.75558 500.000000 1.000000
491.30917 500.000000 1.000000
533.29644 500.000000 1.000000
703.77642 500.000000 1.000000
1022.6678 500.000000 1.000000
704.68054 500.000000 1.000000
528.93365 500.000000 1.000000
989.36981 500.000000 1.000000
525.06750 500.000000 1.000000
1351.4503 500.000000 1.000000
991.99102 500.000000 1.000000
630.65936 500.000000 1.000000
 706.2323 500.000000 1.000000
1069.0767 500.000000 1.000000
797.85784 500.000000 1.000000
523.14898 500.000000 1.000000
917.96179 500.000000 1.000000
557.17749 500.000000 1.000000
1108.6982 500.000000 1.000000
604.62390 500.000000 1.000000
413.13821 500.000000 1.000000
555.27087 500.000000 1.000000
469.14373 500.000000 1.000000
461.95373 500.000000 1.000000
685.04583 500.000000 1.000000
568.02069 500.000000 1.000000
616.49987 500.000000 1.000000
525.11285 500.000000 1.000000
492.65670 500.000000 1.000000
715.27453 500.000000 1.000000
1088.2961 500.000000 1.000000
1085.3721 500.000000 1.000000
1132.8353 500.000000 1.000000
1317.6820 500.000000 1.000000
397.42157 500.000000 1.000000
542.35327 500.000000 1.000000
498.15216 500.000000 1.000000
758.19537 500.000000 1.000000
582.02221 500.000000 1.000000
551.56256 500.000000 1.000000
470.29443 500.000000 1.000000
480.71359 500.000000 1.000000
469.37631 500.000000 1.000000
734.66674 500.000000 1.000000
467.65109 500.000000 1.000000
595.89349 500.000000 1.000000
405.09106 500.000000 1.000000