603.26812 600.000000 1.000000
637.20105 600.000000 1.000000
601.69989 600.000000 1.000000
581.00653 600.000000 1.000000
560.67492 600.000000 1.000000
1254.6395 600.000000 1.000000
829.74511 600.000000 1.000000
1046.6442 600.000000 1.000000
820.31396 600.000000 1.000000
604.72247 600.000000 1.000000
1433.9512 600.000000 1.000000
1924.6109 600.000000 1.000000
588.81897 600.000000 1.000000
599.45196 600.000000 1.000000
1236.1650 600.000000 1.000000
619.79473 600.000000 1.000000
641.18133 600.000000 1.000000
589.00268 600.000000 1.000000
596.11529 600.000000 1.000000
553.75604 600.000000 1.000000
671.29113 600.000000 1.000000
582.50543 600.000000 1.000000
578.81359 600.000000 1.000000
1294.4323 600.000000 1.000000
1090.4836 600.000000 1.000000
795.87371 600.000000 1.000000
669.08721 600.000000 1.000000
1427.4797 600.000000 1.000000
586.39178 600.000000 1.000000
648.53228 600.000000 1.000000
572.91058 600.000000 1.000000
779.96112 600.000000 1.000000
804.54132 600.000000 1.000000
1003.9747 600.000000 1.000000
652.78527 600.000000 1.000000
669.08984 600.000000 1.000000
675.82061 600.000000 1.000000
594.21344 600.000000 1.000000
964.41546 600.000000 1.000000
377.65380 600.000000 1.000000
589.98718 600.000000 1.000000
790.07305 600.000000 1.000000
502.65863 600.000000 1.000000
987.83563 600.000000 1.000000
618.25201 600.000000 1.000000
669.32568 600.000000 1.000000
718.79052 600.000000 1.000000
758.55523 600.000000 1.000000
518.06115 600.000000 1.000000
1059.3930 600.000000 1.000000
592.82409 600.000000 1.000000
850.35876 600.000000 1.000000
1045.0266 600.000000 1.000000
568.47229 600.000000 1.000000
1239.3757 600.000000 1.000000
883.67474 600.000000 1.000000
1657.4823 600.000000 1.000000
563.78228 600.000000 1.000000
454.50531 600.000000 1.000000
638.34625 600.000000 1.000000
1143.7138 600.000000 1.000000
1515.1261 600.000000 1.000000
561.69000 600.000000 1.000000
875.28906 600.000000 1.000000
624.47650 600.000000 1.000000
481.46310 600.000000 1.000000
553.23504 600.000000 1.000000
623.22045 600.000000 1.000000
1414.3176 600.000000 1.000000
580.93725 600.000000 1.000000
706.88201 600.000000 1.000000
2331.4353 600.000000 1.000000
732.48797 600.000000 1.000000
563.19378 600.000000 1.000000
614.06140 600.000000 1.000000
548.82318 600.000000 1.000000
1194.1054 600.000000 1.000000
767.68353 600.000000 1.000000
1004.7360 600.000000 1.000000
531.89599 600.000000 1.000000
422.91656 600.000000 1.000000
805.91375 600.000000 1.000000
659.37591 600.000000 1.000000
645.71911 600.000000 1.000000
798.52179 600.000000 1.000000
637.44567 600.000000 1.000000
759.10815 600.000000 1.000000
580.46667 600.000000 1.000000
1172.1234 600.000000 1.000000
764.68725 600.000000 1.000000
774.92736 600.000000 1.000000
1052.4025 600.000000 1.000000
772.70269 600.000000 1.000000
955.88079 600.000000 1.000000
567.32470 600.000000 1.000000
708.53112 600.000000 1.000000
618.35992 600.000000 1.000000
617.26550 600.000000 1.000000
640.82623 600.000000 1.000000
948.96862 600.000000 1.000000
698.92706 600.000000 1.000000
620.23626 600.000000 1.000000
905.07543 600.000000 1.000000
538.87756 600.000000 1.000000
524.91412 600.000000 1.000000
848.53295 600.000000 1.000000
533.08215 600.000000 1.000000
477.48611 600.000000 1.000000
902.61328 600.000000 1.000000
597.20489 600.000000 1.000000
1051.5355 600.000000 1.000000
634.01519 600.000000 1.000000
604.30474 600.000000 1.000000
506.73413 600.000000 1.000000
529.96850 600.000000 1.000000
602.23004 600.000000 1.000000
1014.9588 600.000000 1.000000
925.79718 600.000000 1.000000
792.49298 600.000000 1.000000
1685.5538 600.000000 1.000000
970.54974 600.000000 1.000000
2780.8342 600.000000 1.000000
675.78466 600.000000 1.000000
1986.1207 600.000000 1.000000
1169.9537 600.000000 1.000000
1100.6622 600.000000 1.000000
679.52795 600.000000 1.000000
774.63946 600.000000 1.000000
958.22119 600.000000 1.000000
656.72296 600.000000 1.000000
562.71844 600.000000 1.000000
755.70153 600.000000 1.000000
651.92822 600.000000 1.000000
1733.4633 600.000000 1.000000
789.29229 600.000000 1.000000
1150.9024 600.000000 1.000000
1261.7855 600.000000 1.000000
605.09606 600.000000 1.000000
544.17382 600.000000 1.000000
636.33209 600.000000 1.000000
503.45925 600.000000 1.000000
517.14514 600.000000 1.000000
1053.7893 600.000000 1.000000
603.91784 600.000000 1.000000
644.88159 600.000000 1.000000
1025.3773 600.000000 1.000000
1834.9104 600.000000 1.000000
654.99493 600.000000 1.000000
837.54541 600.000000 1.000000
563.68090 600.000000 1.000000
554.87445 600.000000 1.000000
1304.7768 600.000000 1.000000
712.81903 600.000000 1.000000
555.34478 600.000000 1.000000
424.43920 600.000000 1.000000
555.43389 600.000000 1.000000
501.37939 600.000000 1.000000
716.55963 600.000000 1.000000
693.58831 600.000000 1.000000
1214.0537 600.000000 1.000000
704.72943 600.000000 1.000000
837.56701 600.000000 1.000000
802.46569 600.000000 1.000000
605.16412 600.000000 1.000000
448.84289 600.000000 1.000000
966.06164 600.000000 1.000000
516.93560 600.000000 1.000000
820.01751 600.000000 1.000000
761.85253 600.000000 1.000000
1472.2890 600.000000 1.000000
922.95721 600.000000 1.000000
652.73431 600.000000 1.000000
666.73077 600.000000 1.000000
1242.9799 600.000000 1.000000
610.03546 600.000000 1.000000
936.89428 600.000000 1.000000
1828.3933 600.000000 1.000000
583.83136 600.000000 1.000000
751.04107 600.000000 1.000000
522.03509 600.000000 1.000000
685.40295 600.000000 1.000000
800.07507 600.000000 1.000000
809.00274 600.000000 1.000000
589.888 600.000000 1.000000
1028.2345 600.000000 1.000000
680.00146 600.000000 1.000000
629.04199 600.000000 1.000000
749.93103 600.000000 1.000000
900.53521 600.000000 1.000000
622.52294 600.000000 1.000000
632.64166 600.000000 1.000000
1649.0603 600.000000 1.000000
677.73669 600.000000 1.000000
587.47595 600.000000 1.000000
714.19378 600.000000 1.000000
574.46643 600.000000 1.000000
587.35156 600.000000 1.000000
584.17596 600.000000 1.000000
1534.1336 600.000000 1.000000
592.32800 600.000000 1.000000
670.07934 600.000000 1.000000
726.61492 600.000000 1.000000
557.38189 600.000000 1.000000
528.36541 600.000000 1.000000
2357.7439 600.000000 1.000000
591.19818 600.000000 1.000000
531.59088 600.000000 1.000000
846.70874 600.000000 1.000000
589.98449 600.000000 1.000000
581.10394 600.000000 1.000000
587.46136 600.000000 1.000000
805.34783 600.000000 1.000000
796.33795 600.000000 1.000000
522.00012 600.000000 1.000000
510.99981 600.000000 1.000000
540.74957 600.000000 1.000000
679.95007 600.000000 1.000000
680.16864 600.000000 1.000000
659.55517 600.000000 1.000000
563.49688 600.000000 1.000000
1435.3392 600.000000 1.000000
613.10827 600.000000 1.000000
768.08203 600.000000 1.000000
873.52685 600.000000 1.000000
864.30621 600.000000 1.000000
678.11456 600.000000 1.000000
980.75701 600.000000 1.000000
1063.4864 600.000000 1.000000
503.43905 600.000000 1.000000
789.19226 600.000000 1.000000
809.08502 600.000000 1.000000
745.91265 600.000000 1.000000
588.67041 600.000000 1.000000
526.20501 600.000000 1.000000
633.00463 600.000000 1.000000
852.54675 600.000000 1.000000
557.70220 600.000000 1.000000
939.94549 600.000000 1.000000
2118.1464 600.000000 1.000000
479.74914 600.000000 1.000000
1017.8953 600.000000 1.000000
615.29901 600.000000 1.000000
631.25036 600.000000 1.000000
525.75897 600.000000 1.000000
526.56964 600.000000 1.000000
661.97363 600.000000 1.000000
670.17138 600.000000 1.000000
605.02191 600.000000 1.000000
472.21334 600.000000 1.000000
621.11114 600.000000 1.000000
794.73870 600.000000 1.000000
697.98382 600.000000 1.000000
922.85675 600.000000 1.000000
571.06427 600.000000 1.000000
700.95025 600.000000 1.000000
1637.5966 600.000000 1.000000
714.37365 600.000000 1.000000
639.56408 600.000000 1.000000
737.21881 600.000000 1.000000
367.12799 600.000000 1.000000
433.83511 600.000000 1.000000
1060.6981 600.000000 1.000000
651.56109 600.000000 1.000000
438.77935 600.000000 1.000000
693.93920 600.000000 1.000000
495.51684 600.000000 1.000000
611.04406 600.000000 1.000000
767.75390 600.000000 1.000000
697.78588 600.000000 1.000000
796.76525 600.000000 1.000000
1122.6820 600.000000 1.000000
559.71868 600.000000 1.000000
1137.9276 600.000000 1.000000
847.19982 600.000000 1.000000
588.02435 600.000000 1.000000
921.93713 600.000000 1.000000
636.08575 600.000000 1.000000
525.31164 600.000000 1.000000
530.49762 600.000000 1.000000
1196.0629 600.000000 1.000000
423.61737 600.000000 1.000000
662.52581 600.000000 1.000000
874.11822 600.000000 1.000000
677.96453 600.000000 1.000000
544.30157 600.000000 1.000000
811.10394 600.000000 1.000000
543.99401 600.000000 1.000000
503.48828 600.000000 1.000000
2086.7717 600.000000 1.000000
881.76715 600.000000 1.000000
1470.3995 600.000000 1.000000
583.53833 600.000000 1.000000
813.23333 600.000000 1.000000
477.69812 600.000000 1.000000
713.39801 600.000000 1.000000
534.04614 600.000000 1.000000
725.78204 600.000000 1.000000
627.57269 600.000000 1.000000
1374.1992 600.000000 1.000000
516.62603 600.000000 1.000000
654.54418 600.000000 1.000000
615.74658 600.000000 1.000000
658.75329 600.000000 1.000000
712.40026 600.000000 1.000000
1530.6431 600.000000 1.000000
776.55517 600.000000 1.000000
554.47485 600.000000 1.000000
729.83752 600.000000 1.000000
535.50402 600.000000 1.000000
611.47497 600.000000 1.000000
978.00958 600.000000 1.000000
551.73327 600.000000 1.000000
1327.0255 600.000000 1.000000
1733.7744 600.000000 1.000000
695.25732 600.000000 1.000000
570.72070 600.000000 1.000000
723.13531 600.000000 1.000000
550.60955 600.000000 1.000000
579.22796 600.000000 1.000000
1614.5731 600.000000 1.000000
971.96093 600.000000 1.000000
741.20813 600.000000 1.000000
520.36804 600.000000 1.000000
1124.0719 600.000000 1.000000
772.82458 600.000000 1.000000
591.99853 600.000000 1.000000
578.04003 600.000000 1.000000
621.47589 600.000000 1.000000
609.44567 600.000000 1.000000
573.80639 600.000000 1.000000
670.37634 600.000000 1.000000
571.65600 600.000000 1.000000
529.88641 600.000000 1.000000
527.78961 600.000000 1.000000
562.26434 600.000000 1.000000
745.26660 600.000000 1.000000
745.65887 600.000000 1.000000
580.72973 600.000000 1.000000
628.43975 600.000000 1.000000
605.04327 600.000000 1.000000
1002.7196 600.000000 1.000000
620.81420 600.000000 1.000000
594.16290 600.000000 1.000000
1220.4875 600.000000 1.000000
812.24658 600.000000 1.000000
642.33471 600.000000 1.000000
981.77221 600.000000 1.000000
1274.6705 600.000000 1.000000
554.58734 600.000000 1.000000
1023.3343 600.000000 1.000000
632.69256 600.000000 1.000000
437.18685 600.000000 1.000000
676.38507 600.000000 1.000000
543.51989 600.000000 1.000000
512.42529 600.000000 1.000000
844.16699 600.000000 1.000000
583.14593 600.000000 1.000000
562.08239 600.000000 1.000000
601.51831 600.000000 1.000000
1308.6945 600.000000 1.000000
975.97406 600.000000 1.000000
536.74902 600.000000 1.000000
1138.4072 600.000000 1.000000
568.87255 600.000000 1.000000
500.15881 600.000000 1.000000
503.73916 600.000000 1.000000
532.61676 600.000000 1.000000
658.12872 600.000000 1.000000
630.63824 600.000000 1.000000
621.01391 600.000000 1.000000
700.11297 600.000000 1.000000
588.71716 600.000000 1.000000
556.50042 600.000000 1.000000
546.89178 600.000000 1.000000
620.63336 600.000000 1.000000
665.84393 600.000000 1.000000
575.01141 600.000000 1.000000
1153.2623 600.000000 1.000000
609.21856 600.000000 1.000000
555.87152 600.000000 1.000000
615.68682 600.000000 1.000000
1059.5286 600.000000 1.000000
733.69482 600.000000 1.000000
993.27795 600.000000 1.000000
593.85876 600.000000 1.000000
556.40356 600.000000 1.000000
1094.1984 600.000000 1.000000
534.47052 600.000000 1.000000
1115.1314 600.000000 1.000000
584.12274 600.000000 1.000000
688.80413 600.000000 1.000000
1214.5961 600.000000 1.000000
646.19433 600.000000 1.000000
1374.5367 600.000000 1.000000
1088.7624 600.000000 1.000000
523.23602 600.000000 1.000000
623.43377 600.000000 1.000000
1206.3580 600.000000 1.000000
1161.3066 600.000000 1.000000
1101.0175 600.000000 1.000000
697.26080 600.000000 1.000000
810.92559 600.000000 1.000000
938.28399 600.000000 1.000000
1554.3573 600.000000 1.000000
703.94482 600.000000 1.000000
1046.9606 600.000000 1.000000
1174.3869 600.000000 1.000000
664.97656 600.000000 1.000000
568.92596 600.000000 1.000000
596.92443 600.000000 1.000000
564.47680 600.000000 1.000000
488.20968 600.000000 1.000000
981.02246 600.000000 1.000000
569.65564 600.000000 1.000000
574.40802 600.000000 1.000000
624.84960 600.000000 1.000000
441.34143 600.000000 1.000000
570.25476 600.000000 1.000000
804.52435 600.000000 1.000000
1717.6895 600.000000 1.000000
2515.2846 600.000000 1.000000
625.65332 600.000000 1.000000
818.70636 600.000000 1.000000
1124.0706 600.000000 1.000000
460.14202 600.000000 1.000000
730.83648 600.000000 1.000000
487.07315 600.000000 1.000000
1088.6803 600.000000 1.000000
592.37115 600.000000 1.000000
1139.2941 600.000000 1.000000
850.17095 600.000000 1.000000
556.44757 600.000000 1.000000
594.60821 600.000000 1.000000
626.96264 600.000000 1.000000
489.53167 600.000000 1.000000
652.80572 600.000000 1.000000
574.46319 600.000000 1.000000
693.62225 600.000000 1.000000
989.74029 600.000000 1.000000
605.14233 600.000000 1.000000
565.15289 600.000000 1.000000
778.05004 600.000000 1.000000
764.98114 600.000000 1.000000
531.14410 600.000000 1.000000
560.28332 600.000000 1.000000
593.99578 600.000000 1.000000
748.65527 600.000000 1.000000
607.76800 600.000000 1.000000
483.64599 600.000000 1.000000
858.46948 600.000000 1.000000
595.68438 600.000000 1.000000
568.94415 600.000000 1.000000
1213.6820 600.000000 1.000000
588.64801 600.000000 1.000000
910.59362 600.000000 1.000000
1250.6095 600.000000 1.000000
627.16101 600.000000 1.000000
895.52258 600.000000 1.000000
537.40234 600.000000 1.000000
981.27435 600.000000 1.000000
528.21783 600.000000 1.000000
568.96307 600.000000 1.000000
570.24212 600.000000 1.000000
626.83929 600.000000 1.000000
636.76434 600.000000 1.000000
733.14514 600.000000 1.000000
1143.6204 600.000000 1.000000
508.31768 600.000000 1.000000
1244.5929 600.000000 1.000000
939.45581 600.000000 1.000000
885.52801 600.000000 1.000000
490.69833 600.000000 1.000000
801.45025 600.000000 1.000000
569.85485 600.000000 1.000000
645.57519 600.000000 1.000000
857.25769 600.000000 1.000000
613.49957 600.000000 1.000000
587.01715 600.000000 1.000000
760.68493 600.000000 1.000000
3456.0459 600.000000 1.000000
868.51165 600.000000 1.000000
1001.8989 600.000000 1.000000
456.79174 600.000000 1.000000
1392.5637 600.000000 1.000000
521.22283 600.000000 1.000000
514.28027 600.000000 1.000000
590.39453 600.000000 1.000000
488.48397 600.000000 1.000000
769.70416 600.000000 1.000000
530.67755 600.000000 1.000000
565.40924 600.000000 1.000000
531.04943 600.000000 1.000000
547.14679 600.000000 1.000000
596.21008 600.000000 1.000000
1191.4545 600.000000 1.000000
537.27789 600.000000 1.000000
646.11334 600.000000 1.000000
879.87414 600.000000 1.000000
401.12887 600.000000 1.000000
650.59356 600.000000 1.000000
516.92370 600.000000 1.000000
529.92419 600.000000 1.000000
692.95587 600.000000 1.000000
1282.7036 600.000000 1.000000
582.24823 600.000000 1.000000
682.30419 600.000000 1.000000
1261.2175 600.000000 1.000000
482.02572 600.000000 1.000000
504.44467 600.000000 1.000000
415.33493 600.000000 1.000000
534.94122 600.000000 1.000000
630.71575 600.000000 1.000000
715.81793 600.000000 1.000000
566.16113 600.000000 1.000000
575.39325 600.000000 1.000000
643.41833 600.000000 1.000000
545.26318 600.000000 1.000000
629.71942 600.000000 1.000000
543.96728 600.000000 1.000000
722.49304 600.000000 1.000000
630.78784 600.000000 1.000000
685.37530 600.000000 1.000000
1028.4045 600.000000 1.000000
997.75701 600.000000 1.000000
1472.7821 600.000000 1.000000
1112.8701 600.000000 1.000000
665.77264 600.000000 1.000000
624.14367 600.000000 1.000000
1863.6606 600.000000 1.000000
563.44836 600.000000 1.000000
606.40521 600.000000 1.000000
606.50824 600.000000 1.000000
631.70690 600.000000 1.000000
925.01306 600.000000 1.000000
517.09533 600.000000 1.000000
620.51373 600.000000 1.000000
1899.6839 600.000000 1.000000
516.78204 600.000000 1.000000
1488.5784 600.000000 1.000000
547.80163 600.000000 1.000000
621.22729 600.000000 1.000000
488.54812 600.000000 1.000000
1192.2215 600.000000 1.000000
1475.5008 600.000000 1.000000
613.57830 600.000000 1.000000
727.84259 600.000000 1.000000
660.94702 600.000000 1.000000
650.09954 600.000000 1.000000
976.57592 600.000000 1.000000
534.83947 600.000000 1.000000
586.98455 600.000000 1.000000
579.44824 600.000000 1.000000
1308.4788 600.000000 1.000000
1276.5900 600.000000 1.000000
795.08410 600.000000 1.000000
848.08416 600.000000 1.000000
657.95776 600.000000 1.000000
443.54187 600.000000 1.000000
603.35107 600.000000 1.000000
926.02960 600.000000 1.000000
 603.25 600.000000 1.000000
612.94537 600.000000 1.000000
647.11346 600.000000 1.000000
649.22448 600.000000 1.000000
610.37213 600.000000 1.000000
868.45355 600.000000 1.000000
703.55523 600.000000 1.000000
676.70831 600.000000 1.000000
890.65118 600.000000 1.000000
670.77038 600.000000 1.000000
460.54672 600.000000 1.000000
2577.9201 600.000000 1.000000
558.99639 600.000000 1.000000
763.34381 600.000000 1.000000
1006.6183 600.000000 1.000000
1921.1055 600.000000 1.000000
1372.4884 600.000000 1.000000
690.00628 600.000000 1.000000
569.80212 600.000000 1.000000
689.79846 600.000000 1.000000
1013.4239 600.000000 1.000000
807.13079 600.000000 1.000000
799.92962 600.000000 1.000000
549.65026 600.000000 1.000000
633.09484 600.000000 1.000000
773.79937 600.000000 1.000000
746.00866 600.000000 1.000000
690.06982 600.000000 1.000000
572.73205 600.000000 1.000000
1126.5194 600.000000 1.000000
523.93499 600.000000 1.000000
556.58587 600.000000 1.000000
752.66162 600.000000 1.000000
600.60565 600.000000 1.000000
460.75970 600.000000 1.000000
700.57061 600.000000 1.000000
723.83715 600.000000 1.000000
502.22204 600.000000 1.000000
833.53820 600.000000 1.000000
675.56402 600.000000 1.000000
680.99310 600.000000 1.000000
1090.4620 600.000000 1.000000
539.29296 600.000000 1.000000
1158.8933 600.000000 1.000000
557.43298 600.000000 1.000000
522.72454 600.000000 1.000000
496.82208 600.000000 1.000000
799.07959 600.000000 1.000000
672.54565 600.000000 1.000000
775.56335 600.000000 1.000000
581.73138 600.000000 1.000000
750.19403 600.000000 1.000000
619.83691 600.000000 1.000000
638.28137 600.000000 1.000000
553.89752 600.000000 1.000000
916.55200 600.000000 1.000000
635.14459 600.000000 1.000000
614.89062 600.000000 1.000000
782.80236 600.000000 1.000000
560.97534 600.000000 1.000000
481.56283 600.000000 1.000000
733.76995 600.000000 1.000000
1081.9616 600.000000 1.000000
813.05346 600.000000 1.000000
1151.5125 600.000000 1.000000
820.47930 600.000000 1.000000
929.13525 600.000000 1.000000
635.82708 600.000000 1.000000
579.95166 600.000000 1.000000
607.93792 600.000000 1.000000
713.81079 600.000000 1.000000
658.14196 600.000000 1.000000
920.71478 600.000000 1.000000
662.52026 600.000000 1.000000
611.74285 600.000000 1.000000
747.54840 600.000000 1.000000
657.58337 600.000000 1.000000
774.90026 600.000000 1.000000
1031.0905 600.000000 1.000000
719.56103 600.000000 1.000000
1320.2717 600.000000 1.000000
701.67334 600.000000 1.000000
584.09021 600.000000 1.000000
911.93896 600.000000 1.000000
618.16314 600.000000 1.000000
963.90130 600.000000 1.000000
497.66159 600.000000 1.000000
719.13385 600.000000 1.000000
644.55481 600.000000 1.000000
974.94372 600.000000 1.000000
1472.6928 600.000000 1.000000
598.82287 600.000000 1.000000
761.05224 600.000000 1.000000
536.96649 600.000000 1.000000
606.39318 600.000000 1.000000
1091.1500 600.000000 1.000000
539.90600 600.000000 1.000000
421.79644 600.000000 1.000000
843.96655 600.000000 1.000000
998.40741 600.000000 1.000000
878.65417 600.000000 1.000000
733.41412 600.000000 1.000000
468.40063 600.000000 1.000000
559.20391 600.000000 1.000000
577.21026 600.000000 1.000000
707.83703 600.000000 1.000000
851.74078 600.000000 1.000000
1302.2563 600.000000 1.000000
646.23797 600.000000 1.000000
659.25994 600.000000 1.000000
579.01739 600.000000 1.000000
739.92346 600.000000 1.000000
979.97637 600.000000 1.000000
556.83392 600.000000 1.000000
636.01989 600.000000 1.000000
623.42004 600.000000 1.000000
678.56671 600.000000 1.000000
554.69909 600.000000 1.000000
619.66442 600.000000 1.000000
871.39471 600.000000 1.000000
2135.9946 600.000000 1.000000
1088.3877 600.000000 1.000000
575.82769 600.000000 1.000000
616.55011 600.000000 1.000000
728.32281 600.000000 1.000000
633.43420 600.000000 1.000000
564.13348 600.000000 1.000000
584.33435 600.000000 1.000000
607.00824 600.000000 1.000000
727.69335 600.000000 1.000000
492.50964 600.000000 1.000000
528.66693 600.000000 1.000000
569.24432 600.000000 1.000000
650.43652 600.000000 1.000000
619.43957 600.000000 1.000000
683.94897 600.000000 1.000000
664.43389 600.000000 1.000000
612.18151 600.000000 1.000000
1231.7579 600.000000 1.000000
1237.9841 600.000000 1.000000
647.82037 600.000000 1.000000
662.06958 600.000000 1.000000
566.19769 600.000000 1.000000
606.29864 600.000000 1.000000
633.66522 600.000000 1.000000
565.08740 600.000000 1.000000
589.34130 600.000000 1.000000
1565.3439 600.000000 1.000000
567.35400 600.000000 1.000000
769.72778 600.000000 1.000000
678.18890 600.000000 1.000000
670.83953 600.000000 1.000000
1351.0159 600.000000 1.000000
514.39508 600.000000 1.000000
492.92498 600.000000 1.000000
561.37396 600.000000 1.000000
621.14312 600.000000 1.000000
464.97680 600.000000 1.000000
586.49169 600.000000 1.000000
1040.1368 600.000000 1.000000
892.87561 600.000000 1.000000
 940.5495 600.000000 1.000000
863.35809 600.000000 1.000000
689.14410 600.000000 1.000000
648.59368 600.000000 1.000000
1860.2652 600.000000 1.000000
592.41528 600.000000 1.000000
640.43536 600.000000 1.000000
566.65924 600.000000 1.000000
478.96093 600.000000 1.000000
567.95153 600.000000 1.000000
508.05792 600.000000 1.000000
837.16870 600.000000 1.000000
969.00103 600.000000 1.000000
731.43719 600.000000 1.000000
887.69879 600.000000 1.000000
681.85418 600.000000 1.000000
952.01800 600.000000 1.000000
839.31970 600.000000 1.000000
583.88769 600.000000 1.000000
737.21179 600.000000 1.000000
495.56054 600.000000 1.000000
535.39111 600.000000 1.000000
610.27301 600.000000 1.000000
806.39947 600.000000 1.000000
888.22827 600.000000 1.000000
571.77136 600.000000 1.000000
644.40734 600.000000 1.000000
675.76263 600.000000 1.000000
1260.1727 600.000000 1.000000
735.46221 600.000000 1.000000
1047.5004 600.000000 1.000000
614.67468 600.000000 1.000000
626.65570 600.000000 1.000000
665.38244 600.000000 1.000000
582.22473 600.000000 1.000000
622.87463 600.000000 1.000000
468.98907 600.000000 1.000000
1365.8762 600.000000 1.000000
634.26147 600.000000 1.000000
553.90808 600.000000 1.000000
496.39575 600.000000 1.000000
458.39172 600.000000 1.000000
710.04657 600.000000 1.000000
763.50250 600.000000 1.000000
701.52984 600.000000 1.000000
1204.9465 600.000000 1.000000
959.63604 600.000000 1.000000
550.67169 600.000000 1.000000
435.18011 600.000000 1.000000
548.53210 600.000000 1.000000
671.23095 600.000000 1.000000
615.65814 600.000000 1.000000
555.73535 600.000000 1.000000
692.23797 600.000000 1.000000
1149.1307 600.000000 1.000000
583.92016 600.000000 1.000000
532.17956 600.000000 1.000000
1938.5239 600.000000 1.000000
704.97406 600.000000 1.000000
570.47595 600.000000 1.000000
680.86554 600.000000 1.000000
999.88336 600.000000 1.000000
725.64233 600.000000 1.000000
701.54412 600.000000 1.000000
492.24975 600.000000 1.000000
508.36315 600.000000 1.000000
3116.2368 600.000000 1.000000
743.30975 600.000000 1.000000
723.85638 600.000000 1.000000
650.25262 600.000000 1.000000
566.21612 600.000000 1.000000
705.21374 600.000000 1.000000
650.46966 600.000000 1.000000
535.57220 600.000000 1.000000
585.99072 600.000000 1.000000
710.99359 600.000000 1.000000
565.63958 600.000000 1.000000
2271.9123 600.000000 1.000000
710.09954 600.000000 1.000000
519.59710 600.000000 1.000000
483.37234 600.000000 1.000000
904.89398 600.000000 1.000000
780.83593 600.000000 1.000000
974.06695 600.000000 1.000000
633.90808 600.000000 1.000000
584.04126 600.000000 1.000000
654.22174 600.000000 1.000000
798.18743 600.000000 1.000000
1176.2408 600.000000 1.000000
542.70251 600.000000 1.000000
991.68151 600.000000 1.000000
766.06103 600.000000 1.000000
642.88909 600.000000 1.000000
788.71508 600.000000 1.000000
692.82159 600.000000 1.000000
552.89312 600.000000 1.000000
1655.2087 600.000000 1.000000
442.05111 600.000000 1.000000
592.70086 600.000000 1.000000
1151.8271 600.000000 1.000000
640.32122 600.000000 1.000000
773.59893 600.000000 1.000000
790.97601 600.000000 1.000000
486.47970 600.000000 1.000000
527.47894 600.000000 1.000000
1024.9600 600.000000 1.000000
520.12036 600.000000 1.000000
1270.8950 600.000000 1.000000
755.57678 600.000000 1.000000
558.79449 600.000000 1.000000
632.34320 600.000000 1.000000
651.60223 600.000000 1.000000
803.65136 600.000000 1.000000
832.80249 600.000000 1.000000
520.05603 600.000000 1.000000
806.39306 600.000000 1.000000
861.91766 600.000000 1.000000
694.50109 600.000000 1.000000
773.88586 600.000000 1.000000
993.76422 600.000000 1.000000
588.31237 600.000000 1.000000
725.92675 600.000000 1.000000
689.10913 600.000000 1.000000
494.29162 600.000000 1.000000
651.64526 600.000000 1.000000
521.50598 600.000000 1.000000
442.03201 600.000000 1.000000
537.77539 600.000000 1.000000
607.61425 600.000000 1.000000
647.52514 600.000000 1.000000
482.29397 600.000000 1.000000
788.33819 600.000000 1.000000
739.16699 600.000000 1.000000
808.76562 600.000000 1.000000
1161.3006 600.000000 1.000000
795.59100 600.000000 1.000000
473.66387 600.000000 1.000000
935.77441 600.000000 1.000000
529.50549 600.000000 1.000000
623.65374 600.000000 1.000000
588.55645 600.000000 1.000000
2491.0695 600.000000 1.000000
530.52917 600.000000 1.000000
837.56219 600.000000 1.000000
525.94085 600.000000 1.000000
550.78137 600.000000 1.000000
953.52111 600.000000 1.000000
1155.4128 600.000000 1.000000
549.17169 600.000000 1.000000
577.11126 600.000000 1.000000
595.92395 600.000000 1.000000
590.77417 600.000000 1.000000
596.33929 600.000000 1.000000
600.62487 600.000000 1.000000
986.85186 600.000000 1.000000
595.95123 600.000000 1.000000
1060.0708 600.000000 1.000000
 727.6026 600.000000 1.000000
538.22790 600.000000 1.000000
825.47595 600.000000 1.000000
827.69415 600.000000 1.000000
580.04791 600.000000 1.000000
812.92608 600.000000 1.000000
820.90387 600.000000 1.000000
995.90295 600.000000 1.000000
884.05706 600.000000 1.000000
829.30767 600.000000 1.000000
493.03604 600.000000 1.000000
539.92498 600.000000 1.000000
641.82543 600.000000 1.000000
573.12481 600.000000 1.000000
866.92248 600.000000 1.000000
559.36639 600.000000 1.000000
1117.2618 600.000000 1.000000
937.16339 600.000000 1.000000
550.25830 600.000000 1.000000
925.89318 600.000000 1.000000
423.27160 600.000000 1.000000
422.04617 600.000000 1.000000
547.84704 600.000000 1.000000
578.46221 600.000000 1.000000
848.61639 600.000000 1.000000
611.28106 600.000000 1.000000
614.64147 600.000000 1.000000
753.83953 600.000000 1.000000
1187.7940 600.000000 1.000000
951.17309 600.000000 1.000000
702.31109 600.000000 1.000000
736.56897 600.000000 1.000000
540.00262 600.000000 1.000000
593.35522 600.000000 1.000000
573.75402 600.000000 1.000000
746.26062 600.000000 1.000000
738.05340 600.000000 1.000000
1363.3190 600.000000 1.000000
1415.7808 600.000000 1.000000
571.36981 600.000000 1.000000
565.75268 600.000000 1.000000
 517.4021 600.000000 1.000000
600.00219 600.000000 1.000000
893.36285 600.000000 1.000000
477.55441 600.000000 1.000000
516.55615 600.000000 1.000000
730.34606 600.000000 1.000000
534.01452 600.000000 1.000000
658.31805 600.000000 1.000000
 583.9021 600.000000 1.000000
531.00164 600.000000 1.000000
677.32397 600.000000 1.000000
567.64941 600.000000 1.000000
598.00567 600.000000 1.000000
3056.0402 600.000000 1.000000
1989.4953 600.000000 1.000000
706.43890 600.000000 1.000000
739.51129 600.000000 1.000000
467.03552 600.000000 1.000000
589.16027 600.000000 1.000000
634.11053 600.000000 1.000000
731.74292 600.000000 1.000000
809.38812 600.000000 1.000000
490.79177 600.000000 1.000000
654.44885 600.000000 1.000000
470.18417 600.000000 1.000000
452.33029 600.000000 1.000000
495.00299 600.000000 1.000000
531.26660 600.000000 1.000000
2253.9648 600.000000 1.000000
692.64770 600.000000 1.000000
2291.1013 600.000000 1.000000
672.16162 600.000000 1.000000
566.26110 600.000000 1.000000
1264.0518 600.000000 1.000000
595.44073 600.000000 1.000000
689.69885 600.000000 1.000000
965.78094 600.000000 1.000000
840.38610 600.000000 1.000000
630.03509 600.000000 1.000000
741.73303 600.000000 1.000000
723.31604 600.000000 1.000000
1558.3380 600.000000 1.000000
966.89373 600.000000 1.000000
1125.6859 600.000000 1.000000
1058.3575 600.000000 1.000000
834.69287 600.000000 1.000000
595.75860 600.000000 1.000000
1876.4314 600.000000 1.000000
964.46167 600.000000 1.000000
584.66467 600.000000 1.000000
947.79577 600.000000 1.000000
556.48083 600.000000 1.000000
541.24041 600.000000 1.000000
641.84838 600.000000 1.000000
618.14630 600.000000 1.000000
748.01532 600.000000 1.000000
1096.0413 600.000000 1.000000
638.52563 600.000000 1.000000
744.91839 600.000000 1.000000
610.05914 600.000000 1.000000
559.90905 600.000000 1.000000
775.79345 600.000000 1.000000
625.80200 600.000000 1.000000
1013.2426 600.000000 1.000000
589.33837 600.000000 1.000000
457.51843 600.000000 1.000000
583.23815 600.000000 1.000000
642.83996 600.000000 1.000000
869.93505 600.000000 1.000000
819.63635 600.000000 1.000000
570.69250 600.000000 1.000000
776.20397 600.000000 1.000000
673.55017 600.000000 1.000000
844.43048 600.000000 1.000000
670.83831 600.000000 1.000000
612.94049 600.000000 1.000000
1206.6044 600.000000 1.000000
914.48986 600.000000 1.000000
2129.7153 600.000000 1.000000
625.14099 600.000000 1.000000
551.23974 600.000000 1.000000
500.69198 600.000000 1.000000
619.84063 600.000000 1.000000
1231.5688 600.000000 1.000000
546.04571 600.000000 1.000000
499.61621 600.000000 1.000000
439.22674 600.000000 1.000000
466.02896 600.000000 1.000000
606.96270 600.000000 1.000000
1618.4429 600.000000 1.000000
551.62255 600.000000 1.000000
668.06555 600.000000 1.000000
476.61694 600.000000 1.000000
1153.2364 600.000000 1.000000
1458.2967 600.000000 1.000000
544.08880 600.000000 1.000000
841.42041 600.000000 1.000000
550.74041 600.000000 1.000000
516.40222 600.000000 1.000000
712.54266 600.000000 1.000000
736.55828 600.000000 1.000000
772.16845 600.000000 1.000000
425.22049 600.000000 1.000000
910.96991 600.000000 1.000000
617.59283 600.000000 1.000000
1388.9118 600.000000 1.000000
557.67724 600.000000 1.000000
788.47723 600.000000 1.000000
563.51464 600.000000 1.000000
644.60473 600.000000 1.000000
436.12237 600.000000 1.000000
613.77569 600.000000 1.000000
743.56597 600.000000 1.000000
536.40515 600.000000 1.000000
1103.7696 600.000000 1.000000
742.38317 600.000000 1.000000
1032.6207 600.000000 1.000000
668.85504 600.000000 1.000000
729.15142 600.000000 1.000000
595.72369 600.000000 1.000000
561.63287 600.000000 1.000000
509.72161 600.000000 1.000000
460.65112 600.000000 1.000000
780.13861 600.000000 1.000000
1070.5396 600.000000 1.000000
772.67547 600.000000 1.000000
943.42895 600.000000 1.000000
568.18804 600.000000 1.000000
949.43243 600.000000 1.000000
839.39147 600.000000 1.000000
571.29473 600.000000 1.000000
1250.2889 600.000000 1.000000
525.33068 600.000000 1.000000
1162.3728 600.000000 1.000000
652.54577 600.000000 1.000000
707.61908 600.000000 1.000000
677.89611 600.000000 1.000000
1277.1777 600.000000 1.000000
625.05468 600.000000 1.000000
1274.1384 600.000000 1.000000
685.33172 600.000000 1.000000
513.17205 600.000000 1.000000
473.77835 600.000000 1.000000
825.17712 600.000000 1.000000
1416.6175 600.000000 1.000000
1175.3641 600.000000 1.000000
588.97186 600.000000 1.000000
785.94104 600.000000 1.000000
1145.3602 600.000000 1.000000
544.41223 600.000000 1.000000
624.72967 600.000000 1.000000
1896.4898 600.000000 1.000000
665.32470 600.000000 1.000000
862.45806 600.000000 1.000000
716.51385 600.000000 1.000000
666.30719 600.000000 1.000000
544.28808 600.000000 1.000000
664.55444 600.000000 1.000000
2154.8791 600.000000 1.000000
848.48278 600.000000 1.000000
1723.3968 600.000000 1.000000
720.56488 600.000000 1.000000
937.15338 600.000000 1.000000
767.46124 600.000000 1.000000
656.96606 600.000000 1.000000
739.85571 600.000000 1.000000
886.40777 600.000000 1.000000
642.64019 600.000000 1.000000
 517.5271 600.000000 1.000000
724.19006 600.000000 1.000000
629.03857 600.000000 1.000000
730.05572 600.000000 1.000000
602.08776 600.000000 1.000000
841.36560 600.000000 1.000000
1250.8955 600.000000 1.000000
592.05743 600.000000 1.000000
748.40368 600.000000 1.000000
872.75311 600.000000 1.000000
595.56115 600.000000 1.000000
567.05682 600.000000 1.000000
441.13616 600.000000 1.000000
1257.8636 600.000000 1.000000
568.73114 600.000000 1.000000
525.68811 600.000000 1.000000
721.18194 600.000000 1.000000
1157.8122 600.000000 1.000000
545.65698 600.000000 1.000000
574.47778 600.000000 1.000000
 691.3573 600.000000 1.000000
700.46679 600.000000 1.000000
1085.3269 600.000000 1.000000
607.26489 600.000000 1.000000
755.10144 600.000000 1.000000
663.48132 600.000000 1.000000
614.91784 600.000000 1.000000
541.36755 600.000000 1.000000
638.80352 600.000000 1.000000
568.06817 600.000000 1.000000
736.98687 600.000000 1.000000
586.53448 600.000000 1.000000
488.28424 600.000000 1.000000
834.61975 600.000000 1.000000
743.41638 600.000000 1.000000
886.14575 600.000000 1.000000
1341.2753 600.000000 1.000000
867.34637 600.000000 1.000000
791.05877 600.000000 1.000000
580.42114 600.000000 1.000000
1150.8400 600.000000 1.000000
623.13336 600.000000 1.000000
662.79895 600.000000 1.000000
716.84301 600.000000 1.000000
982.55151 600.000000 1.000000
537.90515 600.000000 1.000000
600.82891 600.000000 1.000000
658.74102 600.000000 1.000000
792.76971 600.000000 1.000000
485.89028 600.000000 1.000000
618.60314 600.000000 1.000000
433.35040 600.000000 1.000000
1784.2578 600.000000 1.000000
552.40679 600.000000 1.000000
503.66503 600.000000 1.000000
608.00964 600.000000 1.000000
995.43975 600.000000 1.000000
522.88665 600.000000 1.000000
532.87506 600.000000 1.000000
565.60553 600.000000 1.000000
625.80481 600.000000 1.000000
 571.6521 600.000000 1.000000
1243.4440 600.000000 1.000000
491.55294 600.000000 1.000000
602.67865 600.000000 1.000000
741.92291 600.000000 1.000000
834.86596 600.000000 1.000000
592.74102 600.000000 1.000000
921.51562 600.000000 1.000000
1362.5247 600.000000 1.000000
550.93371 600.000000 1.000000
739.47619 600.000000 1.000000
621.77356 600.000000 1.000000
1126.8181 600.000000 1.000000
593.49285 600.000000 1.000000
507.37429 600.000000 1.000000
1270.5560 600.000000 1.000000
814.44586 600.000000 1.000000
1922.8542 600.000000 1.000000
842.26013 600.000000 1.000000
1528.1085 600.000000 1.000000
427.71853 600.000000 1.000000
548.00805 600.000000 1.000000
627.91888 600.000000 1.000000
564.10333 600.000000 1.000000
647.05816 600.000000 1.000000
573.36871 600.000000 1.000000
509.67398 600.000000 1.000000
1203.4427 600.000000 1.000000
558.23455 600.000000 1.000000
741.35870 600.000000 1.000000
609.94915 600.000000 1.000000
522.97052 600.000000 1.000000
721.39843 600.000000 1.000000
696.39679 600.000000 1.000000
2963.1369 600.000000 1.000000
1195.6516 600.000000 1.000000
865.37805 600.000000 1.000000
630.16125 600.000000 1.000000
1405.3161 600.000000 1.000000
556.97509 600.000000 1.000000
474.37042 600.000000 1.000000
569.02215 600.000000 1.000000
803.83300 600.000000 1.000000
1811.7208 600.000000 1.000000
503.61792 600.000000 1.000000
599.51544 600.000000 1.000000
686.03436 600.000000 1.000000
979.92266 600.000000 1.000000
602.51171 600.000000 1.000000
430.70025 600.000000 1.000000
573.08392 600.000000 1.000000
634.97241 600.000000 1.000000
663.71893 600.000000 1.000000
1047.2247 600.000000 1.000000
665.42492 600.000000 1.000000
892.21850 600.000000 1.000000
728.05596 600.000000 1.000000
808.76641 600.000000 1.000000
678.54431 600.000000 1.000000
549.58398 600.000000 1.000000
611.73480 600.000000 1.000000
762.19866 600.000000 1.000000
700.87170 600.000000 1.000000
920.07800 600.000000 1.000000
570.58807 600.000000 1.000000
966.52417 600.000000 1.000000
573.84655 600.000000 1.000000
585.22522 600.000000 1.000000
510.94516 600.000000 1.000000
705.33392 600.000000 1.000000
730.09576 600.000000 1.000000
902.77685 600.000000 1.000000
561.92987 600.000000 1.000000
770.66217 600.000000 1.000000
729.60205 600.000000 1.000000
954.84350 600.000000 1.000000
529.04559 600.000000 1.000000
510.36148 600.000000 1.000000
858.09948 600.000000 1.000000
587.23333 600.000000 1.000000
716.86773 600.000000 1.000000
676.66046 600.000000 1.000000
628.29327 600.000000 1.000000
545.22637 600.000000 1.000000
1618.8388 600.000000 1.000000
990.58429 600.000000 1.000000
960.01275 600.000000 1.000000
771.36401 600.000000 1.000000
577.24664 600.000000 1.000000
910.37829 600.000000 1.000000
628.86413 600.000000 1.000000
1312.3439 600.000000 1.000000
846.01733 600.000000 1.000000
1059.1367 600.000000 1.000000
610.20318 600.000000 1.000000
703.01593 600.000000 1.000000
549.74560 600.000000 1.000000
1106.4856 600.000000 1.000000
488.95889 600.000000 1.000000
536.14025 600.000000 1.000000
827.54888 600.000000 1.000000
723.99371 600.000000 1.000000
653.97271 600.000000 1.000000
622.57531 600.000000 1.000000
619.05181 600.000000 1.000000
550.21435 600.000000 1.000000
977.48474 600.000000 1.000000
678.26306 600.000000 1.000000
574.53607 600.000000 1.000000
579.61425 600.000000 1.000000
445.75958 600.000000 1.000000
890.07366 600.000000 1.000000
579.51605 600.000000 1.000000
699.53949 600.000000 1.000000
1173.1815 600.000000 1.000000
775.18158 600.000000 1.000000
445.80154 600.000000 1.000000
761.41320 600.000000 1.000000
630.00946 600.000000 1.000000
852.81817 600.000000 1.000000
512.59069 600.000000 1.000000
1627.7257 600.000000 1.000000
481.89044 600.000000 1.000000
738.40264 600.000000 1.000000
1386.9299 600.000000 1.000000
817.58825 600.000000 1.000000
752.91021 600.000000 1.000000
928.91619 600.000000 1.000000
567.47418 600.000000 1.000000
730.84576 600.000000 1.000000
517.06005 600.000000 1.000000
536.98022 600.000000 1.000000
877.05578 600.000000 1.000000
983.67633 600.000000 1.000000
631.63812 600.000000 1.000000
1081.6527 600.000000 1.000000
698.82965 600.000000 1.000000
1755.9884 600.000000 1.000000
850.12139 600.000000 1.000000
701.37249 600.000000 1.000000
562.67944 600.000000 1.000000
581.41076 600.000000 1.000000
1545.7442 600.000000 1.000000
765.95501 600.000000 1.000000
486.07028 600.000000 1.000000
399.89444 600.000000 1.000000
735.76342 600.000000 1.000000
646.69049 600.000000 1.000000
487.62979 600.000000 1.000000
578.46417 600.000000 1.000000
1305.3306 600.000000 1.000000
632.62353 600.000000 1.000000
523.78045 600.000000 1.000000
558.67065 600.000000 1.000000
996.56677 600.000000 1.000000
860.75030 600.000000 1.000000
1822.0604 600.000000 1.000000
468.28643 600.000000 1.000000
578.27026 600.000000 1.000000
529.24377 600.000000 1.000000
556.70544 600.000000 1.000000
598.65997 600.000000 1.000000
467.65591 600.000000 1.000000
1074.1434 600.000000 1.000000
563.32757 600.000000 1.000000
585.52862 600.000000 1.000000
1049.8901 600.000000 1.000000
527.12054 600.000000 1.000000
824.35980 600.000000 1.000000
766.03778 600.000000 1.000000
1075.2055 600.000000 1.000000
623.16345 600.000000 1.000000
553.78442 600.000000 1.000000
877.89825 600.000000 1.000000
489.01928 600.000000 1.000000
594.48803 600.000000 1.000000
1064.0200 600.000000 1.000000
1056.0490 600.000000 1.000000
600.85717 600.000000 1.000000
786.85913 600.000000 1.000000
608.78289 600.000000 1.000000
595.91418 600.000000 1.000000
1139.4255 600.000000 1.000000
623.97119 600.000000 1.000000
1503.1137 600.000000 1.000000
526.45892 600.000000 1.000000
713.68896 600.000000 1.000000
569.84094 600.000000 1.000000
669.03247 600.000000 1.000000
712.69140 600.000000 1.000000
902.43273 600.000000 1.000000
472.10662 600.000000 1.000000
1115.9051 600.000000 1.000000
641.23339 600.000000 1.000000
570.33789 600.000000 1.000000
607.70343 600.000000 1.000000
706.15564 600.000000 1.000000
1258.9876 600.000000 1.000000
739.01385 600.000000 1.000000
692.57373 600.000000 1.000000
731.87786 600.000000 1.000000
1496.5572 600.000000 1.000000
1915.2999 600.000000 1.000000
 522.5448 600.000000 1.000000
877.77429 600.000000 1.000000
1225.2171 600.000000 1.000000
1004.3324 600.000000 1.000000
1373.8770 600.000000 1.000000
1113.3457 600.000000 1.000000
1001.5616 600.000000 1.000000
540.62139 600.000000 1.000000
783.07348 600.000000 1.000000
683.48968 600.000000 1.000000
1554.1032 600.000000 1.000000
596.24902 600.000000 1.000000
936.55487 600.000000 1.000000
737.09570 600.000000 1.000000
2183.7895 600.000000 1.000000
570.39556 600.000000 1.000000
621.60339 600.000000 1.000000
577.70465 600.000000 1.000000
619.29455 600.000000 1.000000
982.64636 600.000000 1.000000
1626.7534 600.000000 1.000000
671.62176 600.000000 1.000000
887.32824 600.000000 1.000000
722.69812 600.000000 1.000000
753.25433 600.000000 1.000000
900.96759 600.000000 1.000000
540.91552 600.000000 1.000000
1341.7141 600.000000 1.000000
1821.2004 600.000000 1.000000
571.01074 600.000000 1.000000
954.82580 600.000000 1.000000
541.84307 600.000000 1.000000
610.73345 600.000000 1.000000
970.44616 600.000000 1.000000
709.17120 600.000000 1.000000
417.56509 600.000000 1.000000
1263.5428 600.000000 1.000000
1084.8734 600.000000 1.000000
671.63824 600.000000 1.000000
 732.5401 600.000000 1.000000
848.42785 600.000000 1.000000
525.61273 600.000000 1.000000
 621.4151 600.000000 1.000000
620.43884 600.000000 1.000000
823.85485 600.000000 1.000000
808.97381 600.000000 1.000000
626.01568 600.000000 1.000000
475.66378 600.000000 1.000000
595.46630 600.000000 1.000000
591.43347 600.000000 1.000000
645.75909 600.000000 1.000000
573.80462 600.000000 1.000000
655.62054 600.000000 1.000000
1033.2670 600.000000 1.000000
764.75293 600.000000 1.000000
1085.0527 600.000000 1.000000
515.59393 600.000000 1.000000
1160.9179 600.000000 1.000000
576.65631 600.000000 1.000000
577.08825 600.000000 1.000000
540.04718 600.000000 1.000000
625.17041 600.000000 1.000000
627.01086 600.000000 1.000000
832.71331 600.000000 1.000000
762.01062 600.000000 1.000000
577.23645 600.000000 1.000000
661.65600 600.000000 1.000000
972.62872 600.000000 1.000000
921.12811 600.000000 1.000000
1496.7462 600.000000 1.000000
635.72522 600.000000 1.000000
703.89050 600.000000 1.000000
483.53350 600.000000 1.000000
786.99731 600.000000 1.000000
762.74566 600.000000 1.000000
931.29040 600.000000 1.000000
502.36264 600.000000 1.000000
1749.9317 600.000000 1.000000
652.29510 600.000000 1.000000
725.61596 600.000000 1.000000
589.25762 600.000000 1.000000
1467.0096 600.000000 1.000000
631.25720 600.000000 1.000000
974.94671 600.000000 1.000000
655.98541 600.000000 1.000000
557.97619 600.000000 1.000000
708.63665 600.000000 1.000000
595.25964 600.000000 1.000000
796.59655 600.000000 1.000000
586.17974 600.000000 1.000000
1263.7916 600.000000 1.000000
656.58856 600.000000 1.000000
1138.3496 600.000000 1.000000
585.17144 600.000000 1.000000
597.21832 600.000000 1.000000
746.81823 600.000000 1.000000
571.86737 600.000000 1.000000
2204.7172 600.000000 1.000000
1030.9797 600.000000 1.000000
706.26519 600.000000 1.000000
568.51263 600.000000 1.000000
957.74346 600.000000 1.000000
536.09692 600.000000 1.000000
673.74639 600.000000 1.000000
671.19158 600.000000 1.000000
1411.5087 600.000000 1.000000
1745.8665 600.000000 1.000000
636.99621 600.000000 1.000000
1148.4222 600.000000 1.000000
1482.1871 600.000000 1.000000
1105.8057 600.000000 1.000000
616.45214 600.000000 1.000000
995.48895 600.000000 1.000000
1464.0747 600.000000 1.000000
761.47277 600.000000 1.000000
561.13708 600.000000 1.000000
591.64691 600.000000 1.000000
567.43902 600.000000 1.000000
1731.5532 600.000000 1.000000
922.70703 600.000000 1.000000
577.67041 600.000000 1.000000
974.43231 600.000000 1.000000
535.70684 600.000000 1.000000
673.76324 600.000000 1.000000
1155.3064 600.000000 1.000000
637.90448 600.000000 1.000000
580.65301 600.000000 1.000000
1222.2374 600.000000 1.000000
634.79779 600.000000 1.000000
963.98254 600.000000 1.000000
978.47277 600.000000 1.000000
1220.4277 600.000000 1.000000
621.66424 600.000000 1.000000
706.13000 600.000000 1.000000
609.75250 600.000000 1.000000
553.41070 600.000000 1.000000
1698.0518 600.000000 1.000000
648.98236 600.000000 1.000000
493.15502 600.000000 1.000000
891.99243 600.000000 1.000000
345.77307 600.000000 1.000000
 582.2948 600.000000 1.000000
594.60076 600.000000 1.000000
753.34710 600.000000 1.000000
1261.9393 600.000000 1.000000
599.02496 600.000000 1.000000
633.32995 600.000000 1.000000
763.70141 600.000000 1.000000
555.02905 600.000000 1.000000
492.99139 600.000000 1.000000
666.36889 600.000000 1.000000
505.78653 600.000000 1.000000
873.15264 600.000000 1.000000
515.02227 600.000000 1.000000
649.26104 600.000000 1.000000
498.56979 600.000000 1.000000
584.12933 600.000000 1.000000
485.72357 600.000000 1.000000
591.19250 600.000000 1.000000
906.78588 600.000000 1.000000
790.13311 600.000000 1.000000
1153.3829 600.000000 1.000000
691.00958 600.000000 1.000000
615.99731 600.000000 1.000000
913.07031 600.000000 1.000000
914.13781 600.000000 1.000000
548.51934 600.000000 1.000000
466.97451 600.000000 1.000000
584.46832 600.000000 1.000000
1649.2680 600.000000 1.000000
668.07189 600.000000 1.000000
644.38269 600.000000 1.000000
824.75408 600.000000 1.000000
521.51470 600.000000 1.000000
798.51470 600.000000 1.000000
971.45617 600.000000 1.000000
1645.0275 600.000000 1.000000
578.36761 600.000000 1.000000
615.50976 600.000000 1.000000
562.03503 600.000000 1.000000
646.10376 600.000000 1.000000
604.16070 600.000000 1.000000
3691.7382 600.000000 1.000000
653.80590 600.000000 1.000000
592.35827 600.000000 1.000000
 518.5672 600.000000 1.000000
711.42846 600.000000 1.000000
1002.9634 600.000000 1.000000
568.66595 600.000000 1.000000
548.77655 600.000000 1.000000
581.69555 600.000000 1.000000
417.40313 600.000000 1.000000
538.86401 600.000000 1.000000
636.50854 600.000000 1.000000
589.67913 600.000000 1.000000
508.65933 600.000000 1.000000
549.85479 600.000000 1.000000
830.67553 600.000000 1.000000
636.47326 600.000000 1.000000
523.03820 600.000000 1.000000
917.41827 600.000000 1.000000
1163.6988 600.000000 1.000000
870.51947 600.000000 1.000000
474.32888 600.000000 1.000000
598.17987 600.000000 1.000000
1160.1189 600.000000 1.000000
568.46350 600.000000 1.000000
762.58099 600.000000 1.000000
1379.1272 600.000000 1.000000
551.83172 600.000000 1.000000
1184.7103 600.000000 1.000000
557.49108 600.000000 1.000000
974.10229 600.000000 1.000000
708.11181 600.000000 1.000000
2195.2795 600.000000 1.000000
727.06005 600.000000 1.000000
808.47033 600.000000 1.000000
563.76861 600.000000 1.000000
659.52343 600.000000 1.000000
611.12866 600.000000 1.000000
468.05242 600.000000 1.000000
562.53094 600.000000 1.000000
732.88696 600.000000 1.000000
607.94903 600.000000 1.000000
736.95898 600.000000 1.000000
596.05761 600.000000 1.000000
581.43969 600.000000 1.000000
653.75671 600.000000 1.000000
605.13922 600.000000 1.000000
551.86114 600.000000 1.000000
1244.5299 600.000000 1.000000
636.85223 600.000000 1.000000
652.23345 600.000000 1.000000
575.24456 600.000000 1.000000
564.61206 600.000000 1.000000
562.45703 600.000000 1.000000
533.47076 600.000000 1.000000
567.09588 600.000000 1.000000
491.54345 600.000000 1.000000
620.64898 600.000000 1.000000
820.34069 600.000000 1.000000
1147.6472 600.000000 1.000000
661.77441 600.000000 1.000000
2021.8337 600.000000 1.000000
642.72900 600.000000 1.000000
553.16699 600.000000 1.000000
715.74890 600.000000 1.000000
590.80670 600.000000 1.000000
523.75158 600.000000 1.000000
621.19506 600.000000 1.000000
701.32470 600.000000 1.000000
1400.1085 600.000000 1.000000
629.97778 600.000000 1.000000
907.22045 600.000000 1.000000
502.18981 600.000000 1.000000
811.13476 600.000000 1.000000
1694.6552 600.000000 1.000000
1222.8580 600.000000 1.000000
605.47717 600.000000 1.000000
554.13006 600.000000 1.000000
829.68023 600.000000 1.000000
524.08288 600.000000 1.000000
528.08947 600.000000 1.000000
732.01593 600.000000 1.000000
994.65759 600.000000 1.000000
817.18444 600.000000 1.000000
1357.5784 600.000000 1.000000
851.10943 600.000000 1.000000
1526.2856 600.000000 1.000000
936.90692 600.000000 1.000000
707.17425 600.000000 1.000000
674.08587 600.000000 1.000000
582.01275 600.000000 1.000000
583.28497 600.000000 1.000000
722.89544 600.000000 1.000000
582.90570 600.000000 1.000000
732.32727 600.000000 1.000000
905.31378 600.000000 1.000000
 993.6828 600.000000 1.000000
653.35833 600.000000 1.000000
636.16961 600.000000 1.000000
657.15618 600.000000 1.000000
913.57275 600.000000 1.000000
619.85778 600.000000 1.000000
794.59417 600.000000 1.000000
2117.2612 600.000000 1.000000
554.01208 600.000000 1.000000
602.44555 600.000000 1.000000
582.18798 600.000000 1.000000
504.98815 600.000000 1.000000
431.56713 600.000000 1.000000
515.90161 600.000000 1.000000
636.94140 600.000000 1.000000
619.16259 600.000000 1.000000
751.87860 600.000000 1.000000
861.04107 600.000000 1.000000
752.52533 600.000000 1.000000
858.00677 600.000000 1.000000
782.64538 600.000000 1.000000
549.67413 600.000000 1.000000
845.05236 600.000000 1.000000
570.24542 600.000000 1.000000
634.19824 600.000000 1.000000
1088.5727 600.000000 1.000000
756.64764 600.000000 1.000000
787.61547 600.000000 1.000000
1165.2186 600.000000 1.000000
640.19598 600.000000 1.000000
1340.8194 600.000000 1.000000
601.29052 600.000000 1.000000
427.94345 600.000000 1.000000
372.16424 600.000000 1.000000
787.78692 600.000000 1.000000
594.10815 600.000000 1.000000
901.42730 600.000000 1.000000
746.71618 600.000000 1.000000
666.58996 600.000000 1.000000
616.94409 600.000000 1.000000
498.94470 600.000000 1.000000
458.22793 600.000000 1.000000
517.73284 600.000000 1.000000
756.17956 600.000000 1.000000
638.17236 600.000000 1.000000
583.10614 600.000000 1.000000
1634.6962 600.000000 1.000000
553.52087 600.000000 1.000000
643.10327 600.000000 1.000000
641.61651 600.000000 1.000000
479.97088 600.000000 1.000000
538.98266 600.000000 1.000000
772.87982 600.000000 1.000000
944.64471 600.000000 1.000000
543.37963 600.000000 1.000000
1102.6038 600.000000 1.000000
1375.4155 600.000000 1.000000
 603.9953 600.000000 1.000000
840.08691 600.000000 1.000000
720.01080 600.000000 1.000000
1495.8054 600.000000 1.000000
626.74560 600.000000 1.000000
841.09759 600.000000 1.000000
616.29266 600.000000 1.000000
647.78222 600.000000 1.000000
570.78674 600.000000 1.000000
532.45617 600.000000 1.000000
977.21466 600.000000 1.000000
1048.9161 600.000000 1.000000
536.03973 600.000000 1.000000
1049.8939 600.000000 1.000000
541.96380 600.000000 1.000000
570.66137 600.000000 1.000000
587.29663 600.000000 1.000000
832.38348 600.000000 1.000000
1219.2919 600.000000 1.000000
529.26776 600.000000 1.000000
703.89263 600.000000 1.000000
627.66436 600.000000 1.000000
486.62234 600.000000 1.000000
1160.3752 600.000000 1.000000
776.82586 600.000000 1.000000
2846.0053 600.000000 1.000000
1361.9382 600.000000 1.000000
1089.8759 600.000000 1.000000
503.28778 600.000000 1.000000
1066.2728 600.000000 1.000000
585.29412 600.000000 1.000000
708.29974 600.000000 1.000000
802.47430 600.000000 1.000000
1531.3745 600.000000 1.000000
1520.1710 600.000000 1.000000
618.55059 600.000000 1.000000
1597.2209 600.000000 1.000000
916.11938 600.000000 1.000000
462.27267 600.000000 1.000000
1393.5379 600.000000 1.000000
862.99755 600.000000 1.000000
723.24511 600.000000 1.000000
617.70111 600.000000 1.000000
649.16931 600.000000 1.000000
585.07623 600.000000 1.000000
762.19854 600.000000 1.000000
585.90777 600.000000 1.000000
2608.0495 600.000000 1.000000
550.91351 600.000000 1.000000
410.48303 600.000000 1.000000
568.29644 600.000000 1.000000
605.43792 600.000000 1.000000
556.04217 600.000000 1.000000
1119.6217 600.000000 1.000000
628.67547 600.000000 1.000000
608.48443 600.000000 1.000000
786.98071 600.000000 1.000000
759.85656 600.000000 1.000000
527.19274 600.000000 1.000000
645.73004 600.000000 1.000000
678.24255 600.000000 1.000000
586.70575 600.000000 1.000000
497.32846 600.000000 1.000000
1340.5277 600.000000 1.000000
917.11468 600.000000 1.000000
594.14215 600.000000 1.000000
878.33233 600.000000 1.000000
 856.1745 600.000000 1.000000
740.53918 600.000000 1.000000
534.67785 600.000000 1.000000
580.97192 600.000000 1.000000
747.07220 600.000000 1.000000
856.08221 600.000000 1.000000
669.58496 600.000000 1.000000
571.62310 600.000000 1.000000
613.98815 600.000000 1.000000
787.56518 600.000000 1.000000
807.93695 600.000000 1.000000
680.48016 600.000000 1.000000
637.90338 600.000000 1.000000
892.63537 600.000000 1.000000
1793.3980 600.000000 1.000000
567.49334 600.000000 1.000000
602.94061 600.000000 1.000000
558.67828 600.000000 1.000000
1636.0411 600.000000 1.000000
493.23513 600.000000 1.000000
1933.8872 600.000000 1.000000
1316.6203 600.000000 1.000000
571.88250 600.000000 1.000000
552.82153 600.000000 1.000000
909.11712 600.000000 1.000000
1114.1032 600.000000 1.000000
644.03747 600.000000 1.000000
944.63501 600.000000 1.000000
617.07928 600.000000 1.000000
619.42804 600.000000 1.000000
530.63934 600.000000 1.000000
578.59954 600.000000 1.000000
510.34646 600.000000 1.000000
540.06201 600.000000 1.000000
866.79199 600.000000 1.000000
689.16198 600.000000 1.000000
658.66748 600.000000 1.000000
1005.0580 600.000000 1.000000
580.97204 600.000000 1.000000
686.34314 600.000000 1.000000
601.14801 600.000000 1.000000
591.05841 600.000000 1.000000
658.52313 600.000000 1.000000
673.68566 600.000000 1.000000
676.66284 600.000000 1.000000
676.58148 600.000000 1.000000
703.37323 600.000000 1.000000
568.13195 600.000000 1.000000
947.52221 600.000000 1.000000
1555.1125 600.000000 1.000000
2216.2912 600.000000 1.000000
497.03640 600.000000 1.000000
534.50164 600.000000 1.000000
614.47955 600.000000 1.000000
909.72576 600.000000 1.000000
709.39941 600.000000 1.000000
608.57037 600.000000 1.000000
836.96594 600.000000 1.000000
662.84869 600.000000 1.000000
645.61877 600.000000 1.000000
768.81616 600.000000 1.000000
560.57128 600.000000 1.000000
747.69378 600.000000 1.000000
549.86193 600.000000 1.000000
384.09732 600.000000 1.000000
639.29657 600.000000 1.000000
541.52758 600.000000 1.000000
619.71698 600.000000 1.000000
820.83136 600.000000 1.000000
618.64141 600.000000 1.000000
620.58587 600.000000 1.000000
588.99694 600.000000 1.000000
577.48742 600.000000 1.000000
589.68396 600.000000 1.000000
1494.4466 600.000000 1.000000
827.86773 600.000000 1.000000
518.76239 600.000000 1.000000
607.35595 600.000000 1.000000
473.51104 600.000000 1.000000
1938.0848 600.000000 1.000000
603.00653 600.000000 1.000000
633.88659 600.000000 1.000000
552.44995 600.000000 1.000000
1243.5793 600.000000 1.000000
577.88391 600.000000 1.000000
847.53851 600.000000 1.000000
776.20489 600.000000 1.000000
1047.8072 600.000000 1.000000
434.25402 600.000000 1.000000
868.87774 600.000000 1.000000
1397.2026 600.000000 1.000000
900.57714 600.000000 1.000000
593.44598 600.000000 1.000000
650.14495 600.000000 1.000000
612.73754 600.000000 1.000000
544.61206 600.000000 1.000000
1060.1579 600.000000 1.000000
548.13690 600.000000 1.000000
562.80944 600.000000 1.000000
721.80902 600.000000 1.000000
737.59582 600.000000 1.000000
577.19641 600.000000 1.000000
859.46417 600.000000 1.000000
1491.6883 600.000000 1.000000
1043.6253 600.000000 1.000000
711.18060 600.000000 1.000000
895.52081 600.000000 1.000000
608.37768 600.000000 1.000000
610.32702 600.000000 1.000000
553.41693 600.000000 1.000000
745.29492 600.000000 1.000000