1256.2141 1400.000000 1.000000
1179.1018 1400.000000 1.000000
1397.4404 1400.000000 1.000000
2173.7009 1400.000000 1.000000
1532.5744 1400.000000 1.000000
2246.2014 1400.000000 1.000000
1414.1825 1400.000000 1.000000
1362.1019 1400.000000 1.000000
1082.1385 1400.000000 1.000000
1526.2703 1400.000000 1.000000
1413.8946 1400.000000 1.000000
1549.4113 1400.000000 1.000000
1819.2150 1400.000000 1.000000
1380.3779 1400.000000 1.000000
1839.3149 1400.000000 1.000000
1807.2670 1400.000000 1.000000
1143.4958 1400.000000 1.000000
1580.6809 1400.000000 1.000000
2078.8100 1400.000000 1.000000
1366.9060 1400.000000 1.000000
1149.7605 1400.000000 1.000000
2008.2757 1400.000000 1.000000
1447.4970 1400.000000 1.000000
1027.7467 1400.000000 1.000000
1708.9266 1400.000000 1.000000
1266.9447 1400.000000 1.000000
1331.2733 1400.000000 1.000000
1509.5317 1400.000000 1.000000
1565.1350 1400.000000 1.000000
1483.5629 1400.000000 1.000000
1189.3919 1400.000000 1.000000
1425.0969 1400.000000 1.000000
1688.0319 1400.000000 1.000000
2384.9792 1400.000000 1.000000
1810.0408 1400.000000 1.000000
1534.3649 1400.000000 1.000000
1892.6956 1400.000000 1.000000
1390.1612 1400.000000 1.000000
1440.5334 1400.000000 1.000000
1570.4047 1400.000000 1.000000
1766.8262 1400.000000 1.000000
1409.6812 1400.000000 1.000000
1337.0731 1400.000000 1.000000
1933.2530 1400.000000 1.000000
1996.9732 1400.000000 1.000000
1419.1928 1400.000000 1.000000
1177.651 1400.000000 1.000000
1481.3862 1400.000000 1.000000
1844.3660 1400.000000 1.000000
1813.0172 1400.000000 1.000000
2415.1848 1400.000000 1.000000
1508.6064 1400.000000 1.000000
1435.3342 1400.000000 1.000000
1410.0880 1400.000000 1.000000
934.87921 1400.000000 1.000000
3759.5588 1400.000000 1.000000
2248.6518 1400.000000 1.000000
1392.9549 1400.000000 1.000000
1652.3868 1400.000000 1.000000
1724.6030 1400.000000 1.000000
1432.3060 1400.000000 1.000000
1414.8859 1400.000000 1.000000
1291.9848 1400.000000 1.000000
1791.3780 1400.000000 1.000000
2197.7265 1400.000000 1.000000
1348.3582 1400.000000 1.000000
1835.1252 1400.000000 1.000000
956.95831 1400.000000 1.000000
1351.3981 1400.000000 1.000000
3155.0991 1400.000000 1.000000
1959.5872 1400.000000 1.000000
1408.5192 1400.000000 1.000000
1822.4869 1400.000000 1.000000
2519.9860 1400.000000 1.000000
1184.8187 1400.000000 1.000000
1610.1118 1400.000000 1.000000
1915.3576 1400.000000 1.000000
1331.8922 1400.000000 1.000000
1208.9946 1400.000000 1.000000
1233.7041 1400.000000 1.000000
1939.3453 1400.000000 1.000000
1118.1009 1400.000000 1.000000
1055.3873 1400.000000 1.000000
1248.1449 1400.000000 1.000000
1623.9661 1400.000000 1.000000
1109.1401 1400.000000 1.000000
1828.0107 1400.000000 1.000000
1463.3553 1400.000000 1.000000
1055.4677 1400.000000 1.000000
2052.9482 1400.000000 1.000000
1349.1462 1400.000000 1.000000
2256.4443 1400.000000 1.000000
1386.1623 1400.000000 1.000000
3430.3056 1400.000000 1.000000
3759.2172 1400.000000 1.000000
2587.3984 1400.000000 1.000000
1148.5379 1400.000000 1.000000
1870.7314 1400.000000 1.000000
987.64617 1400.000000 1.000000
1499.4775 1400.000000 1.000000
1454.5636 1400.000000 1.000000
1553.4077 1400.000000 1.000000
1539.1694 1400.000000 1.000000
1669.6455 1400.000000 1.000000
1428.3850 1400.000000 1.000000
2176.9992 1400.000000 1.000000
1860.3419 1400.000000 1.000000
1519.0504 1400.000000 1.000000
1737.7524 1400.000000 1.000000
1047.8952 1400.000000 1.000000
1527.7580 1400.000000 1.000000
1888.1760 1400.000000 1.000000
1434.3951 1400.000000 1.000000
1272.3328 1400.000000 1.000000
1243.0708 1400.000000 1.000000
1174.552 1400.000000 1.000000
1572.0479 1400.000000 1.000000
1668.4715 1400.000000 1.000000
1179.5477 1400.000000 1.000000
2110.2758 1400.000000 1.000000
1294.7393 1400.000000 1.000000
1584.2805 1400.000000 1.000000
2363.4392 1400.000000 1.000000
1434.5460 1400.000000 1.000000
1461.5323 1400.000000 1.000000
1402.2559 1400.000000 1.000000
721.59082 1400.000000 1.000000
1814.8335 1400.000000 1.000000
1458.1639 1400.000000 1.000000
996.83282 1400.000000 1.000000
1664.4017 1400.000000 1.000000
1679.5214 1400.000000 1.000000
1182.2470 1400.000000 1.000000
1643.6428 1400.000000 1.000000
1347.1159 1400.000000 1.000000
1261.6339 1400.000000 1.000000
2348.8325 1400.000000 1.000000
1463.7004 1400.000000 1.000000
2439.2937 1400.000000 1.000000
1175.0197 1400.000000 1.000000
1588.3713 1400.000000 1.000000
1562.7717 1400.000000 1.000000
1092.6009 1400.000000 1.000000
1678.4484 1400.000000 1.000000
1435.0213 1400.000000 1.000000
1444.7247 1400.000000 1.000000
2173.8657 1400.000000 1.000000
1381.8778 1400.000000 1.000000
1634.0673 1400.000000 1.000000
1574.9680 1400.000000 1.000000
2013.5805 1400.000000 1.000000
1013.8148 1400.000000 1.000000
1707.5791 1400.000000 1.000000
1513.8348 1400.000000 1.000000
810.11798 1400.000000 1.000000
1575.9110 1400.000000 1.000000
1450.4660 1400.000000 1.000000
1292.3819 1400.000000 1.000000
1560.3969 1400.000000 1.000000
1599.9420 1400.000000 1.000000
1460.8140 1400.000000 1.000000
1532.0697 1400.000000 1.000000
1198.9791 1400.000000 1.000000
1242.6092 1400.000000 1.000000
1542.8746 1400.000000 1.000000
2110.9592 1400.000000 1.000000
1468.8259 1400.000000 1.000000
2009.6828 1400.000000 1.000000
933.01690 1400.000000 1.000000
1335.3483 1400.000000 1.000000
945.75250 1400.000000 1.000000
1540.5031 1400.000000 1.000000
1420.4520 1400.000000 1.000000
1377.1020 1400.000000 1.000000
1536.9254 1400.000000 1.000000
1617.5286 1400.000000 1.000000
1430.9764 1400.000000 1.000000
1231.9647 1400.000000 1.000000
1789.1314 1400.000000 1.000000
1405.2595 1400.000000 1.000000
1646.1341 1400.000000 1.000000
1897.8105 1400.000000 1.000000
983.09454 1400.000000 1.000000
1667.0380 1400.000000 1.000000
1459.2984 1400.000000 1.000000
1277.2253 1400.000000 1.000000
1789.7233 1400.000000 1.000000
1914.9797 1400.000000 1.000000
4463.1469 1400.000000 1.000000
1462.4229 1400.000000 1.000000
1515.5449 1400.000000 1.000000
1248.6601 1400.000000 1.000000
1288.9639 1400.000000 1.000000
1213.5490 1400.000000 1.000000
2054.2941 1400.000000 1.000000
1339.4257 1400.000000 1.000000
1412.3581 1400.000000 1.000000
2885.2211 1400.000000 1.000000
1223.7780 1400.000000 1.000000
1465.5821 1400.000000 1.000000
1367.8286 1400.000000 1.000000
1255.1397 1400.000000 1.000000
869.34173 1400.000000 1.000000
1588.2790 1400.000000 1.000000
1767.0831 1400.000000 1.000000
1672.0961 1400.000000 1.000000
1468.4118 1400.000000 1.000000
3230.3439 1400.000000 1.000000
1616.5975 1400.000000 1.000000
1218.8466 1400.000000 1.000000
2337.3298 1400.000000 1.000000
2180.7624 1400.000000 1.000000
1634.0777 1400.000000 1.000000
1231.1387 1400.000000 1.000000
1837.8809 1400.000000 1.000000
1281.2746 1400.000000 1.000000
1280.7419 1400.000000 1.000000
1801.0018 1400.000000 1.000000
1512.7036 1400.000000 1.000000
1333.6597 1400.000000 1.000000
1790.7493 1400.000000 1.000000
1121.6081 1400.000000 1.000000
2406.4628 1400.000000 1.000000
1391.37 1400.000000 1.000000
1908.7039 1400.000000 1.000000
1008.7746 1400.000000 1.000000
1607.3681 1400.000000 1.000000
1348.3000 1400.000000 1.000000
2062.2880 1400.000000 1.000000
2388.1926 1400.000000 1.000000
1267.4054 1400.000000 1.000000
1001.5101 1400.000000 1.000000
1317.6232 1400.000000 1.000000
1414.7181 1400.000000 1.000000
1500.9355 1400.000000 1.000000
1441.9122 1400.000000 1.000000
1881.6417 1400.000000 1.000000
1284.1303 1400.000000 1.000000
1438.1557 1400.000000 1.000000
2010.4799 1400.000000 1.000000
958.10595 1400.000000 1.000000
1223.6285 1400.000000 1.000000
1534.0018 1400.000000 1.000000
1856.4652 1400.000000 1.000000
1631.1911 1400.000000 1.000000
1325.7928 1400.000000 1.000000
1398.7412 1400.000000 1.000000
1188.3938 1400.000000 1.000000
1187.6812 1400.000000 1.000000
1380.6740 1400.000000 1.000000
1506.8352 1400.000000 1.000000
1673.6640 1400.000000 1.000000
1054.1529 1400.000000 1.000000
1542.5360 1400.000000 1.000000
1437.5752 1400.000000 1.000000
1545.5437 1400.000000 1.000000
1334.9415 1400.000000 1.000000
1384.1932 1400.000000 1.000000
1533.8353 1400.000000 1.000000
1012.2921 1400.000000 1.000000
1751.3178 1400.000000 1.000000
1233.3527 1400.000000 1.000000
3498.0727 1400.000000 1.000000
908.97619 1400.000000 1.000000
1203.5023 1400.000000 1.000000
1399.4921 1400.000000 1.000000
2290.4907 1400.000000 1.000000
1230.1175 1400.000000 1.000000
3188.8007 1400.000000 1.000000
1560.6358 1400.000000 1.000000
1506.2664 1400.000000 1.000000
1335.5417 1400.000000 1.000000
2517.4387 1400.000000 1.000000
1694.9521 1400.000000 1.000000
1577.7747 1400.000000 1.000000
2050.5107 1400.000000 1.000000
2638.0651 1400.000000 1.000000
3006.7019 1400.000000 1.000000
1542.7897 1400.000000 1.000000
1462.1016 1400.000000 1.000000
1332.9780 1400.000000 1.000000
1386.3938 1400.000000 1.000000
1465.9467 1400.000000 1.000000
1856.7451 1400.000000 1.000000
1616.1384 1400.000000 1.000000
1544.4224 1400.000000 1.000000
1492.2945 1400.000000 1.000000
1317.0225 1400.000000 1.000000
2120.1342 1400.000000 1.000000
1302.1809 1400.000000 1.000000
1209.3035 1400.000000 1.000000
1356.7202 1400.000000 1.000000
1498.0852 1400.000000 1.000000
1495.1496 1400.000000 1.000000
2200.7006 1400.000000 1.000000
1393.1629 1400.000000 1.000000
1615.1390 1400.000000 1.000000
1419.9914 1400.000000 1.000000
1617.8487 1400.000000 1.000000
1380.4046 1400.000000 1.000000
1225.8956 1400.000000 1.000000
761.49993 1400.000000 1.000000
1529.6042 1400.000000 1.000000
1150.2536 1400.000000 1.000000
2227.4267 1400.000000 1.000000
4319.3315 1400.000000 1.000000
1384.6315 1400.000000 1.000000
1025.0781 1400.000000 1.000000
1677.5441 1400.000000 1.000000
1224.0837 1400.000000 1.000000
1636.5092 1400.000000 1.000000
1354.4565 1400.000000 1.000000
1359.7974 1400.000000 1.000000
1286.4655 1400.000000 1.000000
1452.5476 1400.000000 1.000000
1325.6894 1400.000000 1.000000
1826.5919 1400.000000 1.000000
1968.2745 1400.000000 1.000000
1474.0622 1400.000000 1.000000
742.93536 1400.000000 1.000000
2345.3742 1400.000000 1.000000
1225.6472 1400.000000 1.000000
2347.7302 1400.000000 1.000000
1307.5814 1400.000000 1.000000
1174.7919 1400.000000 1.000000
1969.6853 1400.000000 1.000000
1662.2965 1400.000000 1.000000
1315.8747 1400.000000 1.000000
1437.3931 1400.000000 1.000000
1309.6854 1400.000000 1.000000
960.58673 1400.000000 1.000000
1899.4397 1400.000000 1.000000
1176.4224 1400.000000 1.000000
2077.2270 1400.000000 1.000000
1375.9321 1400.000000 1.000000
867.17120 1400.000000 1.000000
1333.5502 1400.000000 1.000000
1710.6928 1400.000000 1.000000
1060.6439 1400.000000 1.000000
1722.1741 1400.000000 1.000000
1530.8681 1400.000000 1.000000
2053.6171 1400.000000 1.000000
2476.4367 1400.000000 1.000000
2276.8808 1400.000000 1.000000
1288.9901 1400.000000 1.000000
1480.9209 1400.000000 1.000000
2071.4555 1400.000000 1.000000
1416.7547 1400.000000 1.000000
1925.5255 1400.000000 1.000000
1388.9528 1400.000000 1.000000
1872.0092 1400.000000 1.000000
1503.1528 1400.000000 1.000000
1595.2082 1400.000000 1.000000
1295.4558 1400.000000 1.000000
1340.5301 1400.000000 1.000000
1210.6666 1400.000000 1.000000
1978.1828 1400.000000 1.000000
1218.3895 1400.000000 1.000000
1433.0430 1400.000000 1.000000
1778.2342 1400.000000 1.000000
1896.7901 1400.000000 1.000000
1606.3387 1400.000000 1.000000
2393.0058 1400.000000 1.000000
1524.6691 1400.000000 1.000000
2269.7814 1400.000000 1.000000
1356.1999 1400.000000 1.000000
1080.2414 1400.000000 1.000000
1765.0408 1400.000000 1.000000
1499.7080 1400.000000 1.000000
1589.5286 1400.000000 1.000000
1004.8596 1400.000000 1.000000
1551.4903 1400.000000 1.000000
1663.3399 1400.000000 1.000000
1606.9578 1400.000000 1.000000
1221.1280 1400.000000 1.000000
1391.4868 1400.000000 1.000000
1805.9099 1400.000000 1.000000
1177.3924 1400.000000 1.000000
2612.7031 1400.000000 1.000000
1282.2122 1400.000000 1.000000
1843.0614 1400.000000 1.000000
2939.3195 1400.000000 1.000000
1550.6599 1400.000000 1.000000
988.27215 1400.000000 1.000000
2803.3071 1400.000000 1.000000
1126.7072 1400.000000 1.000000
2124.8713 1400.000000 1.000000
1234.4907 1400.000000 1.000000
1479.7227 1400.000000 1.000000
2029.6168 1400.000000 1.000000
1186.3065 1400.000000 1.000000
1448.8846 1400.000000 1.000000
1529.6435 1400.000000 1.000000
2945.1240 1400.000000 1.000000
2146.2155 1400.000000 1.000000
1902.0360 1400.000000 1.000000
1333.0111 1400.000000 1.000000
1102.8147 1400.000000 1.000000
1527.9720 1400.000000 1.000000
1415.0109 1400.000000 1.000000
1270.5723 1400.000000 1.000000
1305.3188 1400.000000 1.000000
1517.5119 1400.000000 1.000000
2040.1369 1400.000000 1.000000
1177.0112 1400.000000 1.000000
1229.4676 1400.000000 1.000000
1757.7014 1400.000000 1.000000
1509.9223 1400.000000 1.000000
1321.8696 1400.000000 1.000000
1846.104 1400.000000 1.000000
1107.4102 1400.000000 1.000000
3522.8151 1400.000000 1.000000
1019.2751 1400.000000 1.000000
1398.0515 1400.000000 1.000000
1277.6221 1400.000000 1.000000
2212.6189 1400.000000 1.000000
1822.2672 1400.000000 1.000000
1768.4188 1400.000000 1.000000
1154.9350 1400.000000 1.000000
1199.9021 1400.000000 1.000000
1399.6003 1400.000000 1.000000
1421.8253 1400.000000 1.000000
1625.8776 1400.000000 1.000000
2448.8300 1400.000000 1.000000
1614.6164 1400.000000 1.000000
2268.1272 1400.000000 1.000000
2347.8996 1400.000000 1.000000
1249.9179 1400.000000 1.000000
1440.7856 1400.000000 1.000000
1278.2314 1400.000000 1.000000
1952.3946 1400.000000 1.000000
884.39898 1400.000000 1.000000
1927.5496 1400.000000 1.000000
1592.8177 1400.000000 1.000000
1658.3862 1400.000000 1.000000
1711.6505 1400.000000 1.000000
1384.0479 1400.000000 1.000000
2572.9025 1400.000000 1.000000
996.59216 1400.000000 1.000000
1659.3977 1400.000000 1.000000
1813.6961 1400.000000 1.000000
1425.4641 1400.000000 1.000000
1250.3970 1400.000000 1.000000
1363.2584 1400.000000 1.000000
1160.5177 1400.000000 1.000000
1904.1757 1400.000000 1.000000
1862.6274 1400.000000 1.000000
1266.0844 1400.000000 1.000000
1201.8132 1400.000000 1.000000
1412.4649 1400.000000 1.000000
3678.1047 1400.000000 1.000000
1016.6134 1400.000000 1.000000
1870.1315 1400.000000 1.000000
1389.6429 1400.000000 1.000000
1273.8916 1400.000000 1.000000
1405.3038 1400.000000 1.000000
2175.3881 1400.000000 1.000000
1174.9895 1400.000000 1.000000
1906.3341 1400.000000 1.000000
1504.1372 1400.000000 1.000000
1560.4414 1400.000000 1.000000
1487.5487 1400.000000 1.000000
829.41296 1400.000000 1.000000
1036.9876 1400.000000 1.000000
1471.9613 1400.000000 1.000000
1236.8255 1400.000000 1.000000
1547.5465 1400.000000 1.000000
2530.7575 1400.000000 1.000000
1465.3405 1400.000000 1.000000
3153.6518 1400.000000 1.000000
1778.4953 1400.000000 1.000000
1105.3015 1400.000000 1.000000
1838.9818 1400.000000 1.000000
1326.1178 1400.000000 1.000000
1215.8855 1400.000000 1.000000
2384.2893 1400.000000 1.000000
1245.8139 1400.000000 1.000000
2160.8886 1400.000000 1.000000
1825.7640 1400.000000 1.000000
1601.8271 1400.000000 1.000000
3064.5405 1400.000000 1.000000
1380.2196 1400.000000 1.000000
1197.7769 1400.000000 1.000000
2032.6746 1400.000000 1.000000
1353.5488 1400.000000 1.000000
1471.8723 1400.000000 1.000000
2206.6713 1400.000000 1.000000
2295.4953 1400.000000 1.000000
1642.4049 1400.000000 1.000000
1261.7921 1400.000000 1.000000
1315.1262 1400.000000 1.000000
1423.7637 1400.000000 1.000000
1234.2714 1400.000000 1.000000
2379.6152 1400.000000 1.000000
1390.0965 1400.000000 1.000000
1016.1245 1400.000000 1.000000
1095.0194 1400.000000 1.000000
1169.5573 1400.000000 1.000000
1405.0443 1400.000000 1.000000
1434.2060 1400.000000 1.000000
1360.7501 1400.000000 1.000000
1840.9724 1400.000000 1.000000
3158.8056 1400.000000 1.000000
1986.5417 1400.000000 1.000000
1389.5827 1400.000000 1.000000
1736.5755 1400.000000 1.000000
1410.0384 1400.000000 1.000000
1396.1738 1400.000000 1.000000
2066.9211 1400.000000 1.000000
1705.6279 1400.000000 1.000000
1370.2811 1400.000000 1.000000
2348.4445 1400.000000 1.000000
979.25915 1400.000000 1.000000
4175.2392 1400.000000 1.000000
1484.0090 1400.000000 1.000000
1187.2641 1400.000000 1.000000
2423.1931 1400.000000 1.000000
1495.2739 1400.000000 1.000000
1926.2946 1400.000000 1.000000
1003.8018 1400.000000 1.000000
1485.4251 1400.000000 1.000000
1709.7655 1400.000000 1.000000
1435.6417 1400.000000 1.000000
1282.4544 1400.000000 1.000000
1359.4215 1400.000000 1.000000
1755.8731 1400.000000 1.000000
1268.2115 1400.000000 1.000000
2500.9172 1400.000000 1.000000
2229.8222 1400.000000 1.000000
2345.9714 1400.000000 1.000000
784.72784 1400.000000 1.000000
2187.2624 1400.000000 1.000000
1158.1513 1400.000000 1.000000
1314.4071 1400.000000 1.000000
1972.7009 1400.000000 1.000000
1166.9792 1400.000000 1.000000
1471.6789 1400.000000 1.000000
1627.8153 1400.000000 1.000000
1337.8863 1400.000000 1.000000
1546.6840 1400.000000 1.000000
1273.4975 1400.000000 1.000000
2473.3461 1400.000000 1.000000
3156.5332 1400.000000 1.000000
1519.6302 1400.000000 1.000000
1980.5462 1400.000000 1.000000
1254.4410 1400.000000 1.000000
1569.4338 1400.000000 1.000000
934.14727 1400.000000 1.000000
1150.2916 1400.000000 1.000000
864.86731 1400.000000 1.000000
1275.2128 1400.000000 1.000000
1247.3026 1400.000000 1.000000
1411.1480 1400.000000 1.000000
2180.4917 1400.000000 1.000000
2586.2204 1400.000000 1.000000
1023.9707 1400.000000 1.000000
3682.6897 1400.000000 1.000000
3773.3173 1400.000000 1.000000
1370.9349 1400.000000 1.000000
3290.3117 1400.000000 1.000000
975.49676 1400.000000 1.000000
4278.8813 1400.000000 1.000000
1890.5316 1400.000000 1.000000
1151.7956 1400.000000 1.000000
1451.7578 1400.000000 1.000000
1476.2619 1400.000000 1.000000
1870.4763 1400.000000 1.000000
1825.8501 1400.000000 1.000000
1450.7712 1400.000000 1.000000
1229.6240 1400.000000 1.000000
2163.9526 1400.000000 1.000000
1137.4990 1400.000000 1.000000
1407.2132 1400.000000 1.000000
1103.1385 1400.000000 1.000000
1525.4282 1400.000000 1.000000
1306.6075 1400.000000 1.000000
1456.8378 1400.000000 1.000000
1287.2741 1400.000000 1.000000
1607.6788 1400.000000 1.000000
1809.0529 1400.000000 1.000000
1695.5600 1400.000000 1.000000
1255.8103 1400.000000 1.000000
2196.9104 1400.000000 1.000000
1400.7933 1400.000000 1.000000
1188.2185 1400.000000 1.000000
2435.2243 1400.000000 1.000000
1462.7137 1400.000000 1.000000
1846.3632 1400.000000 1.000000
1106.2155 1400.000000 1.000000
1147.2117 1400.000000 1.000000
1492.1422 1400.000000 1.000000
1470.9774 1400.000000 1.000000
1220.0334 1400.000000 1.000000
1336.7592 1400.000000 1.000000
2624.7209 1400.000000 1.000000
1191.5660 1400.000000 1.000000
1691.9934 1400.000000 1.000000
2687.3132 1400.000000 1.000000
1302.0853 1400.000000 1.000000
1913.5124 1400.000000 1.000000
1834.6202 1400.000000 1.000000
1463.7962 1400.000000 1.000000
1412.8670 1400.000000 1.000000
1208.9035 1400.000000 1.000000
2175.3725 1400.000000 1.000000
1788.9592 1400.000000 1.000000
1395.1125 1400.000000 1.000000
1582.2578 1400.000000 1.000000
3796.3576 1400.000000 1.000000
2055.3291 1400.000000 1.000000
2439.8840 1400.000000 1.000000
1344.0106 1400.000000 1.000000
2584.5752 1400.000000 1.000000
2007.2667 1400.000000 1.000000
1509.7761 1400.000000 1.000000
1801.1521 1400.000000 1.000000
1882.1495 1400.000000 1.000000
1056.3928 1400.000000 1.000000
1488.3453 1400.000000 1.000000
1086.7395 1400.000000 1.000000
1861.2342 1400.000000 1.000000
1774.7895 1400.000000 1.000000
1428.0786 1400.000000 1.000000
1398.4821 1400.000000 1.000000
4049.3173 1400.000000 1.000000
1538.8409 1400.000000 1.000000
1868.651 1400.000000 1.000000
1384.2058 1400.000000 1.000000
1414.8585 1400.000000 1.000000
1562.3470 1400.000000 1.000000
1292.8182 1400.000000 1.000000
1903.5850 1400.000000 1.000000
1575.4178 1400.000000 1.000000
1824.8798 1400.000000 1.000000
1476.1585 1400.000000 1.000000
2010.2182 1400.000000 1.000000
1134.2474 1400.000000 1.000000
1410.0805 1400.000000 1.000000
1279.9829 1400.000000 1.000000
1274.4368 1400.000000 1.000000
1206.7622 1400.000000 1.000000
1632.6246 1400.000000 1.000000
1843.7097 1400.000000 1.000000
 2105.323 1400.000000 1.000000
1357.9975 1400.000000 1.000000
2163.3476 1400.000000 1.000000
1284.1044 1400.000000 1.000000
1773.4660 1400.000000 1.000000
1954.5502 1400.000000 1.000000
1625.3723 1400.000000 1.000000
1203.0878 1400.000000 1.000000
1345.7010 1400.000000 1.000000
1218.8936 1400.000000 1.000000
800.61804 1400.000000 1.000000
1931.9510 1400.000000 1.000000
1363.3601 1400.000000 1.000000
1187.7419 1400.000000 1.000000
1598.7164 1400.000000 1.000000
1371.1876 1400.000000 1.000000
2138.3005 1400.000000 1.000000
1179.8237 1400.000000 1.000000
1891.5853 1400.000000 1.000000
1332.0322 1400.000000 1.000000
1391.7967 1400.000000 1.000000
1810.2448 1400.000000 1.000000
1974.6450 1400.000000 1.000000
989.95843 1400.000000 1.000000
1101.2298 1400.000000 1.000000
1236.8627 1400.000000 1.000000
1399.6579 1400.000000 1.000000
1456.0057 1400.000000 1.000000
1582.4928 1400.000000 1.000000
1808.2766 1400.000000 1.000000
1877.7251 1400.000000 1.000000
1801.3685 1400.000000 1.000000
1258.8085 1400.000000 1.000000
2173.1506 1400.000000 1.000000
1405.0450 1400.000000 1.000000
1249.5157 1400.000000 1.000000
1457.7421 1400.000000 1.000000
1311.2302 1400.000000 1.000000
1404.1234 1400.000000 1.000000
1717.1765 1400.000000 1.000000
1339.6820 1400.000000 1.000000
2565.3972 1400.000000 1.000000
1239.9134 1400.000000 1.000000
1135.6148 1400.000000 1.000000
1209.1198 1400.000000 1.000000
1557.4150 1400.000000 1.000000
1553.7231 1400.000000 1.000000
1575.8604 1400.000000 1.000000
1842.4401 1400.000000 1.000000
1479.9305 1400.000000 1.000000
2025.8553 1400.000000 1.000000
2162.7121 1400.000000 1.000000
1053.0011 1400.000000 1.000000
1703.2941 1400.000000 1.000000
1453.9406 1400.000000 1.000000
1282.2448 1400.000000 1.000000
1609.9653 1400.000000 1.000000
2513.0395 1400.000000 1.000000
1751.2818 1400.000000 1.000000
1939.5194 1400.000000 1.000000
2303.4199 1400.000000 1.000000
1712.5694 1400.000000 1.000000
1809.0969 1400.000000 1.000000
1349.8029 1400.000000 1.000000
1344.6909 1400.000000 1.000000
1088.7403 1400.000000 1.000000
1173.1425 1400.000000 1.000000
1322.4444 1400.000000 1.000000
3331.0957 1400.000000 1.000000
1669.0756 1400.000000 1.000000
1405.6783 1400.000000 1.000000
3221.5698 1400.000000 1.000000
1665.7962 1400.000000 1.000000
1544.4307 1400.000000 1.000000
1458.1635 1400.000000 1.000000
1558.2620 1400.000000 1.000000
1585.6032 1400.000000 1.000000
1346.4389 1400.000000 1.000000
1626.1651 1400.000000 1.000000
1687.3577 1400.000000 1.000000
1012.5319 1400.000000 1.000000
1198.9104 1400.000000 1.000000
1838.7091 1400.000000 1.000000
1792.1096 1400.000000 1.000000
1501.6416 1400.000000 1.000000
2802.8413 1400.000000 1.000000
1243.0411 1400.000000 1.000000
911.53570 1400.000000 1.000000
1340.0061 1400.000000 1.000000
1374.0428 1400.000000 1.000000
1436.6790 1400.000000 1.000000
2219.4755 1400.000000 1.000000
1031.4095 1400.000000 1.000000
2115.5031 1400.000000 1.000000
1618.8131 1400.000000 1.000000
1139.8193 1400.000000 1.000000
1577.7337 1400.000000 1.000000
1425.8148 1400.000000 1.000000
1859.7262 1400.000000 1.000000
1763.1602 1400.000000 1.000000
1381.8161 1400.000000 1.000000
1763.2213 1400.000000 1.000000
884.14355 1400.000000 1.000000
1038.9147 1400.000000 1.000000
3105.1020 1400.000000 1.000000
1671.2849 1400.000000 1.000000
2422.9135 1400.000000 1.000000
1443.0028 1400.000000 1.000000
1433.8471 1400.000000 1.000000
1371.7471 1400.000000 1.000000
1122.1179 1400.000000 1.000000
1343.1544 1400.000000 1.000000
1263.0922 1400.000000 1.000000
1449.0222 1400.000000 1.000000
1275.4078 1400.000000 1.000000
1316.7086 1400.000000 1.000000
2392.8613 1400.000000 1.000000
1306.4632 1400.000000 1.000000
1751.9719 1400.000000 1.000000
1212.1031 1400.000000 1.000000
1774.4267 1400.000000 1.000000
1619.1121 1400.000000 1.000000
2696.0097 1400.000000 1.000000
1624.3429 1400.000000 1.000000
1061.9757 1400.000000 1.000000
1460.2464 1400.000000 1.000000
1878.5961 1400.000000 1.000000
1400.3005 1400.000000 1.000000
1417.3306 1400.000000 1.000000
1034.5799 1400.000000 1.000000
853.44689 1400.000000 1.000000
2591.9655 1400.000000 1.000000
1264.3179 1400.000000 1.000000
1518.7845 1400.000000 1.000000
1305.4570 1400.000000 1.000000
1594.4899 1400.000000 1.000000
1413.8253 1400.000000 1.000000
2008.7889 1400.000000 1.000000
1158.5618 1400.000000 1.000000
1381.3811 1400.000000 1.000000
1400.2843 1400.000000 1.000000
1454.4676 1400.000000 1.000000
1895.4751 1400.000000 1.000000
2617.6853 1400.000000 1.000000
2607.8159 1400.000000 1.000000
788.65924 1400.000000 1.000000
1294.4017 1400.000000 1.000000
2555.7670 1400.000000 1.000000
1667.2531 1400.000000 1.000000
1155.3584 1400.000000 1.000000
2916.5334 1400.000000 1.000000
2868.0170 1400.000000 1.000000
1330.7823 1400.000000 1.000000
1419.0454 1400.000000 1.000000
2094.1389 1400.000000 1.000000
3124.2177 1400.000000 1.000000
1468.9095 1400.000000 1.000000
1245.8254 1400.000000 1.000000
1856.0856 1400.000000 1.000000
2053.1757 1400.000000 1.000000
1209.1269 1400.000000 1.000000
1794.1173 1400.000000 1.000000
1290.7454 1400.000000 1.000000
1895.1284 1400.000000 1.000000
1617.1655 1400.000000 1.000000
1386.4113 1400.000000 1.000000
1662.0163 1400.000000 1.000000
1455.7385 1400.000000 1.000000
3586.4418 1400.000000 1.000000
1302.0123 1400.000000 1.000000
1124.2816 1400.000000 1.000000
1149.5681 1400.000000 1.000000
1571.8054 1400.000000 1.000000
1605.1602 1400.000000 1.000000
1385.3221 1400.000000 1.000000
1247.5097 1400.000000 1.000000
1465.9708 1400.000000 1.000000
1992.5036 1400.000000 1.000000
1340.1543 1400.000000 1.000000
1486.6525 1400.000000 1.000000
1403.3964 1400.000000 1.000000
985.15698 1400.000000 1.000000
1740.3005 1400.000000 1.000000
2266.0419 1400.000000 1.000000
3585.8100 1400.000000 1.000000
1855.2395 1400.000000 1.000000
1551.4075 1400.000000 1.000000
1287.6378 1400.000000 1.000000
1709.4445 1400.000000 1.000000
1273.5033 1400.000000 1.000000
2100.8298 1400.000000 1.000000
891.80548 1400.000000 1.000000
1313.9920 1400.000000 1.000000
2585.3176 1400.000000 1.000000
1683.6190 1400.000000 1.000000
1101.9864 1400.000000 1.000000
1632.4862 1400.000000 1.000000
1311.2734 1400.000000 1.000000
1411.5874 1400.000000 1.000000
1084.3708 1400.000000 1.000000
1727.5156 1400.000000 1.000000
1611.9749 1400.000000 1.000000
1905.1243 1400.000000 1.000000
1197.1524 1400.000000 1.000000
2119.1701 1400.000000 1.000000
1427.1173 1400.000000 1.000000
983.57202 1400.000000 1.000000
1932.4278 1400.000000 1.000000
1526.2069 1400.000000 1.000000
1483.8375 1400.000000 1.000000
1808.0919 1400.000000 1.000000
1635.7793 1400.000000 1.000000
1465.9227 1400.000000 1.000000
3484.5605 1400.000000 1.000000
1254.3284 1400.000000 1.000000
1562.0714 1400.000000 1.000000
1356.1821 1400.000000 1.000000
1582.0322 1400.000000 1.000000
1283.2258 1400.000000 1.000000
1923.9550 1400.000000 1.000000
2285.5747 1400.000000 1.000000
1667.203 1400.000000 1.000000
1425.1986 1400.000000 1.000000
1238.2583 1400.000000 1.000000
1129.9598 1400.000000 1.000000
1628.0401 1400.000000 1.000000
1723.9442 1400.000000 1.000000
1416.1522 1400.000000 1.000000
2011.6267 1400.000000 1.000000
1426.9686 1400.000000 1.000000
1720.6624 1400.000000 1.000000
953.42474 1400.000000 1.000000
2064.5439 1400.000000 1.000000
1829.9534 1400.000000 1.000000
1498.6472 1400.000000 1.000000
1279.7597 1400.000000 1.000000
1353.9263 1400.000000 1.000000
1632.9993 1400.000000 1.000000
1635.9700 1400.000000 1.000000
1025.5118 1400.000000 1.000000
1609.5634 1400.000000 1.000000
1207.8859 1400.000000 1.000000
1460.2620 1400.000000 1.000000
1338.8659 1400.000000 1.000000
1698.6335 1400.000000 1.000000
1590.2641 1400.000000 1.000000
1201.7600 1400.000000 1.000000
1470.9697 1400.000000 1.000000
1506.5505 1400.000000 1.000000
2275.1237 1400.000000 1.000000
1466.1462 1400.000000 1.000000
2804.8147 1400.000000 1.000000
1590.4985 1400.000000 1.000000
1948.6242 1400.000000 1.000000
2321.3374 1400.000000 1.000000
1755.1464 1400.000000 1.000000
1566.3151 1400.000000 1.000000
1174.9869 1400.000000 1.000000
2137.5075 1400.000000 1.000000
1478.5679 1400.000000 1.000000
1257.8532 1400.000000 1.000000
1322.9234 1400.000000 1.000000
1583.4707 1400.000000 1.000000
1069.6243 1400.000000 1.000000
1207.3321 1400.000000 1.000000
1575.2193 1400.000000 1.000000
1343.3496 1400.000000 1.000000
1376.2086 1400.000000 1.000000
1464.6792 1400.000000 1.000000
1375.3928 1400.000000 1.000000
1339.7955 1400.000000 1.000000
1177.2752 1400.000000 1.000000
1683.0728 1400.000000 1.000000
1317.6368 1400.000000 1.000000
1347.0932 1400.000000 1.000000
1303.9403 1400.000000 1.000000
1355.005 1400.000000 1.000000
1480.8110 1400.000000 1.000000
1272.5567 1400.000000 1.000000
1549.9223 1400.000000 1.000000
1664.4620 1400.000000 1.000000
1513.5078 1400.000000 1.000000
1221.2396 1400.000000 1.000000
2593.3168 1400.000000 1.000000
1386.4642 1400.000000 1.000000
1194.2576 1400.000000 1.000000
1263.2605 1400.000000 1.000000
1963.0036 1400.000000 1.000000
1230.9752 1400.000000 1.000000
2130.5798 1400.000000 1.000000
1210.8641 1400.000000 1.000000
1384.4180 1400.000000 1.000000
1253.3327 1400.000000 1.000000
1716.7296 1400.000000 1.000000
1378.1178 1400.000000 1.000000
1433.7966 1400.000000 1.000000
1546.5155 1400.000000 1.000000
2432.2324 1400.000000 1.000000
867.91082 1400.000000 1.000000
1590.3442 1400.000000 1.000000
1151.3923 1400.000000 1.000000
1681.0742 1400.000000 1.000000
1180.0477 1400.000000 1.000000
1818.7733 1400.000000 1.000000
1389.3382 1400.000000 1.000000
1522.4359 1400.000000 1.000000
987.62243 1400.000000 1.000000
1709.0282 1400.000000 1.000000
1240.9038 1400.000000 1.000000
1540.8109 1400.000000 1.000000
1223.1041 1400.000000 1.000000
1313.7410 1400.000000 1.000000
1172.4259 1400.000000 1.000000
1960.2362 1400.000000 1.000000
1399.7816 1400.000000 1.000000
1290.5855 1400.000000 1.000000
1389.2908 1400.000000 1.000000
1556.3397 1400.000000 1.000000
1134.2955 1400.000000 1.000000
1551.0666 1400.000000 1.000000
2077.0527 1400.000000 1.000000
2434.4526 1400.000000 1.000000
2190.6235 1400.000000 1.000000
1635.1386 1400.000000 1.000000
2128.9465 1400.000000 1.000000
1260.7702 1400.000000 1.000000
1524.8470 1400.000000 1.000000
1277.3920 1400.000000 1.000000
1448.8593 1400.000000 1.000000
1651.7082 1400.000000 1.000000
1768.9411 1400.000000 1.000000
1311.1815 1400.000000 1.000000
1436.3752 1400.000000 1.000000
1889.9472 1400.000000 1.000000
2780.0222 1400.000000 1.000000
1370.4791 1400.000000 1.000000
1105.8388 1400.000000 1.000000
1607.1202 1400.000000 1.000000
2066.6633 1400.000000 1.000000
1116.3598 1400.000000 1.000000
1281.7862 1400.000000 1.000000
1527.9460 1400.000000 1.000000
1254.8681 1400.000000 1.000000
2189.2570 1400.000000 1.000000
1344.4882 1400.000000 1.000000
3001.0798 1400.000000 1.000000
1348.5924 1400.000000 1.000000
2763.5373 1400.000000 1.000000
1459.8110 1400.000000 1.000000
1364.4798 1400.000000 1.000000
1833.7650 1400.000000 1.000000
1796.3475 1400.000000 1.000000
1697.4702 1400.000000 1.000000
1393.2186 1400.000000 1.000000
1407.4737 1400.000000 1.000000
2141.8190 1400.000000 1.000000
1732.7594 1400.000000 1.000000
1367.0595 1400.000000 1.000000
1242.0158 1400.000000 1.000000
1513.1627 1400.000000 1.000000
1249.6514 1400.000000 1.000000
1651.1306 1400.000000 1.000000
1570.8748 1400.000000 1.000000
1250.2832 1400.000000 1.000000
1301.4686 1400.000000 1.000000
1408.2154 1400.000000 1.000000
1466.0670 1400.000000 1.000000
2326.9960 1400.000000 1.000000
1081.4807 1400.000000 1.000000
1333.3265 1400.000000 1.000000
1515.8267 1400.000000 1.000000
1489.9416 1400.000000 1.000000
1761.5644 1400.000000 1.000000
1206.6596 1400.000000 1.000000
1505.5510 1400.000000 1.000000
1210.1497 1400.000000 1.000000
1643.1540 1400.000000 1.000000
1177.2814 1400.000000 1.000000
1023.3544 1400.000000 1.000000
1847.8078 1400.000000 1.000000
1468.2397 1400.000000 1.000000
2092.5568 1400.000000 1.000000
1264.2232 1400.000000 1.000000
2373.5017 1400.000000 1.000000
1650.8879 1400.000000 1.000000
1587.4327 1400.000000 1.000000
1675.4730 1400.000000 1.000000
1737.6814 1400.000000 1.000000
1301.6005 1400.000000 1.000000
2909.4243 1400.000000 1.000000
1700.4865 1400.000000 1.000000
2261.5327 1400.000000 1.000000
1276.2637 1400.000000 1.000000
1332.2346 1400.000000 1.000000
3019.2619 1400.000000 1.000000
1443.1748 1400.000000 1.000000
1654.8997 1400.000000 1.000000
1495.4619 1400.000000 1.000000
1421.1676 1400.000000 1.000000
1351.5845 1400.000000 1.000000
1274.5593 1400.000000 1.000000
1338.4969 1400.000000 1.000000
1812.9527 1400.000000 1.000000
1377.1136 1400.000000 1.000000
1554.7468 1400.000000 1.000000
1230.2873 1400.000000 1.000000
1026.2543 1400.000000 1.000000
1744.2989 1400.000000 1.000000
2074.8588 1400.000000 1.000000
1212.1470 1400.000000 1.000000
1363.3818 1400.000000 1.000000
1348.2153 1400.000000 1.000000
1685.9046 1400.000000 1.000000
1062.9797 1400.000000 1.000000
1306.6142 1400.000000 1.000000
1384.2047 1400.000000 1.000000
1761.7661 1400.000000 1.000000
1332.2625 1400.000000 1.000000
1739.4599 1400.000000 1.000000
1383.7805 1400.000000 1.000000
1492.1143 1400.000000 1.000000
1900.6295 1400.000000 1.000000
1518.9564 1400.000000 1.000000
2298.5566 1400.000000 1.000000
1408.1228 1400.000000 1.000000
2380.4777 1400.000000 1.000000
1343.9392 1400.000000 1.000000
1554.7412 1400.000000 1.000000
1456.1339 1400.000000 1.000000
1759.7397 1400.000000 1.000000
1468.9769 1400.000000 1.000000
1517.0568 1400.000000 1.000000
1327.7707 1400.000000 1.000000
727.06695 1400.000000 1.000000
1794.7122 1400.000000 1.000000
1013.8637 1400.000000 1.000000
2322.8513 1400.000000 1.000000
2454.2353 1400.000000 1.000000
1720.4912 1400.000000 1.000000
1671.0387 1400.000000 1.000000
1353.1529 1400.000000 1.000000
1397.5459 1400.000000 1.000000
1986.6953 1400.000000 1.000000
1553.3085 1400.000000 1.000000
1548.8122 1400.000000 1.000000
1307.5358 1400.000000 1.000000
1008.1867 1400.000000 1.000000
1891.0878 1400.000000 1.000000
2034.9106 1400.000000 1.000000
1733.2562 1400.000000 1.000000
1240.0123 1400.000000 1.000000
1740.6544 1400.000000 1.000000
2230.7280 1400.000000 1.000000
1476.0800 1400.000000 1.000000
1326.6894 1400.000000 1.000000
1514.3140 1400.000000 1.000000
1474.1447 1400.000000 1.000000
1516.6461 1400.000000 1.000000
1251.9602 1400.000000 1.000000
1732.6054 1400.000000 1.000000
1839.8037 1400.000000 1.000000
 2519.896 1400.000000 1.000000
1285.3194 1400.000000 1.000000
1769.5207 1400.000000 1.000000
1925.3621 1400.000000 1.000000
2126.3747 1400.000000 1.000000
1760.6527 1400.000000 1.000000
1270.2280 1400.000000 1.000000
1759.4526 1400.000000 1.000000
2497.0092 1400.000000 1.000000
1250.9830 1400.000000 1.000000
1391.7468 1400.000000 1.000000
1306.1756 1400.000000 1.000000
1247.2539 1400.000000 1.000000
2151.5144 1400.000000 1.000000
1617.3383 1400.000000 1.000000
1552.2312 1400.000000 1.000000
1537.4837 1400.000000 1.000000
1403.8623 1400.000000 1.000000
1555.8525 1400.000000 1.000000
1610.9956 1400.000000 1.000000
1480.0191 1400.000000 1.000000
1916.3632 1400.000000 1.000000
1796.8450 1400.000000 1.000000
1162.6329 1400.000000 1.000000
2016.9914 1400.000000 1.000000
1883.5888 1400.000000 1.000000
1664.2392 1400.000000 1.000000
1358.8753 1400.000000 1.000000
1313.8371 1400.000000 1.000000
1580.4665 1400.000000 1.000000
1333.5506 1400.000000 1.000000
1821.7440 1400.000000 1.000000
1161.1447 1400.000000 1.000000
2679.9343 1400.000000 1.000000
1150.3671 1400.000000 1.000000
1373.6580 1400.000000 1.000000
1686.1261 1400.000000 1.000000
1954.9554 1400.000000 1.000000
1752.2553 1400.000000 1.000000
1063.8807 1400.000000 1.000000
2094.4387 1400.000000 1.000000
3035.1608 1400.000000 1.000000
1495.7597 1400.000000 1.000000
1431.5228 1400.000000 1.000000
1382.0140 1400.000000 1.000000
1273.0087 1400.000000 1.000000
1220.6124 1400.000000 1.000000
1424.7591 1400.000000 1.000000
1705.5709 1400.000000 1.000000
1610.5445 1400.000000 1.000000
1739.4580 1400.000000 1.000000
1696.9138 1400.000000 1.000000
1538.1512 1400.000000 1.000000
1714.1409 1400.000000 1.000000
1461.8271 1400.000000 1.000000
612.07012 1400.000000 1.000000
1582.9810 1400.000000 1.000000
1866.0393 1400.000000 1.000000
1361.7437 1400.000000 1.000000
1373.8577 1400.000000 1.000000
2249.1398 1400.000000 1.000000
1469.0108 1400.000000 1.000000
1440.7017 1400.000000 1.000000
1982.7867 1400.000000 1.000000
1336.9117 1400.000000 1.000000
1573.6224 1400.000000 1.000000
3124.4165 1400.000000 1.000000
831.55279 1400.000000 1.000000
1925.1420 1400.000000 1.000000
1468.5427 1400.000000 1.000000
1324.2957 1400.000000 1.000000
1083.9643 1400.000000 1.000000
1380.5893 1400.000000 1.000000
3296.1689 1400.000000 1.000000
1221.6324 1400.000000 1.000000
1293.5061 1400.000000 1.000000
1552.0328 1400.000000 1.000000
1689.3444 1400.000000 1.000000
1330.9166 1400.000000 1.000000
2971.2487 1400.000000 1.000000
1661.9250 1400.000000 1.000000
1416.3270 1400.000000 1.000000
1522.9660 1400.000000 1.000000
1589.0495 1400.000000 1.000000
1822.0853 1400.000000 1.000000
583.58044 1400.000000 1.000000
1041.6311 1400.000000 1.000000
1545.1989 1400.000000 1.000000
1417.6651 1400.000000 1.000000
1501.2363 1400.000000 1.000000
1355.4255 1400.000000 1.000000
1266.2221 1400.000000 1.000000
1240.1312 1400.000000 1.000000
1113.4512 1400.000000 1.000000
1382.1013 1400.000000 1.000000
1997.8465 1400.000000 1.000000
1356.9746 1400.000000 1.000000
1704.3731 1400.000000 1.000000
2626.9177 1400.000000 1.000000
1494.9238 1400.000000 1.000000
1598.9140 1400.000000 1.000000
1056.8515 1400.000000 1.000000
1936.1408 1400.000000 1.000000
1315.2293 1400.000000 1.000000
1397.4484 1400.000000 1.000000
1174.3795 1400.000000 1.000000
2584.2666 1400.000000 1.000000
2145.2443 1400.000000 1.000000
1606.8132 1400.000000 1.000000
2817.8955 1400.000000 1.000000
2047.8634 1400.000000 1.000000
1083.7146 1400.000000 1.000000
1393.8165 1400.000000 1.000000
1428.2387 1400.000000 1.000000
1463.2241 1400.000000 1.000000
1834.0023 1400.000000 1.000000
1660.9652 1400.000000 1.000000
1073.0593 1400.000000 1.000000
3078.6958 1400.000000 1.000000
1812.3422 1400.000000 1.000000
1339.8458 1400.000000 1.000000
1867.5777 1400.000000 1.000000
2204.0566 1400.000000 1.000000
1539.3922 1400.000000 1.000000
1761.2063 1400.000000 1.000000
3057.8808 1400.000000 1.000000
1454.8056 1400.000000 1.000000
1955.5810 1400.000000 1.000000
1229.3095 1400.000000 1.000000
1450.4492 1400.000000 1.000000
1776.7788 1400.000000 1.000000
1909.2298 1400.000000 1.000000
1157.5148 1400.000000 1.000000
1746.5161 1400.000000 1.000000
1221.87 1400.000000 1.000000
1153.5650 1400.000000 1.000000
1486.3281 1400.000000 1.000000
1255.5451 1400.000000 1.000000
1524.6439 1400.000000 1.000000
1292.9448 1400.000000 1.000000
1544.7044 1400.000000 1.000000
1847.0491 1400.000000 1.000000
1586.5197 1400.000000 1.000000
1356.1951 1400.000000 1.000000
1335.7843 1400.000000 1.000000
1612.2722 1400.000000 1.000000
1783.0568 1400.000000 1.000000
1804.5086 1400.000000 1.000000
1146.9588 1400.000000 1.000000
1406.9405 1400.000000 1.000000
1101.5557 1400.000000 1.000000
1122.3359 1400.000000 1.000000
1431.2199 1400.000000 1.000000
1805.3608 1400.000000 1.000000
1115.7601 1400.000000 1.000000
1669.1639 1400.000000 1.000000
1175.5162 1400.000000 1.000000
1590.5881 1400.000000 1.000000
1325.7335 1400.000000 1.000000
1020.0780 1400.000000 1.000000
1645.0423 1400.000000 1.000000
1939.4782 1400.000000 1.000000
1349.0107 1400.000000 1.000000
1590.4696 1400.000000 1.000000
3001.3584 1400.000000 1.000000
1570.2056 1400.000000 1.000000
1351.8494 1400.000000 1.000000
2792.2443 1400.000000 1.000000
1119.0150 1400.000000 1.000000
1634.0033 1400.000000 1.000000
6413.6635 1400.000000 1.000000
1488.9063 1400.000000 1.000000
2112.2443 1400.000000 1.000000
1888.5300 1400.000000 1.000000
1295.4710 1400.000000 1.000000
1471.1735 1400.000000 1.000000
1647.2417 1400.000000 1.000000
1593.7804 1400.000000 1.000000
1683.6778 1400.000000 1.000000
1654.4876 1400.000000 1.000000
2628.6359 1400.000000 1.000000
1691.1246 1400.000000 1.000000
1198.4427 1400.000000 1.000000
1901.6645 1400.000000 1.000000
1491.3084 1400.000000 1.000000
1097.1706 1400.000000 1.000000
1726.0644 1400.000000 1.000000
1613.5642 1400.000000 1.000000
1275.3900 1400.000000 1.000000
1667.6375 1400.000000 1.000000
1157.3741 1400.000000 1.000000
1311.6237 1400.000000 1.000000
1673.0125 1400.000000 1.000000
1757.3653 1400.000000 1.000000
1745.5426 1400.000000 1.000000
844.36004 1400.000000 1.000000
1343.0491 1400.000000 1.000000
1237.9064 1400.000000 1.000000
1082.3631 1400.000000 1.000000
1264.4866 1400.000000 1.000000
2176.3234 1400.000000 1.000000
1605.5795 1400.000000 1.000000
1760.9502 1400.000000 1.000000
1771.3281 1400.000000 1.000000
1490.9792 1400.000000 1.000000
1388.0142 1400.000000 1.000000
1106.6462 1400.000000 1.000000
694.63324 1400.000000 1.000000
1486.3110 1400.000000 1.000000
2036.3308 1400.000000 1.000000
2107.7058 1400.000000 1.000000