973.95227 1000.000000 1.000000
1024.0662 1000.000000 1.000000
1610.3443 1000.000000 1.000000
862.38244 1000.000000 1.000000
943.69506 1000.000000 1.000000
1055.3756 1000.000000 1.000000
982.20831 1000.000000 1.000000
1154.9971 1000.000000 1.000000
1263.0137 1000.000000 1.000000
1476.5576 1000.000000 1.000000
1264.1735 1000.000000 1.000000
596.50030 1000.000000 1.000000
1957.6903 1000.000000 1.000000
965.73730 1000.000000 1.000000
1788.7674 1000.000000 1.000000
746.70697 1000.000000 1.000000
1474.0948 1000.000000 1.000000
906.30926 1000.000000 1.000000
1007.7482 1000.000000 1.000000
979.90393 1000.000000 1.000000
959.31042 1000.000000 1.000000
 813.4646 1000.000000 1.000000
907.56390 1000.000000 1.000000
1515.7354 1000.000000 1.000000
1010.9446 1000.000000 1.000000
995.18817 1000.000000 1.000000
928.64581 1000.000000 1.000000
1077.5585 1000.000000 1.000000
1374.8491 1000.000000 1.000000
1686.7281 1000.000000 1.000000
1955.3598 1000.000000 1.000000
2662.8073 1000.000000 1.000000
996.30413 1000.000000 1.000000
933.44226 1000.000000 1.000000
1105.7189 1000.000000 1.000000
1122.8341 1000.000000 1.000000
1164.9095 1000.000000 1.000000
2198.2946 1000.000000 1.000000
1487.7148 1000.000000 1.000000
1542.7218 1000.000000 1.000000
966.86560 1000.000000 1.000000
1735.1867 1000.000000 1.000000
988.54852 1000.000000 1.000000
1817.2575 1000.000000 1.000000
1501.8802 1000.000000 1.000000
927.06091 1000.000000 1.000000
1733.0604 1000.000000 1.000000
2421.6220 1000.000000 1.000000
1257.3601 1000.000000 1.000000
988.51153 1000.000000 1.000000
1426.6158 1000.000000 1.000000
981.72979 1000.000000 1.000000
901.96807 1000.000000 1.000000
1465.2932 1000.000000 1.000000
1246.7681 1000.000000 1.000000
1163.1652 1000.000000 1.000000
1240.4257 1000.000000 1.000000
1247.0985 1000.000000 1.000000
1385.4257 1000.000000 1.000000
898.48498 1000.000000 1.000000
1067.5874 1000.000000 1.000000
1625.4100 1000.000000 1.000000
999.76251 1000.000000 1.000000
1114.3938 1000.000000 1.000000
903.19842 1000.000000 1.000000
1587.1416 1000.000000 1.000000
952.16296 1000.000000 1.000000
1339.1279 1000.000000 1.000000
2018.6019 1000.000000 1.000000
1780.4533 1000.000000 1.000000
810.62103 1000.000000 1.000000
1089.9737 1000.000000 1.000000
1174.6027 1000.000000 1.000000
1227.7147 1000.000000 1.000000
954.46600 1000.000000 1.000000
1579.2072 1000.000000 1.000000
961.48535 1000.000000 1.000000
1029.4482 1000.000000 1.000000
932.31280 1000.000000 1.000000
1166.1082 1000.000000 1.000000
1047.6577 1000.000000 1.000000
1687.9917 1000.000000 1.000000
1222.1776 1000.000000 1.000000
707.90130 1000.000000 1.000000
1232.4594 1000.000000 1.000000
1222.0440 1000.000000 1.000000
912.68243 1000.000000 1.000000
936.81823 1000.000000 1.000000
1348.2520 1000.000000 1.000000
948.28228 1000.000000 1.000000
794.45629 1000.000000 1.000000
1265.0397 1000.000000 1.000000
1173.8418 1000.000000 1.000000
921.27142 1000.000000 1.000000
1432.0596 1000.000000 1.000000
1833.1012 1000.000000 1.000000
1120.8342 1000.000000 1.000000
912.39672 1000.000000 1.000000
740.61810 1000.000000 1.000000
1026.8453 1000.000000 1.000000
1290.7923 1000.000000 1.000000
1034.4693 1000.000000 1.000000
791.80285 1000.000000 1.000000
1002.2368 1000.000000 1.000000
1103.8409 1000.000000 1.000000
2256.8747 1000.000000 1.000000
2655.1689 1000.000000 1.000000
1082.2297 1000.000000 1.000000
1295.7019 1000.000000 1.000000
1006.4807 1000.000000 1.000000
1097.3940 1000.000000 1.000000
838.25921 1000.000000 1.000000
1189.5573 1000.000000 1.000000
926.63409 1000.000000 1.000000
1147.8592 1000.000000 1.000000
1128.0170 1000.000000 1.000000
917.77343 1000.000000 1.000000
1151.7365 1000.000000 1.000000
1549.4289 1000.000000 1.000000
1225.4668 1000.000000 1.000000
974.41284 1000.000000 1.000000
855.44055 1000.000000 1.000000
682.82739 1000.000000 1.000000
1172.1964 1000.000000 1.000000
1075.6110 1000.000000 1.000000
2172.7548 1000.000000 1.000000
1083.0080 1000.000000 1.000000
1366.8031 1000.000000 1.000000
1238.9475 1000.000000 1.000000
865.60968 1000.000000 1.000000
1159.2165 1000.000000 1.000000
1104.2935 1000.000000 1.000000
786.11785 1000.000000 1.000000
784.47717 1000.000000 1.000000
1022.4072 1000.000000 1.000000
887.09753 1000.000000 1.000000
1972.5183 1000.000000 1.000000
778.46423 1000.000000 1.000000
1132.4554 1000.000000 1.000000
1042.4420 1000.000000 1.000000
997.47479 1000.000000 1.000000
1118.3530 1000.000000 1.000000
771.22265 1000.000000 1.000000
1144.1092 1000.000000 1.000000
1921.3985 1000.000000 1.000000
1037.0356 1000.000000 1.000000
1014.4163 1000.000000 1.000000
1438.6933 1000.000000 1.000000
1116.3928 1000.000000 1.000000
1341.4969 1000.000000 1.000000
1349.8377 1000.000000 1.000000
1167.9404 1000.000000 1.000000
751.84063 1000.000000 1.000000
1022.7100 1000.000000 1.000000
842.93298 1000.000000 1.000000
687.64160 1000.000000 1.000000
1046.8204 1000.000000 1.000000
1015.3732 1000.000000 1.000000
1064.4807 1000.000000 1.000000
1394.1054 1000.000000 1.000000
1063.2895 1000.000000 1.000000
948.09149 1000.000000 1.000000
1009.9348 1000.000000 1.000000
807.33563 1000.000000 1.000000
873.84533 1000.000000 1.000000
990.24725 1000.000000 1.000000
815.96350 1000.000000 1.000000
1489.1917 1000.000000 1.000000
1015.5830 1000.000000 1.000000
712.65576 1000.000000 1.000000
1476.8281 1000.000000 1.000000
1116.2191 1000.000000 1.000000
1194.9566 1000.000000 1.000000
2059.3564 1000.000000 1.000000
1336.9418 1000.000000 1.000000
1037.3822 1000.000000 1.000000
899.47442 1000.000000 1.000000
1014.4694 1000.000000 1.000000
1071.7553 1000.000000 1.000000
1760.4207 1000.000000 1.000000
1693.5019 1000.000000 1.000000
983.90893 1000.000000 1.000000
1532.5416 1000.000000 1.000000
1133.7817 1000.000000 1.000000
976.05383 1000.000000 1.000000
902.75152 1000.000000 1.000000
1073.0467 1000.000000 1.000000
 913.6427 1000.000000 1.000000
909.56384 1000.000000 1.000000
 959.2854 1000.000000 1.000000
991.33239 1000.000000 1.000000
860.40155 1000.000000 1.000000
988.30664 1000.000000 1.000000
1151.7902 1000.000000 1.000000
998.89086 1000.000000 1.000000
836.08886 1000.000000 1.000000
 916.5354 1000.000000 1.000000
1001.8809 1000.000000 1.000000
1232.7232 1000.000000 1.000000
968.49218 1000.000000 1.000000
1334.5072 1000.000000 1.000000
1946.9187 1000.000000 1.000000
899.82263 1000.000000 1.000000
1023.5372 1000.000000 1.000000
808.74383 1000.000000 1.000000
1884.8117 1000.000000 1.000000
963.28271 1000.000000 1.000000
1193.1324 1000.000000 1.000000
920.13842 1000.000000 1.000000
1095.1759 1000.000000 1.000000
1585.6389 1000.000000 1.000000
864.32574 1000.000000 1.000000
1035.7763 1000.000000 1.000000
1150.3416 1000.000000 1.000000
2041.9791 1000.000000 1.000000
852.59863 1000.000000 1.000000
1144.8631 1000.000000 1.000000
2134.8781 1000.000000 1.000000
1279.3690 1000.000000 1.000000
1050.2150 1000.000000 1.000000
1327.6418 1000.000000 1.000000
922.40802 1000.000000 1.000000
1053.4730 1000.000000 1.000000
1045.5313 1000.000000 1.000000
1784.8938 1000.000000 1.000000
1039.5207 1000.000000 1.000000
927.66656 1000.000000 1.000000
1066.7728 1000.000000 1.000000
1002.4247 1000.000000 1.000000
985.42846 1000.000000 1.000000
942.86016 1000.000000 1.000000
1726.7392 1000.000000 1.000000
985.04913 1000.000000 1.000000
974.20489 1000.000000 1.000000
1320.9259 1000.000000 1.000000
897.58087 1000.000000 1.000000
1447.4003 1000.000000 1.000000
935.56280 1000.000000 1.000000
3171.0073 1000.000000 1.000000
827.13842 1000.000000 1.000000
1014.0180 1000.000000 1.000000
1572.8913 1000.000000 1.000000
947.27966 1000.000000 1.000000
1096.9055 1000.000000 1.000000
1469.9585 1000.000000 1.000000
894.38751 1000.000000 1.000000
1119.4818 1000.000000 1.000000
970.69512 1000.000000 1.000000
978.37658 1000.000000 1.000000
1661.7008 1000.000000 1.000000
915.74304 1000.000000 1.000000
1537.6906 1000.000000 1.000000
1630.3419 1000.000000 1.000000
1131.8448 1000.000000 1.000000
974.32421 1000.000000 1.000000
1048.0921 1000.000000 1.000000
1195.7637 1000.000000 1.000000
962.07873 1000.000000 1.000000
846.47052 1000.000000 1.000000
884.06158 1000.000000 1.000000
921.24249 1000.000000 1.000000
1563.9542 1000.000000 1.000000
1210.8869 1000.000000 1.000000
2288.5224 1000.000000 1.000000
2098.3439 1000.000000 1.000000
907.63073 1000.000000 1.000000
1381.3115 1000.000000 1.000000
1248.3375 1000.000000 1.000000
1008.8001 1000.000000 1.000000
1213.2679 1000.000000 1.000000
1063.4746 1000.000000 1.000000
1468.6897 1000.000000 1.000000
849.23651 1000.000000 1.000000
163.229 1000.000000 1.000000
1075.2431 1000.000000 1.000000
1412.5899 1000.000000 1.000000
1374.6568 1000.000000 1.000000
910.67120 1000.000000 1.000000
1401.5246 1000.000000 1.000000
1108.4431 1000.000000 1.000000
1045.6243 1000.000000 1.000000
886.22979 1000.000000 1.000000
1632.4648 1000.000000 1.000000
981.90795 1000.000000 1.000000
1940.4863 1000.000000 1.000000
1089.7315 1000.000000 1.000000
939.28302 1000.000000 1.000000
962.53533 1000.000000 1.000000
881.87951 1000.000000 1.000000
1113.5301 1000.000000 1.000000
1058.0300 1000.000000 1.000000
909.89819 1000.000000 1.000000
1056.9838 1000.000000 1.000000
1585.1838 1000.000000 1.000000
1148.4488 1000.000000 1.000000
830.74017 1000.000000 1.000000
862.00878 1000.000000 1.000000
955.61157 1000.000000 1.000000
959.45776 1000.000000 1.000000
2446.4414 1000.000000 1.000000
1063.2827 1000.000000 1.000000
1941.3237 1000.000000 1.000000
1084.5804 1000.000000 1.000000
965.06042 1000.000000 1.000000
1709.5161 1000.000000 1.000000
2331.4680 1000.000000 1.000000
948.47503 1000.000000 1.000000
907.74652 1000.000000 1.000000
1026.7141 1000.000000 1.000000
1069.3866 1000.000000 1.000000
1230.2429 1000.000000 1.000000
1299.7534 1000.000000 1.000000
1996.4923 1000.000000 1.000000
1382.3814 1000.000000 1.000000
1144.4106 1000.000000 1.000000
1395.7135 1000.000000 1.000000
1396.6783 1000.000000 1.000000
1284.8497 1000.000000 1.000000
977.56939 1000.000000 1.000000
1001.5416 1000.000000 1.000000
1019.9603 1000.000000 1.000000
1896.6528 1000.000000 1.000000
786.47540 1000.000000 1.000000
1464.8170 1000.000000 1.000000
1146.6538 1000.000000 1.000000
907.63812 1000.000000 1.000000
1082.0262 1000.000000 1.000000
871.65918 1000.000000 1.000000
1556.4029 1000.000000 1.000000
1095.9671 1000.000000 1.000000
955.15484 1000.000000 1.000000
977.21997 1000.000000 1.000000
990.93444 1000.000000 1.000000
1481.8635 1000.000000 1.000000
991.72119 1000.000000 1.000000
1129.7288 1000.000000 1.000000
1011.4323 1000.000000 1.000000
2190.2297 1000.000000 1.000000
1119.5002 1000.000000 1.000000
1022.0454 1000.000000 1.000000
1553.5605 1000.000000 1.000000
1982.3256 1000.000000 1.000000
1053.1876 1000.000000 1.000000
1321.2844 1000.000000 1.000000
996.10034 1000.000000 1.000000
1246.5605 1000.000000 1.000000
1206.9693 1000.000000 1.000000
1015.6561 1000.000000 1.000000
1073.0742 1000.000000 1.000000
1540.1148 1000.000000 1.000000
867.05950 1000.000000 1.000000
857.57409 1000.000000 1.000000
969.35614 1000.000000 1.000000
1004.6231 1000.000000 1.000000
925.24377 1000.000000 1.000000
961.29467 1000.000000 1.000000
941.07751 1000.000000 1.000000
1163.6923 1000.000000 1.000000
887.57269 1000.000000 1.000000
982.64556 1000.000000 1.000000
1251.6234 1000.000000 1.000000
2527.8183 1000.000000 1.000000
1096.8729 1000.000000 1.000000
1004.4381 1000.000000 1.000000
982.57818 1000.000000 1.000000
1353.0118 1000.000000 1.000000
2540.9980 1000.000000 1.000000
877.02557 1000.000000 1.000000
1080.5483 1000.000000 1.000000
972.30560 1000.000000 1.000000
899.48535 1000.000000 1.000000
1160.0373 1000.000000 1.000000
904.42279 1000.000000 1.000000
1183.3392 1000.000000 1.000000
961.04510 1000.000000 1.000000
2200.5034 1000.000000 1.000000
1111.5457 1000.000000 1.000000
1187.9657 1000.000000 1.000000
1315.7186 1000.000000 1.000000
830.09954 1000.000000 1.000000
1394.1391 1000.000000 1.000000
913.90545 1000.000000 1.000000
1147.0086 1000.000000 1.000000
796.41217 1000.000000 1.000000
778.98223 1000.000000 1.000000
758.92767 1000.000000 1.000000
1729.9101 1000.000000 1.000000
957.88903 1000.000000 1.000000
987.60748 1000.000000 1.000000
2012.6593 1000.000000 1.000000
1169.9429 1000.000000 1.000000
1989.7771 1000.000000 1.000000
1184.0795 1000.000000 1.000000
1741.6070 1000.000000 1.000000
2157.6909 1000.000000 1.000000
848.59643 1000.000000 1.000000
1049.1811 1000.000000 1.000000
608.70703 1000.000000 1.000000
773.32519 1000.000000 1.000000
1027.1412 1000.000000 1.000000
1674.1771 1000.000000 1.000000
1201.2071 1000.000000 1.000000
784.88678 1000.000000 1.000000
753.76825 1000.000000 1.000000
955.77331 1000.000000 1.000000
1586.5434 1000.000000 1.000000
1141.4121 1000.000000 1.000000
1095.3770 1000.000000 1.000000
894.28906 1000.000000 1.000000
880.34558 1000.000000 1.000000
1167.8056 1000.000000 1.000000
942.73095 1000.000000 1.000000
906.04626 1000.000000 1.000000
2145.6875 1000.000000 1.000000
997.30712 1000.000000 1.000000
1019.6168 1000.000000 1.000000
1376.3898 1000.000000 1.000000
1946.2918 1000.000000 1.000000
1236.9868 1000.000000 1.000000
1341.2918 1000.000000 1.000000
849.57647 1000.000000 1.000000
1072.5824 1000.000000 1.000000
881.89154 1000.000000 1.000000
1014.5574 1000.000000 1.000000
1086.9481 1000.000000 1.000000
1807.5909 1000.000000 1.000000
1077.9990 1000.000000 1.000000
941.92303 1000.000000 1.000000
921.62744 1000.000000 1.000000
761.06298 1000.000000 1.000000
1974.6871 1000.000000 1.000000
883.54486 1000.000000 1.000000
1782.5926 1000.000000 1.000000
1910.5930 1000.000000 1.000000
1423.8027 1000.000000 1.000000
1668.3391 1000.000000 1.000000
3164.8847 1000.000000 1.000000
2006.5986 1000.000000 1.000000
1783.3841 1000.000000 1.000000
1381.1470 1000.000000 1.000000
2933.4033 1000.000000 1.000000
866.96484 1000.000000 1.000000
1141.5218 1000.000000 1.000000
1218.8291 1000.000000 1.000000
1743.3775 1000.000000 1.000000
1249.3897 1000.000000 1.000000
987.64660 1000.000000 1.000000
1043.4428 1000.000000 1.000000
1892.8269 1000.000000 1.000000
1031.9204 1000.000000 1.000000
898.74682 1000.000000 1.000000
2153.9692 1000.000000 1.000000
1023.4105 1000.000000 1.000000
1014.2515 1000.000000 1.000000
1264.5491 1000.000000 1.000000
895.95477 1000.000000 1.000000
1135.4073 1000.000000 1.000000
1040.7345 1000.000000 1.000000
1992.2366 1000.000000 1.000000
1804.7324 1000.000000 1.000000
1096.6969 1000.000000 1.000000
2299.3247 1000.000000 1.000000
1922.3641 1000.000000 1.000000
890.27154 1000.000000 1.000000
1009.5540 1000.000000 1.000000
1127.7200 1000.000000 1.000000
2109.3535 1000.000000 1.000000
1555.9775 1000.000000 1.000000
909.16943 1000.000000 1.000000
1211.3048 1000.000000 1.000000
1026.3595 1000.000000 1.000000
1291.6323 1000.000000 1.000000
1393.5605 1000.000000 1.000000
1712.4703 1000.000000 1.000000
1297.7053 1000.000000 1.000000
1360.0666 1000.000000 1.000000
915.73626 1000.000000 1.000000
1282.6518 1000.000000 1.000000
974.14416 1000.000000 1.000000
1311.1442 1000.000000 1.000000
967.46606 1000.000000 1.000000
930.15576 1000.000000 1.000000
1043.6029 1000.000000 1.000000
966.00598 1000.000000 1.000000
1473.8106 1000.000000 1.000000
1021.9425 1000.000000 1.000000
1522.3549 1000.000000 1.000000
929.60516 1000.000000 1.000000
1050.6049 1000.000000 1.000000
897.23846 1000.000000 1.000000
1814.1883 1000.000000 1.000000
1895.5137 1000.000000 1.000000
1330.2589 1000.000000 1.000000
779.47741 1000.000000 1.000000
952.25329 1000.000000 1.000000
694.11163 1000.000000 1.000000
1086.0902 1000.000000 1.000000
1047.3754 1000.000000 1.000000
1579.1495 1000.000000 1.000000
946.76934 1000.000000 1.000000
911.03454 1000.000000 1.000000
840.11016 1000.000000 1.000000
1040.901 1000.000000 1.000000
1611.0345 1000.000000 1.000000
1246.7712 1000.000000 1.000000
1700.3820 1000.000000 1.000000
1077.2955 1000.000000 1.000000
1096.0935 1000.000000 1.000000
1046.2602 1000.000000 1.000000
853.84210 1000.000000 1.000000
1228.4887 1000.000000 1.000000
927.82183 1000.000000 1.000000
1454.6970 1000.000000 1.000000
1753.8142 1000.000000 1.000000
1550.9167 1000.000000 1.000000
1057.8852 1000.000000 1.000000
2333.0534 1000.000000 1.000000
1208.8850 1000.000000 1.000000
1625.3934 1000.000000 1.000000
944.65600 1000.000000 1.000000
1362.5161 1000.000000 1.000000
2186.3488 1000.000000 1.000000
1088.1827 1000.000000 1.000000
1041.7409 1000.000000 1.000000
757.11761 1000.000000 1.000000
909.92718 1000.000000 1.000000
1215.9168 1000.000000 1.000000
965.49365 1000.000000 1.000000
1033.5246 1000.000000 1.000000
999.73547 1000.000000 1.000000
890.16815 1000.000000 1.000000
880.96637 1000.000000 1.000000
1212.5575 1000.000000 1.000000
991.32269 1000.000000 1.000000
1008.2207 1000.000000 1.000000
1755.0354 1000.000000 1.000000
1278.6726 1000.000000 1.000000
1757.0676 1000.000000 1.000000
929.58673 1000.000000 1.000000
1388.0164 1000.000000 1.000000
1088.7376 1000.000000 1.000000
1057.1550 1000.000000 1.000000
1251.2725 1000.000000 1.000000
1006.5115 1000.000000 1.000000
2160.8164 1000.000000 1.000000
1978.6926 1000.000000 1.000000
1828.7811 1000.000000 1.000000
913.18273 1000.000000 1.000000
2141.3786 1000.000000 1.000000
1400.9531 1000.000000 1.000000
1575.6637 1000.000000 1.000000
1134.1827 1000.000000 1.000000
984.90002 1000.000000 1.000000
739.45764 1000.000000 1.000000
1313.5954 1000.000000 1.000000
1138.4451 1000.000000 1.000000
1154.8179 1000.000000 1.000000
1299.6306 1000.000000 1.000000
1850.6734 1000.000000 1.000000
894.78735 1000.000000 1.000000
1297.0253 1000.000000 1.000000
1266.0799 1000.000000 1.000000
1533.2718 1000.000000 1.000000
1299.0219 1000.000000 1.000000
717.39801 1000.000000 1.000000
3176.5051 1000.000000 1.000000
883.84698 1000.000000 1.000000
1147.2686 1000.000000 1.000000
2851.0788 1000.000000 1.000000
1379.5863 1000.000000 1.000000
959.40332 1000.000000 1.000000
1228.7117 1000.000000 1.000000
1031.1292 1000.000000 1.000000
1337.1626 1000.000000 1.000000
1116.9974 1000.000000 1.000000
1066.0896 1000.000000 1.000000
1675.9388 1000.000000 1.000000
1336.7413 1000.000000 1.000000
1074.9682 1000.000000 1.000000
932.50457 1000.000000 1.000000
1256.3930 1000.000000 1.000000
1127.3804 1000.000000 1.000000
1186.6810 1000.000000 1.000000
974.51013 1000.000000 1.000000
1599.9532 1000.000000 1.000000
1060.0457 1000.000000 1.000000
1041.8712 1000.000000 1.000000
1251.2343 1000.000000 1.000000
985.60736 1000.000000 1.000000
1318.2839 1000.000000 1.000000
979.17755 1000.000000 1.000000
2339.5954 1000.000000 1.000000
997.63793 1000.000000 1.000000
1919.2248 1000.000000 1.000000
709.10070 1000.000000 1.000000
1248.0207 1000.000000 1.000000
1381.1569 1000.000000 1.000000
817.38262 1000.000000 1.000000
869.46490 1000.000000 1.000000
1005.0646 1000.000000 1.000000
999.17114 1000.000000 1.000000
1355.9762 1000.000000 1.000000
863.18591 1000.000000 1.000000
1344.2730 1000.000000 1.000000
1140.9909 1000.000000 1.000000
1168.5380 1000.000000 1.000000
916.06213 1000.000000 1.000000
986.68798 1000.000000 1.000000
2361.2446 1000.000000 1.000000
1610.5753 1000.000000 1.000000
1138.1226 1000.000000 1.000000
950.62329 1000.000000 1.000000
1514.3776 1000.000000 1.000000
2211.5564 1000.000000 1.000000
1354.8039 1000.000000 1.000000
1371.4466 1000.000000 1.000000
1157.8227 1000.000000 1.000000
1014.7324 1000.000000 1.000000
684.39465 1000.000000 1.000000
1252.9995 1000.000000 1.000000
1309.0994 1000.000000 1.000000
1891.5752 1000.000000 1.000000
863.04083 1000.000000 1.000000
1028.1795 1000.000000 1.000000
927.26324 1000.000000 1.000000
834.83587 1000.000000 1.000000
831.05139 1000.000000 1.000000
1578.0509 1000.000000 1.000000
1232.1633 1000.000000 1.000000
1019.4726 1000.000000 1.000000
1897.5725 1000.000000 1.000000
1103.0734 1000.000000 1.000000
918.50634 1000.000000 1.000000
612.76977 1000.000000 1.000000
911.36987 1000.000000 1.000000
1378.8626 1000.000000 1.000000
739.65075 1000.000000 1.000000
1209.2546 1000.000000 1.000000
847.22741 1000.000000 1.000000
1133.7021 1000.000000 1.000000
1576.1268 1000.000000 1.000000
1478.9630 1000.000000 1.000000
1620.1904 1000.000000 1.000000
809.19500 1000.000000 1.000000
1410.4464 1000.000000 1.000000
1103.4443 1000.000000 1.000000
989.24499 1000.000000 1.000000
1124.9384 1000.000000 1.000000
813.18792 1000.000000 1.000000
864.45581 1000.000000 1.000000
1555.5963 1000.000000 1.000000
1115.0969 1000.000000 1.000000
1242.2302 1000.000000 1.000000
1185.2587 1000.000000 1.000000
1034.2490 1000.000000 1.000000
1881.6160 1000.000000 1.000000
1822.7166 1000.000000 1.000000
944.15710 1000.000000 1.000000
783.27905 1000.000000 1.000000
1627.7211 1000.000000 1.000000
775.23407 1000.000000 1.000000
1574.8324 1000.000000 1.000000
1069.9151 1000.000000 1.000000
860.42462 1000.000000 1.000000
1564.2729 1000.000000 1.000000
1921.3791 1000.000000 1.000000
844.36242 1000.000000 1.000000
1689.1707 1000.000000 1.000000
877.28491 1000.000000 1.000000
771.33416 1000.000000 1.000000
890.49896 1000.000000 1.000000
808.84045 1000.000000 1.000000
1173.1788 1000.000000 1.000000
1345.3261 1000.000000 1.000000
1014.8530 1000.000000 1.000000
928.20068 1000.000000 1.000000
956.44165 1000.000000 1.000000
779.34564 1000.000000 1.000000
1135.3938 1000.000000 1.000000
1026.0859 1000.000000 1.000000
2615.7075 1000.000000 1.000000
829.47119 1000.000000 1.000000
1451.6938 1000.000000 1.000000
1818.2902 1000.000000 1.000000
844.99475 1000.000000 1.000000
1700.1878 1000.000000 1.000000
752.53082 1000.000000 1.000000
1313.4912 1000.000000 1.000000
1234.0069 1000.000000 1.000000
3036.4445 1000.000000 1.000000
1103.6080 1000.000000 1.000000
928.67266 1000.000000 1.000000
1420.2562 1000.000000 1.000000
945.03076 1000.000000 1.000000
998.27032 1000.000000 1.000000
972.99231 1000.000000 1.000000
893.71862 1000.000000 1.000000
2018.2391 1000.000000 1.000000
2409.9060 1000.000000 1.000000
1097.5083 1000.000000 1.000000
1313.1696 1000.000000 1.000000
1142.5357 1000.000000 1.000000
1738.5899 1000.000000 1.000000
1070.4101 1000.000000 1.000000
2304.6687 1000.000000 1.000000
1660.0611 1000.000000 1.000000
1141.6092 1000.000000 1.000000
1070.4158 1000.000000 1.000000
1168.8842 1000.000000 1.000000
996.66705 1000.000000 1.000000
899.80706 1000.000000 1.000000
968.68707 1000.000000 1.000000
942.13928 1000.000000 1.000000
918.32806 1000.000000 1.000000
1646.0416 1000.000000 1.000000
987.61395 1000.000000 1.000000
1048.3521 1000.000000 1.000000
1222.6035 1000.000000 1.000000
1064.4812 1000.000000 1.000000
1008.3258 1000.000000 1.000000
1366.9135 1000.000000 1.000000
961.42797 1000.000000 1.000000
854.01043 1000.000000 1.000000
1046.1521 1000.000000 1.000000
1472.9599 1000.000000 1.000000
1338.6106 1000.000000 1.000000
957.28973 1000.000000 1.000000
2131.8505 1000.000000 1.000000
919.97912 1000.000000 1.000000
1639.8905 1000.000000 1.000000
841.49414 1000.000000 1.000000
1666.5225 1000.000000 1.000000
1103.4331 1000.000000 1.000000
1016.7590 1000.000000 1.000000
971.06036 1000.000000 1.000000
2092.1723 1000.000000 1.000000
1010.8044 1000.000000 1.000000
925.90368 1000.000000 1.000000
1207.9255 1000.000000 1.000000
984.94830 1000.000000 1.000000
890.70904 1000.000000 1.000000
890.76867 1000.000000 1.000000
849.00134 1000.000000 1.000000
1251.9167 1000.000000 1.000000
1392.6629 1000.000000 1.000000
940.62841 1000.000000 1.000000
1058.2799 1000.000000 1.000000
847.85058 1000.000000 1.000000
1290.3581 1000.000000 1.000000
1636.6502 1000.000000 1.000000
1476.8763 1000.000000 1.000000
965.54626 1000.000000 1.000000
826.88043 1000.000000 1.000000
1100.4504 1000.000000 1.000000
896.00323 1000.000000 1.000000
1603.2111 1000.000000 1.000000
896.50555 1000.000000 1.000000
1332.5848 1000.000000 1.000000
1015.3945 1000.000000 1.000000
1298.6240 1000.000000 1.000000
1058.0405 1000.000000 1.000000
1298.3620 1000.000000 1.000000
913.19818 1000.000000 1.000000
1117.2182 1000.000000 1.000000
1067.7331 1000.000000 1.000000
958.62176 1000.000000 1.000000
2074.4736 1000.000000 1.000000
908.80969 1000.000000 1.000000
1211.7312 1000.000000 1.000000
1982.4493 1000.000000 1.000000
1144.9318 1000.000000 1.000000
1085.6762 1000.000000 1.000000
1770.5578 1000.000000 1.000000
947.81146 1000.000000 1.000000
673.09429 1000.000000 1.000000
1168.4122 1000.000000 1.000000
1474.7115 1000.000000 1.000000
1024.3690 1000.000000 1.000000
1058.9511 1000.000000 1.000000
1056.5039 1000.000000 1.000000
1204.1347 1000.000000 1.000000
935.91900 1000.000000 1.000000
1232.2735 1000.000000 1.000000
800.84765 1000.000000 1.000000
1507.6967 1000.000000 1.000000
1168.0972 1000.000000 1.000000
1171.0583 1000.000000 1.000000
1192.5072 1000.000000 1.000000
999.13336 1000.000000 1.000000
1097.2081 1000.000000 1.000000
1008.0277 1000.000000 1.000000
1227.5756 1000.000000 1.000000
1351.7918 1000.000000 1.000000
911.46234 1000.000000 1.000000
1822.2827 1000.000000 1.000000
1241.6174 1000.000000 1.000000
2143.7412 1000.000000 1.000000
857.38256 1000.000000 1.000000
2665.0004 1000.000000 1.000000
1351.6778 1000.000000 1.000000
828.49517 1000.000000 1.000000
968.72784 1000.000000 1.000000
1237.1462 1000.000000 1.000000
1601.3588 1000.000000 1.000000
1136.8586 1000.000000 1.000000
1046.4834 1000.000000 1.000000
1772.4429 1000.000000 1.000000
1233.7200 1000.000000 1.000000
930.15441 1000.000000 1.000000
996.48693 1000.000000 1.000000
1251.4471 1000.000000 1.000000
1446.0388 1000.000000 1.000000
673.51635 1000.000000 1.000000
1067.3189 1000.000000 1.000000
997.07861 1000.000000 1.000000
1929.9121 1000.000000 1.000000
1209.3703 1000.000000 1.000000
1296.6784 1000.000000 1.000000
965.81323 1000.000000 1.000000
1387.6303 1000.000000 1.000000
1027.8796 1000.000000 1.000000
1416.2366 1000.000000 1.000000
847.26489 1000.000000 1.000000
995.61431 1000.000000 1.000000
849.44360 1000.000000 1.000000
1444.7818 1000.000000 1.000000
1141.4724 1000.000000 1.000000
761.80987 1000.000000 1.000000
1015.1890 1000.000000 1.000000
1208.1231 1000.000000 1.000000
1112.9804 1000.000000 1.000000
688.07885 1000.000000 1.000000
1111.4998 1000.000000 1.000000
1764.2563 1000.000000 1.000000
1519.8607 1000.000000 1.000000
1039.3299 1000.000000 1.000000
883.38604 1000.000000 1.000000
926.84100 1000.000000 1.000000
1144.1623 1000.000000 1.000000
929.49877 1000.000000 1.000000
798.66143 1000.000000 1.000000
1679.1279 1000.000000 1.000000
838.76892 1000.000000 1.000000
1024.4193 1000.000000 1.000000
994.96411 1000.000000 1.000000
1041.7465 1000.000000 1.000000
1007.5190 1000.000000 1.000000
842.74688 1000.000000 1.000000
1542.2243 1000.000000 1.000000
1406.9864 1000.000000 1.000000
860.36395 1000.000000 1.000000
1090.1414 1000.000000 1.000000
2838.6315 1000.000000 1.000000
882.49749 1000.000000 1.000000
752.80835 1000.000000 1.000000
991.57788 1000.000000 1.000000
1324.4491 1000.000000 1.000000
1081.7120 1000.000000 1.000000
943.25781 1000.000000 1.000000
1103.3765 1000.000000 1.000000
1163.1871 1000.000000 1.000000
1387.1274 1000.000000 1.000000
1541.3515 1000.000000 1.000000
1612.604 1000.000000 1.000000
888.48614 1000.000000 1.000000
1061.4082 1000.000000 1.000000
919.16223 1000.000000 1.000000
1103.9626 1000.000000 1.000000
915.43682 1000.000000 1.000000
1095.4537 1000.000000 1.000000
911.03064 1000.000000 1.000000
1514.3891 1000.000000 1.000000
1285.9013 1000.000000 1.000000
1167.6882 1000.000000 1.000000
996.64068 1000.000000 1.000000
1029.9293 1000.000000 1.000000
945.57342 1000.000000 1.000000
1743.0955 1000.000000 1.000000
708.72009 1000.000000 1.000000
1302.4925 1000.000000 1.000000
1005.5476 1000.000000 1.000000
1607.8349 1000.000000 1.000000
1444.5379 1000.000000 1.000000
1203.0592 1000.000000 1.000000
1074.4628 1000.000000 1.000000
1467.1279 1000.000000 1.000000
1677.7788 1000.000000 1.000000
1233.9686 1000.000000 1.000000
1190.2501 1000.000000 1.000000
852.67199 1000.000000 1.000000
1021.9036 1000.000000 1.000000
1013.4049 1000.000000 1.000000
1187.0002 1000.000000 1.000000
887.05859 1000.000000 1.000000
1075.0969 1000.000000 1.000000
2098.2736 1000.000000 1.000000
1242.9254 1000.000000 1.000000
975.19665 1000.000000 1.000000
1078.0719 1000.000000 1.000000
1003.6658 1000.000000 1.000000
2356.2673 1000.000000 1.000000
2411.0849 1000.000000 1.000000
975.27587 1000.000000 1.000000
996.19702 1000.000000 1.000000
1788.9398 1000.000000 1.000000
1077.0147 1000.000000 1.000000
895.65112 1000.000000 1.000000
3356.6210 1000.000000 1.000000
840.27697 1000.000000 1.000000
1062.3901 1000.000000 1.000000
1845.3341 1000.000000 1.000000
1105.9134 1000.000000 1.000000
810.24755 1000.000000 1.000000
1220.4180 1000.000000 1.000000
1065.3701 1000.000000 1.000000
1057.7784 1000.000000 1.000000
1345.1845 1000.000000 1.000000
583.89520 1000.000000 1.000000
1254.7904 1000.000000 1.000000
964.07891 1000.000000 1.000000
1047.3743 1000.000000 1.000000
996.67034 1000.000000 1.000000
1418.3685 1000.000000 1.000000
993.78649 1000.000000 1.000000
1645.5064 1000.000000 1.000000
809.78747 1000.000000 1.000000
1015.2421 1000.000000 1.000000
983.19952 1000.000000 1.000000
842.08001 1000.000000 1.000000
1053.2530 1000.000000 1.000000
2120.9421 1000.000000 1.000000
968.35723 1000.000000 1.000000
742.17138 1000.000000 1.000000
843.34588 1000.000000 1.000000
722.31726 1000.000000 1.000000
1045.2795 1000.000000 1.000000
1188.1738 1000.000000 1.000000
1143.1075 1000.000000 1.000000
1051.5937 1000.000000 1.000000
1021.2473 1000.000000 1.000000
1024.5058 1000.000000 1.000000
1279.5450 1000.000000 1.000000
1070.7419 1000.000000 1.000000
1748.9694 1000.000000 1.000000
2225.5581 1000.000000 1.000000
1166.2352 1000.000000 1.000000
1074.7723 1000.000000 1.000000
1211.2757 1000.000000 1.000000
2284.1189 1000.000000 1.000000
1628.9563 1000.000000 1.000000
867.27404 1000.000000 1.000000
976.73156 1000.000000 1.000000
1590.7061 1000.000000 1.000000
1286.5255 1000.000000 1.000000
1862.328 1000.000000 1.000000
1546.0872 1000.000000 1.000000
2236.6923 1000.000000 1.000000
998.39575 1000.000000 1.000000
905.56915 1000.000000 1.000000
713.38678 1000.000000 1.000000
1031.2117 1000.000000 1.000000
961.75628 1000.000000 1.000000
1747.3457 1000.000000 1.000000
1431.5767 1000.000000 1.000000
982.13000 1000.000000 1.000000
854.54388 1000.000000 1.000000
897.88928 1000.000000 1.000000
2089.6909 1000.000000 1.000000
1045.7305 1000.000000 1.000000
993.63836 1000.000000 1.000000
845.57110 1000.000000 1.000000
1701.1342 1000.000000 1.000000
1160.6844 1000.000000 1.000000
1364.2002 1000.000000 1.000000
892.32672 1000.000000 1.000000
980.17425 1000.000000 1.000000
1019.2231 1000.000000 1.000000
1361.8665 1000.000000 1.000000
1119.3005 1000.000000 1.000000
1081.9807 1000.000000 1.000000
1010.2092 1000.000000 1.000000
950.12908 1000.000000 1.000000
1177.2116 1000.000000 1.000000
1079.5164 1000.000000 1.000000
1295.8046 1000.000000 1.000000
3664.4094 1000.000000 1.000000
1010.9041 1000.000000 1.000000
1058.4502 1000.000000 1.000000
860.79888 1000.000000 1.000000
1080.6127 1000.000000 1.000000
810.62670 1000.000000 1.000000
1012.3300 1000.000000 1.000000
768.12823 1000.000000 1.000000
813.24914 1000.000000 1.000000
765.84521 1000.000000 1.000000
845.97198 1000.000000 1.000000
1404.0142 1000.000000 1.000000
721.38641 1000.000000 1.000000
1161.6353 1000.000000 1.000000
1100.1801 1000.000000 1.000000
812.76293 1000.000000 1.000000
1978.1467 1000.000000 1.000000
1570.4365 1000.000000 1.000000
981.29260 1000.000000 1.000000
1138.7801 1000.000000 1.000000
992.27984 1000.000000 1.000000
866.51348 1000.000000 1.000000
1126.0336 1000.000000 1.000000
965.10308 1000.000000 1.000000
1420.8513 1000.000000 1.000000
814.42730 1000.000000 1.000000
857.04583 1000.000000 1.000000
3352.6804 1000.000000 1.000000
885.43017 1000.000000 1.000000
892.88262 1000.000000 1.000000
1488.2222 1000.000000 1.000000
2793.9875 1000.000000 1.000000
1064.4757 1000.000000 1.000000
1234.9814 1000.000000 1.000000
1140.6179 1000.000000 1.000000
1468.8667 1000.000000 1.000000
1090.9408 1000.000000 1.000000
1109.9948 1000.000000 1.000000
1295.4019 1000.000000 1.000000
1039.6009 1000.000000 1.000000
3677.0261 1000.000000 1.000000
832.81140 1000.000000 1.000000
1463.3217 1000.000000 1.000000
682.02838 1000.000000 1.000000
972.60614 1000.000000 1.000000
790.82507 1000.000000 1.000000
1919.0385 1000.000000 1.000000
2834.3156 1000.000000 1.000000
1040.2607 1000.000000 1.000000
1078.0983 1000.000000 1.000000
658.84314 1000.000000 1.000000
950.26220 1000.000000 1.000000
2310.7946 1000.000000 1.000000
952.63232 1000.000000 1.000000
1775.3994 1000.000000 1.000000
1373.6232 1000.000000 1.000000
791.12359 1000.000000 1.000000
1008.8284 1000.000000 1.000000
2044.3741 1000.000000 1.000000
992.03741 1000.000000 1.000000
1895.1436 1000.000000 1.000000
1542.7365 1000.000000 1.000000
983.40362 1000.000000 1.000000
1017.6679 1000.000000 1.000000
1164.9333 1000.000000 1.000000
999.24060 1000.000000 1.000000
1010.9147 1000.000000 1.000000
1078.3184 1000.000000 1.000000
1672.5440 1000.000000 1.000000
1498.9577 1000.000000 1.000000
1733.7733 1000.000000 1.000000
886.67669 1000.000000 1.000000
594.03955 1000.000000 1.000000
1941.1789 1000.000000 1.000000
2061.8173 1000.000000 1.000000
996.75903 1000.000000 1.000000
1254.2037 1000.000000 1.000000
1316.4649 1000.000000 1.000000
1083.7301 1000.000000 1.000000
1055.8580 1000.000000 1.000000
689.60693 1000.000000 1.000000
1150.8292 1000.000000 1.000000
1609.9231 1000.000000 1.000000
1381.9357 1000.000000 1.000000
1242.3643 1000.000000 1.000000
914.89154 1000.000000 1.000000
1100.3811 1000.000000 1.000000
1273.6699 1000.000000 1.000000
1358.6214 1000.000000 1.000000
885.50390 1000.000000 1.000000
1108.2677 1000.000000 1.000000
1391.8990 1000.000000 1.000000
936.16272 1000.000000 1.000000
1038.2921 1000.000000 1.000000
1065.0575 1000.000000 1.000000
1034.5679 1000.000000 1.000000
948.77154 1000.000000 1.000000
733.85791 1000.000000 1.000000
979.96325 1000.000000 1.000000
1516.9937 1000.000000 1.000000
896.53271 1000.000000 1.000000
1042.3260 1000.000000 1.000000
1010.9495 1000.000000 1.000000
1103.2437 1000.000000 1.000000
927.52539 1000.000000 1.000000
1023.5100 1000.000000 1.000000
1547.4754 1000.000000 1.000000
951.32672 1000.000000 1.000000
1276.5246 1000.000000 1.000000
1103.5678 1000.000000 1.000000
933.91851 1000.000000 1.000000
943.14508 1000.000000 1.000000
1197.4033 1000.000000 1.000000
955.60095 1000.000000 1.000000
1491.2843 1000.000000 1.000000
1078.0395 1000.000000 1.000000
1494.1870 1000.000000 1.000000
894.48669 1000.000000 1.000000
978.24877 1000.000000 1.000000
496.70755 1000.000000 1.000000
965.24682 1000.000000 1.000000
1313.2907 1000.000000 1.000000
1476.7404 1000.000000 1.000000
885.15594 1000.000000 1.000000
929.60137 1000.000000 1.000000
893.97607 1000.000000 1.000000
1010.7285 1000.000000 1.000000
1302.8075 1000.000000 1.000000
809.07501 1000.000000 1.000000
966.43176 1000.000000 1.000000
670.34521 1000.000000 1.000000
1000.1193 1000.000000 1.000000
988.70251 1000.000000 1.000000
1426.4514 1000.000000 1.000000
1684.1712 1000.000000 1.000000
1091.9907 1000.000000 1.000000
889.06543 1000.000000 1.000000
 874.9375 1000.000000 1.000000
1067.1934 1000.000000 1.000000
2002.6032 1000.000000 1.000000
929.88678 1000.000000 1.000000
1320.4314 1000.000000 1.000000
982.54510 1000.000000 1.000000
1060.3393 1000.000000 1.000000
1580.9346 1000.000000 1.000000
1293.3748 1000.000000 1.000000
3318.1377 1000.000000 1.000000
1275.8624 1000.000000 1.000000
1359.6125 1000.000000 1.000000
1358.9067 1000.000000 1.000000
1139.3951 1000.000000 1.000000
967.53418 1000.000000 1.000000
1048.2244 1000.000000 1.000000
1398.8994 1000.000000 1.000000
1117.2158 1000.000000 1.000000
1123.1765 1000.000000 1.000000
1333.3183 1000.000000 1.000000
1053.8979 1000.000000 1.000000
1013.4952 1000.000000 1.000000
1156.8709 1000.000000 1.000000
942.39697 1000.000000 1.000000
1109.0257 1000.000000 1.000000
1023.3961 1000.000000 1.000000
1529.9472 1000.000000 1.000000
1798.2814 1000.000000 1.000000
953.55749 1000.000000 1.000000
1168.5881 1000.000000 1.000000
1729.6137 1000.000000 1.000000
1392.0648 1000.000000 1.000000
798.08587 1000.000000 1.000000
1536.4527 1000.000000 1.000000
1971.6591 1000.000000 1.000000
1221.1848 1000.000000 1.000000
1006.8075 1000.000000 1.000000
821.40551 1000.000000 1.000000
897.46765 1000.000000 1.000000
1404.7891 1000.000000 1.000000
2659.3933 1000.000000 1.000000
1364.1198 1000.000000 1.000000
1229.4043 1000.000000 1.000000
752.98522 1000.000000 1.000000
985.27032 1000.000000 1.000000
1405.7832 1000.000000 1.000000
2225.1176 1000.000000 1.000000
1262.1627 1000.000000 1.000000
1008.7657 1000.000000 1.000000
1025.7882 1000.000000 1.000000
1157.2834 1000.000000 1.000000
865.04992 1000.000000 1.000000
888.29205 1000.000000 1.000000
1043.7727 1000.000000 1.000000
855.19226 1000.000000 1.000000
1073.198 1000.000000 1.000000
1227.9115 1000.000000 1.000000
1090.4598 1000.000000 1.000000
639.85443 1000.000000 1.000000
626.83111 1000.000000 1.000000
1646.3188 1000.000000 1.000000
959.54376 1000.000000 1.000000
839.70953 1000.000000 1.000000
1586.4913 1000.000000 1.000000
725.43566 1000.000000 1.000000
1280.495 1000.000000 1.000000
921.15026 1000.000000 1.000000
840.64502 1000.000000 1.000000
1249.8599 1000.000000 1.000000
1072.8980 1000.000000 1.000000
1294.7002 1000.000000 1.000000
731.43859 1000.000000 1.000000
973.28179 1000.000000 1.000000
1772.1174 1000.000000 1.000000
1341.0473 1000.000000 1.000000
915.61731 1000.000000 1.000000
1018.9482 1000.000000 1.000000
1919.927 1000.000000 1.000000
1087.4572 1000.000000 1.000000
1338.5089 1000.000000 1.000000
946.00012 1000.000000 1.000000
1197.3446 1000.000000 1.000000
856.23358 1000.000000 1.000000
1084.0795 1000.000000 1.000000
763.25048 1000.000000 1.000000
816.10070 1000.000000 1.000000
723.59777 1000.000000 1.000000
767.46820 1000.000000 1.000000
1146.0316 1000.000000 1.000000
893.42401 1000.000000 1.000000
1476.5501 1000.000000 1.000000
1904.3084 1000.000000 1.000000
1042.0955 1000.000000 1.000000
732.23382 1000.000000 1.000000
1721.3485 1000.000000 1.000000
948.45129 1000.000000 1.000000
868.11645 1000.000000 1.000000
1431.875 1000.000000 1.000000
1356.0596 1000.000000 1.000000
919.35833 1000.000000 1.000000
983.34637 1000.000000 1.000000
1519.2926 1000.000000 1.000000
837.38110 1000.000000 1.000000
801.65295 1000.000000 1.000000
1009.2402 1000.000000 1.000000
933.27380 1000.000000 1.000000
917.06665 1000.000000 1.000000
1200.2879 1000.000000 1.000000
897.09045 1000.000000 1.000000
859.13324 1000.000000 1.000000
1202.0129 1000.000000 1.000000
1061.9454 1000.000000 1.000000
1985.2905 1000.000000 1.000000
1187.1827 1000.000000 1.000000
885.70007 1000.000000 1.000000
642.83038 1000.000000 1.000000
1012.8889 1000.000000 1.000000
939.55725 1000.000000 1.000000
929.57782 1000.000000 1.000000
2487.1066 1000.000000 1.000000
1925.6054 1000.000000 1.000000
2262.6860 1000.000000 1.000000
1339.0570 1000.000000 1.000000
1146.6999 1000.000000 1.000000
1041.0952 1000.000000 1.000000
1171.9460 1000.000000 1.000000
880.50451 1000.000000 1.000000
1341.8403 1000.000000 1.000000
2110.3178 1000.000000 1.000000
1147.5294 1000.000000 1.000000
2508.5339 1000.000000 1.000000
882.59216 1000.000000 1.000000
1529.6123 1000.000000 1.000000
928.34649 1000.000000 1.000000
1488.5346 1000.000000 1.000000
1022.8916 1000.000000 1.000000
878.16009 1000.000000 1.000000
1106.6213 1000.000000 1.000000
1114.0734 1000.000000 1.000000
1888.3861 1000.000000 1.000000
1118.4072 1000.000000 1.000000
961.78082 1000.000000 1.000000
877.57489 1000.000000 1.000000
799.07135 1000.000000 1.000000
961.72900 1000.000000 1.000000
1494.2895 1000.000000 1.000000
1245.4675 1000.000000 1.000000
1394.1084 1000.000000 1.000000
742.86621 1000.000000 1.000000
967.27142 1000.000000 1.000000
1198.8114 1000.000000 1.000000
1002.1602 1000.000000 1.000000
992.67608 1000.000000 1.000000
951.86901 1000.000000 1.000000
1091.7849 1000.000000 1.000000
1114.0555 1000.000000 1.000000
1489.8242 1000.000000 1.000000
1042.5390 1000.000000 1.000000
831.81390 1000.000000 1.000000
983.93463 1000.000000 1.000000
1423.3288 1000.000000 1.000000
985.34631 1000.000000 1.000000
730.59814 1000.000000 1.000000
1192.8027 1000.000000 1.000000
1346.5642 1000.000000 1.000000
843.65002 1000.000000 1.000000
1181.8361 1000.000000 1.000000
1755.8403 1000.000000 1.000000
1520.5361 1000.000000 1.000000
1493.2076 1000.000000 1.000000
996.27191 1000.000000 1.000000
1160.2579 1000.000000 1.000000
1213.7816 1000.000000 1.000000
893.38415 1000.000000 1.000000
1000.9393 1000.000000 1.000000
936.90313 1000.000000 1.000000
874.89715 1000.000000 1.000000
1895.7352 1000.000000 1.000000
1028.3863 1000.000000 1.000000
943.58612 1000.000000 1.000000
874.44854 1000.000000 1.000000
1080.5947 1000.000000 1.000000
1094.8453 1000.000000 1.000000
938.90295 1000.000000 1.000000
1318.6384 1000.000000 1.000000
1069.6870 1000.000000 1.000000
1262.2723 1000.000000 1.000000
888.81585 1000.000000 1.000000
966.93768 1000.000000 1.000000
1134.7475 1000.000000 1.000000
1080.1839 1000.000000 1.000000
1433.8919 1000.000000 1.000000
2593.6394 1000.000000 1.000000
1534.5920 1000.000000 1.000000
1277.0294 1000.000000 1.000000
1406.3214 1000.000000 1.000000
1191.2198 1000.000000 1.000000
1973.6783 1000.000000 1.000000
1037.0964 1000.000000 1.000000
1176.9100 1000.000000 1.000000
974.54321 1000.000000 1.000000
926.85711 1000.000000 1.000000
891.69409 1000.000000 1.000000
824.20300 1000.000000 1.000000
1482.9370 1000.000000 1.000000
762.50555 1000.000000 1.000000
770.68762 1000.000000 1.000000
1358.2420 1000.000000 1.000000
735.31738 1000.000000 1.000000
1065.9554 1000.000000 1.000000
604.69592 1000.000000 1.000000
836.18133 1000.000000 1.000000
930.03875 1000.000000 1.000000
948.14819 1000.000000 1.000000
1164.3992 1000.000000 1.000000
1020.7786 1000.000000 1.000000
1579.1092 1000.000000 1.000000
3244.4860 1000.000000 1.000000
867.39874 1000.000000 1.000000
1291.7144 1000.000000 1.000000
1345.6254 1000.000000 1.000000
965.66815 1000.000000 1.000000
1046.6645 1000.000000 1.000000
1102.3117 1000.000000 1.000000
970.89196 1000.000000 1.000000
1008.5681 1000.000000 1.000000
874.54126 1000.000000 1.000000
924.06280 1000.000000 1.000000
1057.8217 1000.000000 1.000000
1450.4726 1000.000000 1.000000
1048.8759 1000.000000 1.000000
1023.492 1000.000000 1.000000
2130.0078 1000.000000 1.000000
1147.4165 1000.000000 1.000000
1085.9801 1000.000000 1.000000
873.74939 1000.000000 1.000000
587.83868 1000.000000 1.000000
1922.8609 1000.000000 1.000000
1424.4948 1000.000000 1.000000
1146.9405 1000.000000 1.000000
1782.6341 1000.000000 1.000000
1533.0223 1000.000000 1.000000
1081.2454 1000.000000 1.000000
1249.2128 1000.000000 1.000000
1737.7791 1000.000000 1.000000
1193.8483 1000.000000 1.000000
860.76428 1000.000000 1.000000
1047.3526 1000.000000 1.000000
1725.4642 1000.000000 1.000000
539.20153 1000.000000 1.000000
655.85742 1000.000000 1.000000
934.75299 1000.000000 1.000000
1104.4575 1000.000000 1.000000
2066.2976 1000.000000 1.000000
1068.3984 1000.000000 1.000000
831.93243 1000.000000 1.000000
1001.3277 1000.000000 1.000000
1254.8269 1000.000000 1.000000
1036.3560 1000.000000 1.000000
1133.2430 1000.000000 1.000000
881.95562 1000.000000 1.000000
1071.6135 1000.000000 1.000000
960.08990 1000.000000 1.000000
922.07318 1000.000000 1.000000
1228.3122 1000.000000 1.000000
835.69903 1000.000000 1.000000
1120.0841 1000.000000 1.000000
1319.8095 1000.000000 1.000000
1008.0356 1000.000000 1.000000
1863.5551 1000.000000 1.000000
929.25335 1000.000000 1.000000
1008.5476 1000.000000 1.000000
929.73547 1000.000000 1.000000
1160.7012 1000.000000 1.000000
1170.7445 1000.000000 1.000000
1309.5319 1000.000000 1.000000
1359.3065 1000.000000 1.000000
1583.1147 1000.000000 1.000000
853.06744 1000.000000 1.000000
862.83648 1000.000000 1.000000
1181.1198 1000.000000 1.000000
1076.3116 1000.000000 1.000000
1007.9802 1000.000000 1.000000
1121.7977 1000.000000 1.000000
1076.7248 1000.000000 1.000000
1418.8327 1000.000000 1.000000
1518.4500 1000.000000 1.000000
1149.5521 1000.000000 1.000000
975.86395 1000.000000 1.000000
1008.9531 1000.000000 1.000000
770.83801 1000.000000 1.000000
1003.2310 1000.000000 1.000000
1522.3563 1000.000000 1.000000
939.19458 1000.000000 1.000000
1267.1914 1000.000000 1.000000
1067.9744 1000.000000 1.000000
2314.6313 1000.000000 1.000000
1022.4356 1000.000000 1.000000
882.27722 1000.000000 1.000000
1228.8503 1000.000000 1.000000
2015.0705 1000.000000 1.000000
1194.2063 1000.000000 1.000000
3115.6970 1000.000000 1.000000
1001.7899 1000.000000 1.000000
1118.8828 1000.000000 1.000000
970.22149 1000.000000 1.000000
1373.8482 1000.000000 1.000000
1323.7749 1000.000000 1.000000
1124.5950 1000.000000 1.000000
879.66082 1000.000000 1.000000
1099.0960 1000.000000 1.000000
956.22552 1000.000000 1.000000
1043.0373 1000.000000 1.000000
900.36364 1000.000000 1.000000
947.60949 1000.000000 1.000000
1516.7263 1000.000000 1.000000
1572.4605 1000.000000 1.000000
1140.2664 1000.000000 1.000000
1033.7069 1000.000000 1.000000
975.00054 1000.000000 1.000000
795.72576 1000.000000 1.000000
1068.7301 1000.000000 1.000000
1283.8171 1000.000000 1.000000
1366.8001 1000.000000 1.000000
1753.7153 1000.000000 1.000000
909.48315 1000.000000 1.000000
1344.9450 1000.000000 1.000000
1669.6796 1000.000000 1.000000
1232.6574 1000.000000 1.000000
789.84948 1000.000000 1.000000
2090.9209 1000.000000 1.000000
871.42834 1000.000000 1.000000
1515.4565 1000.000000 1.000000
1030.9177 1000.000000 1.000000
1102.7144 1000.000000 1.000000
1400.5631 1000.000000 1.000000
1343.0793 1000.000000 1.000000
1342.9273 1000.000000 1.000000
2504.9775 1000.000000 1.000000
1084.8342 1000.000000 1.000000
1971.2722 1000.000000 1.000000
1037.5532 1000.000000 1.000000
1203.3315 1000.000000 1.000000
1334.7257 1000.000000 1.000000
950.71099 1000.000000 1.000000
1056.9348 1000.000000 1.000000
1689.5844 1000.000000 1.000000
1441.2584 1000.000000 1.000000
1374.6324 1000.000000 1.000000
927.61608 1000.000000 1.000000
1867.8026 1000.000000 1.000000
1169.3833 1000.000000 1.000000
957.00048 1000.000000 1.000000
1694.2982 1000.000000 1.000000
1320.1005 1000.000000 1.000000
1041.0587 1000.000000 1.000000
771.03527 1000.000000 1.000000
1118.1397 1000.000000 1.000000
1204.2790 1000.000000 1.000000
1240.6925 1000.000000 1.000000
984.10150 1000.000000 1.000000
958.33264 1000.000000 1.000000
973.30822 1000.000000 1.000000
1552.4489 1000.000000 1.000000
838.44604 1000.000000 1.000000
1024.8811 1000.000000 1.000000
883.67425 1000.000000 1.000000
705.05847 1000.000000 1.000000
1715.2907 1000.000000 1.000000
1028.6374 1000.000000 1.000000
1025.6895 1000.000000 1.000000
733.16711 1000.000000 1.000000
1214.7695 1000.000000 1.000000
1197.5357 1000.000000 1.000000
947.48205 1000.000000 1.000000
2247.0188 1000.000000 1.000000
1352.5427 1000.000000 1.000000
941.21411 1000.000000 1.000000
1027.7686 1000.000000 1.000000
1392.5261 1000.000000 1.000000
1136.9583 1000.000000 1.000000
849.00640 1000.000000 1.000000
1026.5476 1000.000000 1.000000
1144.5872 1000.000000 1.000000
977.90289 1000.000000 1.000000
1046.1275 1000.000000 1.000000
1019.5828 1000.000000 1.000000
2059.5461 1000.000000 1.000000
938.90722 1000.000000 1.000000
1043.7630 1000.000000 1.000000
830.34643 1000.000000 1.000000
1098.5225 1000.000000 1.000000
861.42767 1000.000000 1.000000
1053.8877 1000.000000 1.000000
1281.4714 1000.000000 1.000000
865.94885 1000.000000 1.000000
1981.1353 1000.000000 1.000000
1244.7209 1000.000000 1.000000
799.82690 1000.000000 1.000000
1366.9536 1000.000000 1.000000
856.43420 1000.000000 1.000000
948.04168 1000.000000 1.000000
840.57055 1000.000000 1.000000
897.23663 1000.000000 1.000000
1200.2968 1000.000000 1.000000
1153.7202 1000.000000 1.000000
1007.3068 1000.000000 1.000000
870.70300 1000.000000 1.000000
1205.3657 1000.000000 1.000000
1015.4752 1000.000000 1.000000
993.44238 1000.000000 1.000000
1092.6912 1000.000000 1.000000
1392.7420 1000.000000 1.000000
1074.0019 1000.000000 1.000000
888.42950 1000.000000 1.000000
1216.2404 1000.000000 1.000000
966.45703 1000.000000 1.000000
1269.7910 1000.000000 1.000000
1465.1732 1000.000000 1.000000
974.37939 1000.000000 1.000000
891.85913 1000.000000 1.000000
1773.6706 1000.000000 1.000000
879.27221 1000.000000 1.000000
1575.1969 1000.000000 1.000000
958.81353 1000.000000 1.000000
982.34088 1000.000000 1.000000
1452.2392 1000.000000 1.000000
2985.0900 1000.000000 1.000000
2030.0404 1000.000000 1.000000
731.47424 1000.000000 1.000000
1212.6886 1000.000000 1.000000
1262.5324 1000.000000 1.000000
2732.4594 1000.000000 1.000000
1124.1615 1000.000000 1.000000
1352.8903 1000.000000 1.000000
894.05767 1000.000000 1.000000
834.99359 1000.000000 1.000000
2612.5700 1000.000000 1.000000
1503.4876 1000.000000 1.000000
1204.4077 1000.000000 1.000000
790.10437 1000.000000 1.000000
951.39825 1000.000000 1.000000
904.36755 1000.000000 1.000000
1201.7592 1000.000000 1.000000
933.28454 1000.000000 1.000000
953.79296 1000.000000 1.000000
1259.1554 1000.000000 1.000000
1071.5513 1000.000000 1.000000
1076.4895 1000.000000 1.000000
1248.6965 1000.000000 1.000000
846.62329 1000.000000 1.000000
491.56204 1000.000000 1.000000
1378.0518 1000.000000 1.000000
1238.6085 1000.000000 1.000000
1099.1729 1000.000000 1.000000
1267.2545 1000.000000 1.000000
963.46667 1000.000000 1.000000
2217.3120 1000.000000 1.000000
1066.1398 1000.000000 1.000000
942.70752 1000.000000 1.000000
3395.8210 1000.000000 1.000000
920.63159 1000.000000 1.000000
2210.8586 1000.000000 1.000000
1141.1904 1000.000000 1.000000
2154.8564 1000.000000 1.000000
2809.8696 1000.000000 1.000000
2489.0007 1000.000000 1.000000
1364.2496 1000.000000 1.000000
849.79400 1000.000000 1.000000
1639.5523 1000.000000 1.000000
1016.5331 1000.000000 1.000000
948.89892 1000.000000 1.000000
1598.5764 1000.000000 1.000000
2997.5673 1000.000000 1.000000
857.52264 1000.000000 1.000000
1206.2254 1000.000000 1.000000
1502.3555 1000.000000 1.000000
806.36346 1000.000000 1.000000
1261.9226 1000.000000 1.000000
854.99633 1000.000000 1.000000
1922.4427 1000.000000 1.000000
1012.9633 1000.000000 1.000000
1023.3667 1000.000000 1.000000
1123.1914 1000.000000 1.000000
2155.0761 1000.000000 1.000000
1079.9917 1000.000000 1.000000
947.21423 1000.000000 1.000000
1190.2548 1000.000000 1.000000
1125.4897 1000.000000 1.000000
1503.2384 1000.000000 1.000000
1705.1947 1000.000000 1.000000
1026.8719 1000.000000 1.000000
1147.9655 1000.000000 1.000000
972.36151 1000.000000 1.000000
1060.1374 1000.000000 1.000000
978.53186 1000.000000 1.000000
1239.5080 1000.000000 1.000000
1040.4859 1000.000000 1.000000
986.02600 1000.000000 1.000000
4941.8183 1000.000000 1.000000
1243.2495 1000.000000 1.000000
933.47314 1000.000000 1.000000
2052.8903 1000.000000 1.000000
1008.5999 1000.000000 1.000000
1088.0443 1000.000000 1.000000
1852.1470 1000.000000 1.000000
896.42456 1000.000000 1.000000
1133.2486 1000.000000 1.000000
843.12603 1000.000000 1.000000
921.48474 1000.000000 1.000000
2924.7814 1000.000000 1.000000
1102.6923 1000.000000 1.000000
893.57165 1000.000000 1.000000
905.60510 1000.000000 1.000000
904.14312 1000.000000 1.000000
936.13201 1000.000000 1.000000
1122.4940 1000.000000 1.000000
1115.3057 1000.000000 1.000000
874.15741 1000.000000 1.000000
1113.7044 1000.000000 1.000000
1071.0336 1000.000000 1.000000
1655.8710 1000.000000 1.000000
921.36450 1000.000000 1.000000
1376.5704 1000.000000 1.000000
890.99371 1000.000000 1.000000
975.01110 1000.000000 1.000000
877.20544 1000.000000 1.000000
1010.2166 1000.000000 1.000000
1268.4694 1000.000000 1.000000
922.85992 1000.000000 1.000000
952.18359 1000.000000 1.000000
853.81268 1000.000000 1.000000
1133.8820 1000.000000 1.000000
1405.0518 1000.000000 1.000000
892.55889 1000.000000 1.000000
975.89996 1000.000000 1.000000
1350.9572 1000.000000 1.000000
895.01879 1000.000000 1.000000
1057.1673 1000.000000 1.000000
1095.8306 1000.000000 1.000000
2077.9816 1000.000000 1.000000
1060.6038 1000.000000 1.000000
1331.0344 1000.000000 1.000000
965.59002 1000.000000 1.000000
1076.8222 1000.000000 1.000000
1094.2048 1000.000000 1.000000
959.84014 1000.000000 1.000000
1044.0548 1000.000000 1.000000
3691.0703 1000.000000 1.000000
936.04333 1000.000000 1.000000
967.55078 1000.000000 1.000000
902.69622 1000.000000 1.000000
1028.1586 1000.000000 1.000000
1588.5081 1000.000000 1.000000
1557.2725 1000.000000 1.000000
1063.7348 1000.000000 1.000000
1781.0355 1000.000000 1.000000
1034.8442 1000.000000 1.000000
780.15539 1000.000000 1.000000
1529.0424 1000.000000 1.000000
994.54046 1000.000000 1.000000
636.88592 1000.000000 1.000000
970.90478 1000.000000 1.000000
909.40124 1000.000000 1.000000
1024.0029 1000.000000 1.000000
1225.7600 1000.000000 1.000000
2695.2492 1000.000000 1.000000
992.01055 1000.000000 1.000000
1044.9072 1000.000000 1.000000
624.87927 1000.000000 1.000000
1362.9996 1000.000000 1.000000
1294.7194 1000.000000 1.000000
1388.8212 1000.000000 1.000000
990.39038 1000.000000 1.000000
1956.9531 1000.000000 1.000000
908.05896 1000.000000 1.000000
1469.0712 1000.000000 1.000000
827.09747 1000.000000 1.000000
1007.3504 1000.000000 1.000000
1053.7059 1000.000000 1.000000
1062.0472 1000.000000 1.000000
955.37689 1000.000000 1.000000
786.27636 1000.000000 1.000000
1415.5682 1000.000000 1.000000
1661.5266 1000.000000 1.000000
1138.1484 1000.000000 1.000000
1168.1013 1000.000000 1.000000
966.01654 1000.000000 1.000000
1254.3657 1000.000000 1.000000
1226.1754 1000.000000 1.000000
1906.9633 1000.000000 1.000000
687.08526 1000.000000 1.000000
1064.5334 1000.000000 1.000000
1078.7060 1000.000000 1.000000
905.92169 1000.000000 1.000000
2300.1359 1000.000000 1.000000
1536.3000 1000.000000 1.000000
832.90631 1000.000000 1.000000
972.40905 1000.000000 1.000000
1215.4372 1000.000000 1.000000
4301.1401 1000.000000 1.000000
911.92187 1000.000000 1.000000
2081.0356 1000.000000 1.000000
2977.3376 1000.000000 1.000000
1816.0994 1000.000000 1.000000
1060.8165 1000.000000 1.000000
886.98254 1000.000000 1.000000
1158.5572 1000.000000 1.000000
1006.0489 1000.000000 1.000000
3869.4985 1000.000000 1.000000
1316.5900 1000.000000 1.000000
717.02502 1000.000000 1.000000
1645.7268 1000.000000 1.000000
1108.5068 1000.000000 1.000000
1608.1085 1000.000000 1.000000
2285.1435 1000.000000 1.000000
905.05316 1000.000000 1.000000
1282.2814 1000.000000 1.000000
1128.0155 1000.000000 1.000000
880.74786 1000.000000 1.000000
827.03088 1000.000000 1.000000
1248.7471 1000.000000 1.000000
1165.5120 1000.000000 1.000000
1016.9483 1000.000000 1.000000
1060.6895 1000.000000 1.000000
853.86676 1000.000000 1.000000
1069.6878 1000.000000 1.000000
1016.1244 1000.000000 1.000000
1076.2814 1000.000000 1.000000
1027.8426 1000.000000 1.000000
958.50067 1000.000000 1.000000
982.46508 1000.000000 1.000000
1579.6071 1000.000000 1.000000
914.11145 1000.000000 1.000000
1692.7402 1000.000000 1.000000
1121.7116 1000.000000 1.000000
1816.9512 1000.000000 1.000000
649.07629 1000.000000 1.000000
2794.4392 1000.000000 1.000000
1427.1988 1000.000000 1.000000
1123.7512 1000.000000 1.000000
1175.7580 1000.000000 1.000000
960.94470 1000.000000 1.000000
786.50866 1000.000000 1.000000
861.10980 1000.000000 1.000000
1530.0219 1000.000000 1.000000
884.51397 1000.000000 1.000000
944.28387 1000.000000 1.000000
937.25549 1000.000000 1.000000
1219.1519 1000.000000 1.000000
734.52691 1000.000000 1.000000
1459.4149 1000.000000 1.000000
1163.5649 1000.000000 1.000000
915.68988 1000.000000 1.000000
1133.7596 1000.000000 1.000000
974.43011 1000.000000 1.000000
785.11523 1000.000000 1.000000
1107.3629 1000.000000 1.000000
771.07067 1000.000000 1.000000
1710.4979 1000.000000 1.000000
863.58917 1000.000000 1.000000
922.89447 1000.000000 1.000000
958.45263 1000.000000 1.000000
2622.7458 1000.000000 1.000000
2061.2697 1000.000000 1.000000
1105.3732 1000.000000 1.000000
2547.8298 1000.000000 1.000000
4266.4404 1000.000000 1.000000
791.93853 1000.000000 1.000000
1220.6524 1000.000000 1.000000