1191.0727 800.000000 1.000000
771.39398 800.000000 1.000000
839.09063 800.000000 1.000000
785.89801 800.000000 1.000000
766.15972 800.000000 1.000000
1078.8189 800.000000 1.000000
1023.9199 800.000000 1.000000
1501.1564 800.000000 1.000000
619.24853 800.000000 1.000000
1103.8927 800.000000 1.000000
1752.8480 800.000000 1.000000
1110.5343 800.000000 1.000000
677.93493 800.000000 1.000000
814.70538 800.000000 1.000000
976.28772 800.000000 1.000000
1073.2817 800.000000 1.000000
949.33795 800.000000 1.000000
767.78454 800.000000 1.000000
1798.4028 800.000000 1.000000
1292.297 800.000000 1.000000
887.07623 800.000000 1.000000
804.22283 800.000000 1.000000
908.50561 800.000000 1.000000
755.37103 800.000000 1.000000
754.80651 800.000000 1.000000
878.64392 800.000000 1.000000
1365.0178 800.000000 1.000000
738.95983 800.000000 1.000000
759.45190 800.000000 1.000000
864.14099 800.000000 1.000000
1120.0950 800.000000 1.000000
794.36431 800.000000 1.000000
1206.7750 800.000000 1.000000
1422.8757 800.000000 1.000000
1573.2508 800.000000 1.000000
708.67089 800.000000 1.000000
851.94506 800.000000 1.000000
857.12713 800.000000 1.000000
783.11932 800.000000 1.000000
875.88513 800.000000 1.000000
668.68493 800.000000 1.000000
761.62872 800.000000 1.000000
1036.8884 800.000000 1.000000
798.14733 800.000000 1.000000
823.12384 800.000000 1.000000
1190.5831 800.000000 1.000000
1007.2087 800.000000 1.000000
897.95105 800.000000 1.000000
913.20904 800.000000 1.000000
752.49792 800.000000 1.000000
885.09057 800.000000 1.000000
710.94812 800.000000 1.000000
847.77935 800.000000 1.000000
784.43914 800.000000 1.000000
674.36212 800.000000 1.000000
716.46002 800.000000 1.000000
815.31726 800.000000 1.000000
1439.1668 800.000000 1.000000
1789.0242 800.000000 1.000000
768.40588 800.000000 1.000000
616.49127 800.000000 1.000000
958.43609 800.000000 1.000000
634.95275 800.000000 1.000000
1548.8284 800.000000 1.000000
721.22088 800.000000 1.000000
721.97955 800.000000 1.000000
859.07257 800.000000 1.000000
694.37609 800.000000 1.000000
947.82653 800.000000 1.000000
1652.5836 800.000000 1.000000
776.33435 800.000000 1.000000
1597.1925 800.000000 1.000000
861.05346 800.000000 1.000000
871.11022 800.000000 1.000000
1114.3284 800.000000 1.000000
808.63934 800.000000 1.000000
721.61279 800.000000 1.000000
720.60278 800.000000 1.000000
1222.9824 800.000000 1.000000
823.50952 800.000000 1.000000
768.01794 800.000000 1.000000
1275.5573 800.000000 1.000000
1390.8962 800.000000 1.000000
874.05523 800.000000 1.000000
775.37451 800.000000 1.000000
1147.9332 800.000000 1.000000
804.60913 800.000000 1.000000
684.51532 800.000000 1.000000
678.67205 800.000000 1.000000
877.45745 800.000000 1.000000
988.13458 800.000000 1.000000
692.84631 800.000000 1.000000
1536.2822 800.000000 1.000000
876.16174 800.000000 1.000000
819.37579 800.000000 1.000000
728.57537 800.000000 1.000000
1050.0627 800.000000 1.000000
928.79174 800.000000 1.000000
919.93682 800.000000 1.000000
816.99078 800.000000 1.000000
677.98010 800.000000 1.000000
1244.6735 800.000000 1.000000
800.64837 800.000000 1.000000
826.43212 800.000000 1.000000
883.79052 800.000000 1.000000
1982.9686 800.000000 1.000000
772.71533 800.000000 1.000000
796.77111 800.000000 1.000000
943.65289 800.000000 1.000000
1784.7324 800.000000 1.000000
784.01538 800.000000 1.000000
4007.0754 800.000000 1.000000
1132.1939 800.000000 1.000000
1145.7938 800.000000 1.000000
764.03704 800.000000 1.000000
702.22546 800.000000 1.000000
664.95489 800.000000 1.000000
1093.1245 800.000000 1.000000
800.83850 800.000000 1.000000
937.25860 800.000000 1.000000
1116.8925 800.000000 1.000000
716.09832 800.000000 1.000000
826.06866 800.000000 1.000000
737.66613 800.000000 1.000000
1474.6793 800.000000 1.000000
926.66223 800.000000 1.000000
719.08551 800.000000 1.000000
849.04864 800.000000 1.000000
1144.9873 800.000000 1.000000
595.83715 800.000000 1.000000
787.85382 800.000000 1.000000
794.45105 800.000000 1.000000
1862.0360 800.000000 1.000000
1048.3806 800.000000 1.000000
1269.5662 800.000000 1.000000
875.54022 800.000000 1.000000
743.56750 800.000000 1.000000
680.59130 800.000000 1.000000
766.35107 800.000000 1.000000
679.36932 800.000000 1.000000
727.57861 800.000000 1.000000
896.19049 800.000000 1.000000
1167.4824 800.000000 1.000000
748.54638 800.000000 1.000000
991.91302 800.000000 1.000000
1552.2443 800.000000 1.000000
1174.3862 800.000000 1.000000
764.74078 800.000000 1.000000
1240.8505 800.000000 1.000000
1988.2771 800.000000 1.000000
1332.4405 800.000000 1.000000
1027.2735 800.000000 1.000000
856.63855 800.000000 1.000000
1690.3308 800.000000 1.000000
1654.4431 800.000000 1.000000
786.91436 800.000000 1.000000
877.51135 800.000000 1.000000
1025.2473 800.000000 1.000000
819.56182 800.000000 1.000000
695.14770 800.000000 1.000000
1099.0938 800.000000 1.000000
831.15838 800.000000 1.000000
1062.3425 800.000000 1.000000
705.80505 800.000000 1.000000
868.34454 800.000000 1.000000
739.46630 800.000000 1.000000
586.56457 800.000000 1.000000
1146.4737 800.000000 1.000000
774.97436 800.000000 1.000000
860.43432 800.000000 1.000000
628.60675 800.000000 1.000000
871.84783 800.000000 1.000000
899.35583 800.000000 1.000000
796.84021 800.000000 1.000000
1039.4987 800.000000 1.000000
945.73889 800.000000 1.000000
1094.7966 800.000000 1.000000
713.82159 800.000000 1.000000
697.53857 800.000000 1.000000
820.60815 800.000000 1.000000
867.07733 800.000000 1.000000
835.53686 800.000000 1.000000
967.96502 800.000000 1.000000
 746.2995 800.000000 1.000000
1073.5579 800.000000 1.000000
746.31787 800.000000 1.000000
691.44470 800.000000 1.000000
2560.1464 800.000000 1.000000
950.44256 800.000000 1.000000
981.81073 800.000000 1.000000
697.36102 800.000000 1.000000
1260.7545 800.000000 1.000000
928.90612 800.000000 1.000000
765.06304 800.000000 1.000000
947.58783 800.000000 1.000000
1156.2701 800.000000 1.000000
612.02990 800.000000 1.000000
1242.0979 800.000000 1.000000
598.60705 800.000000 1.000000
756.71600 800.000000 1.000000
1084.2902 800.000000 1.000000
2478.4816 800.000000 1.000000
808.41436 800.000000 1.000000
880.97637 800.000000 1.000000
1405.6114 800.000000 1.000000
826.40191 800.000000 1.000000
2679.5949 800.000000 1.000000
1128.6093 800.000000 1.000000
1410.3853 800.000000 1.000000
746.90136 800.000000 1.000000
894.57305 800.000000 1.000000
751.42364 800.000000 1.000000
835.10607 800.000000 1.000000
653.54022 800.000000 1.000000
1029.3031 800.000000 1.000000
1368.2365 800.000000 1.000000
1220.6588 800.000000 1.000000
860.97863 800.000000 1.000000
724.16918 800.000000 1.000000
796.75360 800.000000 1.000000
971.91528 800.000000 1.000000
670.21350 800.000000 1.000000
2672.3242 800.000000 1.000000
934.73022 800.000000 1.000000
755.53137 800.000000 1.000000
911.15979 800.000000 1.000000
1421.5770 800.000000 1.000000
1364.2220 800.000000 1.000000
458.94546 800.000000 1.000000
1121.4044 800.000000 1.000000
970.87561 800.000000 1.000000
738.02771 800.000000 1.000000
717.04510 800.000000 1.000000
951.62359 800.000000 1.000000
1218.5615 800.000000 1.000000
840.34320 800.000000 1.000000
774.36956 800.000000 1.000000
958.03460 800.000000 1.000000
841.90344 800.000000 1.000000
718.32897 800.000000 1.000000
671.27435 800.000000 1.000000
790.66461 800.000000 1.000000
672.34393 800.000000 1.000000
993.13140 800.000000 1.000000
1041.6206 800.000000 1.000000
1161.6267 800.000000 1.000000
909.13977 800.000000 1.000000
905.14819 800.000000 1.000000
1881.5577 800.000000 1.000000
957.11401 800.000000 1.000000
914.30786 800.000000 1.000000
793.42547 800.000000 1.000000
913.47772 800.000000 1.000000
641.38159 800.000000 1.000000
2160.5168 800.000000 1.000000
1034.8094 800.000000 1.000000
682.99932 800.000000 1.000000
1665.9639 800.000000 1.000000
 945.2677 800.000000 1.000000
891.38153 800.000000 1.000000
882.97821 800.000000 1.000000
927.24456 800.000000 1.000000
1364.9552 800.000000 1.000000
1224.6355 800.000000 1.000000
1442.3656 800.000000 1.000000
992.33062 800.000000 1.000000
733.52185 800.000000 1.000000
927.32745 800.000000 1.000000
851.87127 800.000000 1.000000
668.82299 800.000000 1.000000
886.80926 800.000000 1.000000
716.50946 800.000000 1.000000
751.67895 800.000000 1.000000
798.00341 800.000000 1.000000
849.26672 800.000000 1.000000
1042.9421 800.000000 1.000000
1496.3126 800.000000 1.000000
1313.8725 800.000000 1.000000
1115.7741 800.000000 1.000000
1293.6350 800.000000 1.000000
627.88433 800.000000 1.000000
912.71508 800.000000 1.000000
1154.0607 800.000000 1.000000
900.70977 800.000000 1.000000
815.88610 800.000000 1.000000
978.14306 800.000000 1.000000
923.30188 800.000000 1.000000
1037.2738 800.000000 1.000000
863.78613 800.000000 1.000000
1289.6225 800.000000 1.000000
779.42303 800.000000 1.000000
861.33129 800.000000 1.000000
1210.2396 800.000000 1.000000
792.07824 800.000000 1.000000
949.50128 800.000000 1.000000
1827.2519 800.000000 1.000000
1241.021 800.000000 1.000000
798.28118 800.000000 1.000000
863.61566 800.000000 1.000000
746.53387 800.000000 1.000000
699.138 800.000000 1.000000
795.67089 800.000000 1.000000
807.45172 800.000000 1.000000
702.35980 800.000000 1.000000
732.57031 800.000000 1.000000
1345.4992 800.000000 1.000000
962.61431 800.000000 1.000000
842.07617 800.000000 1.000000
757.62414 800.000000 1.000000
1271.4248 800.000000 1.000000
842.29205 800.000000 1.000000
1101.8176 800.000000 1.000000
1099.9283 800.000000 1.000000
1413.2927 800.000000 1.000000
1168.6163 800.000000 1.000000
837.11828 800.000000 1.000000
759.12799 800.000000 1.000000
737.78051 800.000000 1.000000
657.00488 800.000000 1.000000
971.17804 800.000000 1.000000
716.10607 800.000000 1.000000
1483.0085 800.000000 1.000000
1006.8068 800.000000 1.000000
551.10589 800.000000 1.000000
640.15716 800.000000 1.000000
721.71240 800.000000 1.000000
923.35461 800.000000 1.000000
846.06097 800.000000 1.000000
994.62841 800.000000 1.000000
936.61383 800.000000 1.000000
737.77313 800.000000 1.000000
1123.8059 800.000000 1.000000
706.36535 800.000000 1.000000
1217.8691 800.000000 1.000000
513.81494 800.000000 1.000000
2415.6457 800.000000 1.000000
621.12042 800.000000 1.000000
854.39697 800.000000 1.000000
892.88891 800.000000 1.000000
1286.4943 800.000000 1.000000
855.85040 800.000000 1.000000
854.88385 800.000000 1.000000
928.09491 800.000000 1.000000
700.13513 800.000000 1.000000
831.64489 800.000000 1.000000
921.74725 800.000000 1.000000
722.03155 800.000000 1.000000
1762.7293 800.000000 1.000000
895.77514 800.000000 1.000000
1664.7817 800.000000 1.000000
1099.3486 800.000000 1.000000
1531.9959 800.000000 1.000000
676.87329 800.000000 1.000000
988.99371 800.000000 1.000000
925.07067 800.000000 1.000000
1053.4486 800.000000 1.000000
937.57421 800.000000 1.000000
1050.6147 800.000000 1.000000
2224.1203 800.000000 1.000000
1339.9149 800.000000 1.000000
803.46087 800.000000 1.000000
765.19226 800.000000 1.000000
730.59265 800.000000 1.000000
1174.698 800.000000 1.000000
928.66308 800.000000 1.000000
613.68707 800.000000 1.000000
1077.7121 800.000000 1.000000
908.36749 800.000000 1.000000
776.37957 800.000000 1.000000
746.03009 800.000000 1.000000
1206.4097 800.000000 1.000000
1086.7373 800.000000 1.000000
716.63000 800.000000 1.000000
976.92004 800.000000 1.000000
833.95721 800.000000 1.000000
1166.2557 800.000000 1.000000
1399.0376 800.000000 1.000000
722.64788 800.000000 1.000000
1077.6192 800.000000 1.000000
1124.6809 800.000000 1.000000
1255.4952 800.000000 1.000000
1129.5190 800.000000 1.000000
724.22113 800.000000 1.000000
759.25946 800.000000 1.000000
777.83630 800.000000 1.000000
694.43853 800.000000 1.000000
839.50860 800.000000 1.000000
805.22802 800.000000 1.000000
958.88659 800.000000 1.000000
961.49737 800.000000 1.000000
1399.1586 800.000000 1.000000
902.73242 800.000000 1.000000
1440.1197 800.000000 1.000000
548.76092 800.000000 1.000000
824.20343 800.000000 1.000000
565.36303 800.000000 1.000000
674.76007 800.000000 1.000000
821.95294 800.000000 1.000000
1370.2728 800.000000 1.000000
819.94708 800.000000 1.000000
805.99121 800.000000 1.000000
958.54644 800.000000 1.000000
839.67877 800.000000 1.000000
646.56915 800.000000 1.000000
1290.3935 800.000000 1.000000
829.68914 800.000000 1.000000
611.62884 800.000000 1.000000
1067.0205 800.000000 1.000000
1358.4190 800.000000 1.000000
800.54016 800.000000 1.000000
601.16400 800.000000 1.000000
1247.8324 800.000000 1.000000
1113.8331 800.000000 1.000000
2251.2534 800.000000 1.000000
728.21814 800.000000 1.000000
761.59320 800.000000 1.000000
811.52691 800.000000 1.000000
998.99823 800.000000 1.000000
849.39910 800.000000 1.000000
791.48449 800.000000 1.000000
546.96386 800.000000 1.000000
767.83325 800.000000 1.000000
734.49462 800.000000 1.000000
1132.729 800.000000 1.000000
901.04827 800.000000 1.000000
783.80377 800.000000 1.000000
2594.5117 800.000000 1.000000
973.71173 800.000000 1.000000
752.48846 800.000000 1.000000
1291.5765 800.000000 1.000000
799.31835 800.000000 1.000000
690.32824 800.000000 1.000000
1221.3089 800.000000 1.000000
731.01947 800.000000 1.000000
890.91302 800.000000 1.000000
882.35076 800.000000 1.000000
1481.5671 800.000000 1.000000
931.49182 800.000000 1.000000
945.45648 800.000000 1.000000
781.92718 800.000000 1.000000
636.36779 800.000000 1.000000
1582.2543 800.000000 1.000000
803.07586 800.000000 1.000000
1048.4992 800.000000 1.000000
776.89697 800.000000 1.000000
981.23315 800.000000 1.000000
945.45727 800.000000 1.000000
851.97247 800.000000 1.000000
1206.9400 800.000000 1.000000
681.63952 800.000000 1.000000
1276.6665 800.000000 1.000000
875.43963 800.000000 1.000000
1344.4232 800.000000 1.000000
1156.1632 800.000000 1.000000
753.70709 800.000000 1.000000
1117.5413 800.000000 1.000000
709.16613 800.000000 1.000000
799.04064 800.000000 1.000000
1455.6674 800.000000 1.000000
718.48474 800.000000 1.000000
737.29931 800.000000 1.000000
738.10455 800.000000 1.000000
 999.7995 800.000000 1.000000
702.90148 800.000000 1.000000
800.40026 800.000000 1.000000
1346.3267 800.000000 1.000000
1375.4614 800.000000 1.000000
736.34271 800.000000 1.000000
962.98638 800.000000 1.000000
759.42382 800.000000 1.000000
870.60845 800.000000 1.000000
948.38970 800.000000 1.000000
963.05969 800.000000 1.000000
831.01666 800.000000 1.000000
1254.1486 800.000000 1.000000
894.71563 800.000000 1.000000
507.20114 800.000000 1.000000
4468.2714 800.000000 1.000000
776.53765 800.000000 1.000000
918.40283 800.000000 1.000000
1236.9614 800.000000 1.000000
1225.8177 800.000000 1.000000
834.16107 800.000000 1.000000
725.11486 800.000000 1.000000
546.50463 800.000000 1.000000
809.47448 800.000000 1.000000
1520.7998 800.000000 1.000000
1311.4909 800.000000 1.000000
1105.5230 800.000000 1.000000
881.77966 800.000000 1.000000
917.88757 800.000000 1.000000
1696.5820 800.000000 1.000000
1406.0671 800.000000 1.000000
768.20397 800.000000 1.000000
923.88983 800.000000 1.000000
786.47467 800.000000 1.000000
1283.7609 800.000000 1.000000
782.08367 800.000000 1.000000
1170.7310 800.000000 1.000000
1172.7594 800.000000 1.000000
853.18438 800.000000 1.000000
793.14178 800.000000 1.000000
829.39715 800.000000 1.000000
824.02148 800.000000 1.000000
947.85998 800.000000 1.000000
1011.6704 800.000000 1.000000
801.56774 800.000000 1.000000
1915.6572 800.000000 1.000000
476.85974 800.000000 1.000000
625.43829 800.000000 1.000000
725.56878 800.000000 1.000000
751.27612 800.000000 1.000000
667.38287 800.000000 1.000000
770.26898 800.000000 1.000000
809.14514 800.000000 1.000000
1172.2668 800.000000 1.000000
917.50518 800.000000 1.000000
1435.4326 800.000000 1.000000
1392.4404 800.000000 1.000000
696.88879 800.000000 1.000000
813.94262 800.000000 1.000000
777.59356 800.000000 1.000000
1198.6871 800.000000 1.000000
927.33392 800.000000 1.000000
1284.1716 800.000000 1.000000
802.81781 800.000000 1.000000
925.93896 800.000000 1.000000
780.79766 800.000000 1.000000
762.27960 800.000000 1.000000
1702.3555 800.000000 1.000000
1360.9729 800.000000 1.000000
733.72595 800.000000 1.000000
883.19146 800.000000 1.000000
760.92810 800.000000 1.000000
891.21020 800.000000 1.000000
776.75762 800.000000 1.000000
1417.4375 800.000000 1.000000
1877.2723 800.000000 1.000000
1028.8734 800.000000 1.000000
845.02002 800.000000 1.000000
961.54669 800.000000 1.000000
571.11602 800.000000 1.000000
1450.9641 800.000000 1.000000
747.80169 800.000000 1.000000
811.99951 800.000000 1.000000
971.37872 800.000000 1.000000
676.81390 800.000000 1.000000
1003.3632 800.000000 1.000000
802.20098 800.000000 1.000000
1134.6530 800.000000 1.000000
892.07366 800.000000 1.000000
744.21630 800.000000 1.000000
869.26452 800.000000 1.000000
1122.9060 800.000000 1.000000
723.49798 800.000000 1.000000
572.46759 800.000000 1.000000
727.56481 800.000000 1.000000
862.25897 800.000000 1.000000
688.73944 800.000000 1.000000
1608.2522 800.000000 1.000000
779.19024 800.000000 1.000000
1283.4349 800.000000 1.000000
885.42736 800.000000 1.000000
739.76409 800.000000 1.000000
1174.3096 800.000000 1.000000
752.73547 800.000000 1.000000
1033.2072 800.000000 1.000000
757.62023 800.000000 1.000000
1390.9233 800.000000 1.000000
816.32183 800.000000 1.000000
944.83123 800.000000 1.000000
909.07873 800.000000 1.000000
1198.4683 800.000000 1.000000
2697.3979 800.000000 1.000000
860.90057 800.000000 1.000000
1035.5399 800.000000 1.000000
777.04803 800.000000 1.000000
812.25012 800.000000 1.000000
1065.5218 800.000000 1.000000
871.81622 800.000000 1.000000
1060.7075 800.000000 1.000000
1132.9570 800.000000 1.000000
785.86615 800.000000 1.000000
831.06793 800.000000 1.000000
829.49145 800.000000 1.000000
1265.3338 800.000000 1.000000
2006.9466 800.000000 1.000000
629.54760 800.000000 1.000000
902.11346 800.000000 1.000000
666.62194 800.000000 1.000000
770.69201 800.000000 1.000000
937.19635 800.000000 1.000000
830.60046 800.000000 1.000000
789.04663 800.000000 1.000000
1097.8527 800.000000 1.000000
1334.9111 800.000000 1.000000
666.42272 800.000000 1.000000
1207.4605 800.000000 1.000000
1069.6307 800.000000 1.000000
904.70245 800.000000 1.000000
537.22723 800.000000 1.000000
720.27136 800.000000 1.000000
698.93817 800.000000 1.000000
606.49346 800.000000 1.000000
568.60736 800.000000 1.000000
1024.8250 800.000000 1.000000
1451.3154 800.000000 1.000000
698.22113 800.000000 1.000000
740.96136 800.000000 1.000000
908.47430 800.000000 1.000000
691.49383 800.000000 1.000000
741.78338 800.000000 1.000000
679.74676 800.000000 1.000000
965.37066 800.000000 1.000000
596.38745 800.000000 1.000000
805.46069 800.000000 1.000000
800.81652 800.000000 1.000000
662.56494 800.000000 1.000000
1364.0627 800.000000 1.000000
624.89221 800.000000 1.000000
726.53289 800.000000 1.000000
866.13018 800.000000 1.000000
1258.2388 800.000000 1.000000
1864.4107 800.000000 1.000000
837.71789 800.000000 1.000000
818.00262 800.000000 1.000000
1044.2929 800.000000 1.000000
2117.3149 800.000000 1.000000
867.66381 800.000000 1.000000
1095.3072 800.000000 1.000000
1079.2828 800.000000 1.000000
804.75109 800.000000 1.000000
934.55108 800.000000 1.000000
930.86486 800.000000 1.000000
782.70538 800.000000 1.000000
652.19348 800.000000 1.000000
1286.9154 800.000000 1.000000
708.92981 800.000000 1.000000
982.78692 800.000000 1.000000
696.13195 800.000000 1.000000
924.90222 800.000000 1.000000
728.88281 800.000000 1.000000
959.42523 800.000000 1.000000
886.85949 800.000000 1.000000
1341.4403 800.000000 1.000000
842.91186 800.000000 1.000000
594.86865 800.000000 1.000000
779.40710 800.000000 1.000000
657.36401 800.000000 1.000000
1347.9978 800.000000 1.000000
733.47601 800.000000 1.000000
1229.2281 800.000000 1.000000
666.70806 800.000000 1.000000
866.89550 800.000000 1.000000
1126.7579 800.000000 1.000000
737.26452 800.000000 1.000000
1712.3928 800.000000 1.000000
1015.0837 800.000000 1.000000
863.77325 800.000000 1.000000
520.60070 800.000000 1.000000
863.10876 800.000000 1.000000
857.48492 800.000000 1.000000
755.40625 800.000000 1.000000
988.33557 800.000000 1.000000
1001.3106 800.000000 1.000000
804.47100 800.000000 1.000000
1801.7553 800.000000 1.000000
630.16857 800.000000 1.000000
890.82843 800.000000 1.000000
862.98034 800.000000 1.000000
681.16644 800.000000 1.000000
1104.4057 800.000000 1.000000
727.75518 800.000000 1.000000
1610.6967 800.000000 1.000000
751.37457 800.000000 1.000000
1203.7407 800.000000 1.000000
808.32513 800.000000 1.000000
789.14093 800.000000 1.000000
803.55554 800.000000 1.000000
757.79907 800.000000 1.000000
923.40551 800.000000 1.000000
652.39355 800.000000 1.000000
881.20306 800.000000 1.000000
618.72766 800.000000 1.000000
750.28265 800.000000 1.000000
847.53021 800.000000 1.000000
753.86639 800.000000 1.000000
1027.8166 800.000000 1.000000
947.41003 800.000000 1.000000
818.31817 800.000000 1.000000
760.28210 800.000000 1.000000
721.92279 800.000000 1.000000
675.40484 800.000000 1.000000
881.47894 800.000000 1.000000
1657.6987 800.000000 1.000000
1065.8136 800.000000 1.000000
851.10742 800.000000 1.000000
1022.5530 800.000000 1.000000
1090.4926 800.000000 1.000000
1042.7714 800.000000 1.000000
672.59771 800.000000 1.000000
765.15502 800.000000 1.000000
878.78765 800.000000 1.000000
2341.2272 800.000000 1.000000
686.38501 800.000000 1.000000
1745.1298 800.000000 1.000000
723.16308 800.000000 1.000000
1141.8897 800.000000 1.000000
914.49792 800.000000 1.000000
963.63208 800.000000 1.000000
622.34289 800.000000 1.000000
993.47210 800.000000 1.000000
1099.6207 800.000000 1.000000
837.03094 800.000000 1.000000
768.51892 800.000000 1.000000
1313.0094 800.000000 1.000000
854.13134 800.000000 1.000000
877.46838 800.000000 1.000000
1267.0777 800.000000 1.000000
815.32452 800.000000 1.000000
1198.2573 800.000000 1.000000
769.75970 800.000000 1.000000
983.45196 800.000000 1.000000
785.41223 800.000000 1.000000
764.66070 800.000000 1.000000
844.85034 800.000000 1.000000
1221.7987 800.000000 1.000000
1019.5945 800.000000 1.000000
843.61969 800.000000 1.000000
858.09442 800.000000 1.000000
915.16217 800.000000 1.000000
742.65106 800.000000 1.000000
837.00531 800.000000 1.000000
879.62634 800.000000 1.000000
2213.1750 800.000000 1.000000
835.28601 800.000000 1.000000
783.79626 800.000000 1.000000
763.24542 800.000000 1.000000
2800.9531 800.000000 1.000000
649.42047 800.000000 1.000000
808.65289 800.000000 1.000000
472.99072 800.000000 1.000000
883.65838 800.000000 1.000000
1244.7012 800.000000 1.000000
1123.9680 800.000000 1.000000
1187.4124 800.000000 1.000000
1791.4715 800.000000 1.000000
1222.8078 800.000000 1.000000
669.54144 800.000000 1.000000
828.88549 800.000000 1.000000
1460.7868 800.000000 1.000000
660.70922 800.000000 1.000000
676.13214 800.000000 1.000000
1027.7967 800.000000 1.000000
1928.6953 800.000000 1.000000
842.45159 800.000000 1.000000
1552.7951 800.000000 1.000000
1270.8216 800.000000 1.000000
903.78753 800.000000 1.000000
858.07653 800.000000 1.000000
1057.1492 800.000000 1.000000
850.01757 800.000000 1.000000
712.30316 800.000000 1.000000
1055.7663 800.000000 1.000000
867.76440 800.000000 1.000000
1104.6516 800.000000 1.000000
648.88702 800.000000 1.000000
1065.8585 800.000000 1.000000
974.52252 800.000000 1.000000
1164.6379 800.000000 1.000000
842.01825 800.000000 1.000000
1009.1111 800.000000 1.000000
635.41058 800.000000 1.000000
2214.2907 800.000000 1.000000
700.77783 800.000000 1.000000
861.13726 800.000000 1.000000
1127.2545 800.000000 1.000000
792.90759 800.000000 1.000000
983.99328 800.000000 1.000000
1274.5744 800.000000 1.000000
724.46704 800.000000 1.000000
1407.9532 800.000000 1.000000
757.51782 800.000000 1.000000
751.70910 800.000000 1.000000
779.66680 800.000000 1.000000
754.53894 800.000000 1.000000
787.35070 800.000000 1.000000
856.72180 800.000000 1.000000
1024.7979 800.000000 1.000000
909.41717 800.000000 1.000000
861.78924 800.000000 1.000000
1097.4423 800.000000 1.000000
721.48284 800.000000 1.000000
953.00311 800.000000 1.000000
597.35986 800.000000 1.000000
973.54199 800.000000 1.000000
851.09283 800.000000 1.000000
1001.2435 800.000000 1.000000
855.14233 800.000000 1.000000
1340.2790 800.000000 1.000000
708.44384 800.000000 1.000000
759.36554 800.000000 1.000000
1150.4700 800.000000 1.000000
822.07342 800.000000 1.000000
848.17938 800.000000 1.000000
737.75683 800.000000 1.000000
804.35205 800.000000 1.000000
879.86914 800.000000 1.000000
873.04803 800.000000 1.000000
1094.3225 800.000000 1.000000
835.05004 800.000000 1.000000
1209.1671 800.000000 1.000000
910.08685 800.000000 1.000000
754.72674 800.000000 1.000000
741.34521 800.000000 1.000000
676.26037 800.000000 1.000000
1286.3255 800.000000 1.000000
846.20056 800.000000 1.000000
919.28204 800.000000 1.000000
867.90264 800.000000 1.000000
765.05810 800.000000 1.000000
902.83752 800.000000 1.000000
984.37493 800.000000 1.000000
940.50170 800.000000 1.000000
916.16046 800.000000 1.000000
748.88403 800.000000 1.000000
767.25293 800.000000 1.000000
1103.0136 800.000000 1.000000
762.86108 800.000000 1.000000
775.58831 800.000000 1.000000
824.25799 800.000000 1.000000
751.91387 800.000000 1.000000
807.79303 800.000000 1.000000
688.31170 800.000000 1.000000
1099.5075 800.000000 1.000000
1380.5311 800.000000 1.000000
722.76983 800.000000 1.000000
676.05950 800.000000 1.000000
701.93029 800.000000 1.000000
631.09326 800.000000 1.000000
735.16174 800.000000 1.000000
1847.5293 800.000000 1.000000
695.52044 800.000000 1.000000
818.09814 800.000000 1.000000
748.60162 800.000000 1.000000
789.38220 800.000000 1.000000
757.14306 800.000000 1.000000
785.37005 800.000000 1.000000
1044.8985 800.000000 1.000000
636.45428 800.000000 1.000000
750.72540 800.000000 1.000000
804.23156 800.000000 1.000000
850.59008 800.000000 1.000000
738.65533 800.000000 1.000000
771.72991 800.000000 1.000000
1226.4914 800.000000 1.000000
857.11871 800.000000 1.000000
1612.6790 800.000000 1.000000
920.81085 800.000000 1.000000
769.32617 800.000000 1.000000
1020.3851 800.000000 1.000000
2460.75 800.000000 1.000000
2590.2229 800.000000 1.000000
727.71112 800.000000 1.000000
944.82012 800.000000 1.000000
777.42321 800.000000 1.000000
995.86523 800.000000 1.000000
579.44287 800.000000 1.000000
1581.052 800.000000 1.000000
625.65802 800.000000 1.000000
2104.9284 800.000000 1.000000
1626.9536 800.000000 1.000000
817.51519 800.000000 1.000000
748.06396 800.000000 1.000000
1028.1689 800.000000 1.000000
836.27020 800.000000 1.000000
1056.8570 800.000000 1.000000
1243.9317 800.000000 1.000000
857.54058 800.000000 1.000000
962.74243 800.000000 1.000000
773.02587 800.000000 1.000000
 756.9422 800.000000 1.000000
754.42511 800.000000 1.000000
951.72680 800.000000 1.000000
760.12927 800.000000 1.000000
965.08636 800.000000 1.000000
718.29077 800.000000 1.000000
774.84808 800.000000 1.000000
1457.5490 800.000000 1.000000
1029.6014 800.000000 1.000000
795.05395 800.000000 1.000000
845.64953 800.000000 1.000000
883.24658 800.000000 1.000000
769.59594 800.000000 1.000000
686.62402 800.000000 1.000000
1464.7443 800.000000 1.000000
871.99371 800.000000 1.000000
721.11297 800.000000 1.000000
788.51312 800.000000 1.000000
1693.3618 800.000000 1.000000
809.44445 800.000000 1.000000
952.06420 800.000000 1.000000
2008.2060 800.000000 1.000000
992.27642 800.000000 1.000000
835.59405 800.000000 1.000000
947.88348 800.000000 1.000000
807.13116 800.000000 1.000000
851.76147 800.000000 1.000000
796.18328 800.000000 1.000000
757.90051 800.000000 1.000000
859.51367 800.000000 1.000000
776.41918 800.000000 1.000000
674.28686 800.000000 1.000000
1018.9021 800.000000 1.000000
854.77801 800.000000 1.000000
777.67688 800.000000 1.000000
1062.8228 800.000000 1.000000
1029.0616 800.000000 1.000000
2396.5190 800.000000 1.000000
702.74011 800.000000 1.000000
872.86529 800.000000 1.000000
662.68713 800.000000 1.000000
634.51361 800.000000 1.000000
1222.5585 800.000000 1.000000
1856.2712 800.000000 1.000000
719.95343 800.000000 1.000000
633.46295 800.000000 1.000000
 990.9375 800.000000 1.000000
1001.6971 800.000000 1.000000
686.31793 800.000000 1.000000
1008.1041 800.000000 1.000000
928.59838 800.000000 1.000000
765.44506 800.000000 1.000000
554.29168 800.000000 1.000000
2558.4445 800.000000 1.000000
1023.1517 800.000000 1.000000
821.97271 800.000000 1.000000
772.51251 800.000000 1.000000
888.70849 800.000000 1.000000
769.71289 800.000000 1.000000
1059.8696 800.000000 1.000000
997.01776 800.000000 1.000000
1311.3817 800.000000 1.000000
792.46191 800.000000 1.000000
823.37329 800.000000 1.000000
976.18682 800.000000 1.000000
944.04248 800.000000 1.000000
752.29718 800.000000 1.000000
1737.2793 800.000000 1.000000
728.32116 800.000000 1.000000
930.42120 800.000000 1.000000
663.17730 800.000000 1.000000
964.32189 800.000000 1.000000
875.70483 800.000000 1.000000
709.89013 800.000000 1.000000
828.42913 800.000000 1.000000
649.87817 800.000000 1.000000
1674.2620 800.000000 1.000000
828.89965 800.000000 1.000000
1007.6880 800.000000 1.000000
1014.5405 800.000000 1.000000
813.69549 800.000000 1.000000
646.20501 800.000000 1.000000
723.54156 800.000000 1.000000
800.90368 800.000000 1.000000
763.77008 800.000000 1.000000
639.67962 800.000000 1.000000
1355.3002 800.000000 1.000000
1017.5931 800.000000 1.000000
1285.2325 800.000000 1.000000
898.98999 800.000000 1.000000
1043.7138 800.000000 1.000000
1245.9632 800.000000 1.000000
827.89184 800.000000 1.000000
635.95636 800.000000 1.000000
680.18066 800.000000 1.000000
1163.8076 800.000000 1.000000
943.59802 800.000000 1.000000
432.04458 800.000000 1.000000
1138.0769 800.000000 1.000000
1411.8905 800.000000 1.000000
919.52325 800.000000 1.000000
1425.6406 800.000000 1.000000
686.67932 800.000000 1.000000
650.65264 800.000000 1.000000
717.94726 800.000000 1.000000
551.17852 800.000000 1.000000
746.06463 800.000000 1.000000
804.72216 800.000000 1.000000
1367.9171 800.000000 1.000000
620.13116 800.000000 1.000000
763.86712 800.000000 1.000000
751.45703 800.000000 1.000000
837.24847 800.000000 1.000000
1134.2089 800.000000 1.000000
764.90710 800.000000 1.000000
1039.6552 800.000000 1.000000
1218.3512 800.000000 1.000000
882.68975 800.000000 1.000000
1005.6662 800.000000 1.000000
841.74646 800.000000 1.000000
1320.4860 800.000000 1.000000
801.23596 800.000000 1.000000
714.79077 800.000000 1.000000
793.34643 800.000000 1.000000
1388.6107 800.000000 1.000000
784.68103 800.000000 1.000000
1053.1075 800.000000 1.000000
1084.6716 800.000000 1.000000
725.43518 800.000000 1.000000
1291.1494 800.000000 1.000000
852.52111 800.000000 1.000000
1025.4532 800.000000 1.000000
975.16638 800.000000 1.000000
1295.2858 800.000000 1.000000
812.50408 800.000000 1.000000
899.90130 800.000000 1.000000
736.86840 800.000000 1.000000
1324.1170 800.000000 1.000000
1018.5787 800.000000 1.000000
750.72338 800.000000 1.000000
872.82476 800.000000 1.000000
792.66717 800.000000 1.000000
1210.4408 800.000000 1.000000
1005.6159 800.000000 1.000000
938.39050 800.000000 1.000000
850.36425 800.000000 1.000000
2332.2714 800.000000 1.000000
1053.5211 800.000000 1.000000
817.14703 800.000000 1.000000
871.38275 800.000000 1.000000
1242.4975 800.000000 1.000000
688.74621 800.000000 1.000000
798.39007 800.000000 1.000000
740.75817 800.000000 1.000000
874.24755 800.000000 1.000000
736.46337 800.000000 1.000000
784.20013 800.000000 1.000000
863.23400 800.000000 1.000000
813.29418 800.000000 1.000000
1059.4641 800.000000 1.000000
2331.0380 800.000000 1.000000
1450.2735 800.000000 1.000000
742.86792 800.000000 1.000000
1034.7417 800.000000 1.000000
842.20782 800.000000 1.000000
918.88897 800.000000 1.000000
1322.9636 800.000000 1.000000
1012.3774 800.000000 1.000000
967.84362 800.000000 1.000000
693.98407 800.000000 1.000000
773.45294 800.000000 1.000000
796.69964 800.000000 1.000000
1388.0296 800.000000 1.000000
813.58258 800.000000 1.000000
721.41156 800.000000 1.000000
1060.7625 800.000000 1.000000
977.28143 800.000000 1.000000
788.53430 800.000000 1.000000
1501.6345 800.000000 1.000000
482.30874 800.000000 1.000000
1710.6191 800.000000 1.000000
846.73651 800.000000 1.000000
780.39971 800.000000 1.000000
1647.1407 800.000000 1.000000
1461.2554 800.000000 1.000000
2087.6162 800.000000 1.000000
856.35430 800.000000 1.000000
742.70373 800.000000 1.000000
900.98034 800.000000 1.000000
540.36071 800.000000 1.000000
706.81640 800.000000 1.000000
1351.3377 800.000000 1.000000
919.88018 800.000000 1.000000
727.94287 800.000000 1.000000
681.27362 800.000000 1.000000
801.93072 800.000000 1.000000
754.11938 800.000000 1.000000
2380.4360 800.000000 1.000000
793.97747 800.000000 1.000000
845.37097 800.000000 1.000000
787.59387 800.000000 1.000000
919.89788 800.000000 1.000000
680.24816 800.000000 1.000000
957.52447 800.000000 1.000000
896.01696 800.000000 1.000000
909.30133 800.000000 1.000000
930.80224 800.000000 1.000000
820.75872 800.000000 1.000000
756.68505 800.000000 1.000000
933.92932 800.000000 1.000000
928.56390 800.000000 1.000000
814.47570 800.000000 1.000000
752.67224 800.000000 1.000000
1346.1073 800.000000 1.000000
1208.6682 800.000000 1.000000
886.32397 800.000000 1.000000
1278.3510 800.000000 1.000000
1048.3593 800.000000 1.000000
705.83386 800.000000 1.000000
619.20831 800.000000 1.000000
2215.1726 800.000000 1.000000
872.99493 800.000000 1.000000
1278.7008 800.000000 1.000000
1269.1301 800.000000 1.000000
809.84698 800.000000 1.000000
635.47821 800.000000 1.000000
896.61914 800.000000 1.000000
1076.9011 800.000000 1.000000
862.90191 800.000000 1.000000
1350.3336 800.000000 1.000000
865.88635 800.000000 1.000000
1196.7319 800.000000 1.000000
822.74377 800.000000 1.000000
798.51043 800.000000 1.000000
1535.3051 800.000000 1.000000
856.33355 800.000000 1.000000
1428.9874 800.000000 1.000000
674.55908 800.000000 1.000000
2947.3530 800.000000 1.000000
1187.2392 800.000000 1.000000
752.31018 800.000000 1.000000
990.03363 800.000000 1.000000
1115.5742 800.000000 1.000000
1149.2849 800.000000 1.000000
905.14862 800.000000 1.000000
826.82653 800.000000 1.000000
786.50708 800.000000 1.000000
836.85034 800.000000 1.000000
719.08526 800.000000 1.000000
694.70599 800.000000 1.000000
777.16449 800.000000 1.000000
915.49511 800.000000 1.000000
820.10955 800.000000 1.000000
772.29736 800.000000 1.000000
1057.8151 800.000000 1.000000
1246.6538 800.000000 1.000000
878.14141 800.000000 1.000000
814.40734 800.000000 1.000000
712.50024 800.000000 1.000000
905.88995 800.000000 1.000000
676.10760 800.000000 1.000000
1234.7366 800.000000 1.000000
1904.2114 800.000000 1.000000
1383.3614 800.000000 1.000000
1007.8247 800.000000 1.000000
1269.4458 800.000000 1.000000
851.02380 800.000000 1.000000
839.08190 800.000000 1.000000
1245.1900 800.000000 1.000000
776.95843 800.000000 1.000000
659.92291 800.000000 1.000000
691.72930 800.000000 1.000000
674.48608 800.000000 1.000000
757.03088 800.000000 1.000000
586.14917 800.000000 1.000000
939.02990 800.000000 1.000000
985.39691 800.000000 1.000000
848.21386 800.000000 1.000000
789.15344 800.000000 1.000000
753.37536 800.000000 1.000000
918.69433 800.000000 1.000000
689.09893 800.000000 1.000000
725.31225 800.000000 1.000000
682.96978 800.000000 1.000000
908.11486 800.000000 1.000000
739.49713 800.000000 1.000000
775.40710 800.000000 1.000000
770.68066 800.000000 1.000000
5457.3403 800.000000 1.000000
2810.4064 800.000000 1.000000
956.06835 800.000000 1.000000
787.85626 800.000000 1.000000
1859.8033 800.000000 1.000000
504.50482 800.000000 1.000000
917.90478 800.000000 1.000000
759.68371 800.000000 1.000000
519.91467 800.000000 1.000000
850.74456 800.000000 1.000000
976.44476 800.000000 1.000000
1060.2509 800.000000 1.000000
871.40448 800.000000 1.000000
1452.2664 800.000000 1.000000
1479.8195 800.000000 1.000000
890.22442 800.000000 1.000000
709.60650 800.000000 1.000000
731.38183 800.000000 1.000000
847.10131 800.000000 1.000000
719.66217 800.000000 1.000000
1352.5618 800.000000 1.000000
759.82434 800.000000 1.000000
771.87622 800.000000 1.000000
776.32800 800.000000 1.000000
1732.5282 800.000000 1.000000
760.76586 800.000000 1.000000
898.16241 800.000000 1.000000
677.86181 800.000000 1.000000
925.95916 800.000000 1.000000
768.53802 800.000000 1.000000
1070.4356 800.000000 1.000000
842.12384 800.000000 1.000000
763.99133 800.000000 1.000000
1747.9947 800.000000 1.000000
1262.3980 800.000000 1.000000
1426.4737 800.000000 1.000000
1097.1888 800.000000 1.000000
749.96093 800.000000 1.000000
755.98620 800.000000 1.000000
704.38842 800.000000 1.000000
785.31848 800.000000 1.000000
774.92413 800.000000 1.000000
720.88848 800.000000 1.000000
2019.1884 800.000000 1.000000
778.46466 800.000000 1.000000
972.87268 800.000000 1.000000
764.34069 800.000000 1.000000
 757.2453 800.000000 1.000000
1073.0246 800.000000 1.000000
604.20117 800.000000 1.000000
1623.3359 800.000000 1.000000
1269.1715 800.000000 1.000000
1452.2233 800.000000 1.000000
1078.4045 800.000000 1.000000
886.78619 800.000000 1.000000
822.30078 800.000000 1.000000
691.40301 800.000000 1.000000
882.99145 800.000000 1.000000
687.40716 800.000000 1.000000
823.55462 800.000000 1.000000
697.65362 800.000000 1.000000
1573.1302 800.000000 1.000000
2242.7380 800.000000 1.000000
1096.1578 800.000000 1.000000
1781.6782 800.000000 1.000000
654.60589 800.000000 1.000000
1003.8709 800.000000 1.000000
1584.0585 800.000000 1.000000
963.58343 800.000000 1.000000
865.76879 800.000000 1.000000
674.31494 800.000000 1.000000
1002.3953 800.000000 1.000000
982.36291 800.000000 1.000000
806.30645 800.000000 1.000000
1101.2202 800.000000 1.000000
1152.4245 800.000000 1.000000
675.82086 800.000000 1.000000
926.72052 800.000000 1.000000
773.05389 800.000000 1.000000
1055.4029 800.000000 1.000000
1145.2502 800.000000 1.000000
772.84899 800.000000 1.000000
738.29864 800.000000 1.000000
762.19085 800.000000 1.000000
790.46875 800.000000 1.000000
937.62768 800.000000 1.000000
810.15765 800.000000 1.000000
853.88861 800.000000 1.000000
743.26080 800.000000 1.000000
731.26178 800.000000 1.000000
574.12127 800.000000 1.000000
753.44689 800.000000 1.000000
553.90094 800.000000 1.000000
1017.6912 800.000000 1.000000
2210.9333 800.000000 1.000000
721.18792 800.000000 1.000000
834.65643 800.000000 1.000000
635.72613 800.000000 1.000000
904.82531 800.000000 1.000000
845.84393 800.000000 1.000000
705.36053 800.000000 1.000000
1962.6639 800.000000 1.000000
758.10211 800.000000 1.000000
771.22436 800.000000 1.000000
744.69598 800.000000 1.000000
1024.7871 800.000000 1.000000
675.31903 800.000000 1.000000
1185.3192 800.000000 1.000000
559.08056 800.000000 1.000000
915.07208 800.000000 1.000000
660.82934 800.000000 1.000000
1153.5311 800.000000 1.000000
1039.7397 800.000000 1.000000
593.80719 800.000000 1.000000
1021.0981 800.000000 1.000000
644.18292 800.000000 1.000000
658.75714 800.000000 1.000000
951.98181 800.000000 1.000000
1927.2111 800.000000 1.000000
1048.8053 800.000000 1.000000
740.53869 800.000000 1.000000
1514.5253 800.000000 1.000000
674.58892 800.000000 1.000000
1184.3497 800.000000 1.000000
655.47320 800.000000 1.000000
949.38775 800.000000 1.000000
1239.1927 800.000000 1.000000
895.93420 800.000000 1.000000
558.71484 800.000000 1.000000
1010.0579 800.000000 1.000000
1093.1883 800.000000 1.000000
859.89782 800.000000 1.000000
737.06304 800.000000 1.000000
784.15295 800.000000 1.000000
1271.2337 800.000000 1.000000
1372.2260 800.000000 1.000000
1106.7448 800.000000 1.000000
963.85888 800.000000 1.000000
727.35186 800.000000 1.000000
931.21185 800.000000 1.000000
1003.7669 800.000000 1.000000
803.44299 800.000000 1.000000
1405.9515 800.000000 1.000000
729.10046 800.000000 1.000000
785.36926 800.000000 1.000000
757.56457 800.000000 1.000000
616.54162 800.000000 1.000000
1054.0737 800.000000 1.000000
909.03338 800.000000 1.000000
579.52954 800.000000 1.000000
651.39587 800.000000 1.000000
599.68084 800.000000 1.000000
1649.0980 800.000000 1.000000
1832.3328 800.000000 1.000000
754.39221 800.000000 1.000000
805.89318 800.000000 1.000000
756.45916 800.000000 1.000000
642.50671 800.000000 1.000000
856.07080 800.000000 1.000000
1688.5280 800.000000 1.000000
829.59576 800.000000 1.000000
772.51263 800.000000 1.000000
1936.3785 800.000000 1.000000
1169.0781 800.000000 1.000000
774.08142 800.000000 1.000000
789.97540 800.000000 1.000000
721.75775 800.000000 1.000000
2830.5607 800.000000 1.000000
639.37200 800.000000 1.000000
903.48126 800.000000 1.000000
866.03814 800.000000 1.000000
739.92297 800.000000 1.000000
786.43414 800.000000 1.000000
1368.3072 800.000000 1.000000
912.67144 800.000000 1.000000
994.25018 800.000000 1.000000
900.82202 800.000000 1.000000
3305.2063 800.000000 1.000000
631.11981 800.000000 1.000000
896.34729 800.000000 1.000000
913.05658 800.000000 1.000000
765.50592 800.000000 1.000000
715.15747 800.000000 1.000000
937.51153 800.000000 1.000000
702.09960 800.000000 1.000000
833.46643 800.000000 1.000000
761.79620 800.000000 1.000000
816.00445 800.000000 1.000000
842.82006 800.000000 1.000000
1064.0114 800.000000 1.000000
930.97644 800.000000 1.000000
1014.3966 800.000000 1.000000
1764.6240 800.000000 1.000000
982.06909 800.000000 1.000000
1670.8439 800.000000 1.000000
1327.0535 800.000000 1.000000
547.30706 800.000000 1.000000
1102.5523 800.000000 1.000000
738.48663 800.000000 1.000000
873.52941 800.000000 1.000000
1735.0306 800.000000 1.000000
1100.3563 800.000000 1.000000
943.21044 800.000000 1.000000
1127.8335 800.000000 1.000000
820.88867 800.000000 1.000000
788.75860 800.000000 1.000000
720.56109 800.000000 1.000000
779.32739 800.000000 1.000000
 909.2146 800.000000 1.000000
839.93969 800.000000 1.000000
1101.4274 800.000000 1.000000
1120.2720 800.000000 1.000000
1157.2523 800.000000 1.000000
760.99682 800.000000 1.000000
1133.0727 800.000000 1.000000
1284.4248 800.000000 1.000000
1274.3762 800.000000 1.000000
1306.1693 800.000000 1.000000
1148.6978 800.000000 1.000000
1076.1425 800.000000 1.000000
996.21099 800.000000 1.000000
2599.5056 800.000000 1.000000
907.37170 800.000000 1.000000
731.66912 800.000000 1.000000
755.66235 800.000000 1.000000
940.83618 800.000000 1.000000
1008.9293 800.000000 1.000000
990.37292 800.000000 1.000000
1075.2684 800.000000 1.000000
841.87005 800.000000 1.000000
1001.6811 800.000000 1.000000
639.90319 800.000000 1.000000
1338.7017 800.000000 1.000000
823.63781 800.000000 1.000000
974.76776 800.000000 1.000000
699.39929 800.000000 1.000000
1474.1741 800.000000 1.000000
982.77752 800.000000 1.000000
804.01519 800.000000 1.000000
1120.6121 800.000000 1.000000
1051.0795 800.000000 1.000000
634.73480 800.000000 1.000000
1439.724 800.000000 1.000000
695.78149 800.000000 1.000000
912.43420 800.000000 1.000000
777.07855 800.000000 1.000000
904.40136 800.000000 1.000000
968.46905 800.000000 1.000000
704.83129 800.000000 1.000000
1553.9400 800.000000 1.000000
677.30346 800.000000 1.000000
936.98297 800.000000 1.000000
982.70776 800.000000 1.000000
689.45599 800.000000 1.000000
1431.1046 800.000000 1.000000
795.67340 800.000000 1.000000
746.19628 800.000000 1.000000
1807.2199 800.000000 1.000000
824.02764 800.000000 1.000000
565.18988 800.000000 1.000000
709.65344 800.000000 1.000000
664.41754 800.000000 1.000000
927.29400 800.000000 1.000000
819.23974 800.000000 1.000000
740.92102 800.000000 1.000000
1237.2125 800.000000 1.000000
701.53564 800.000000 1.000000
889.68151 800.000000 1.000000
726.05236 800.000000 1.000000
853.96478 800.000000 1.000000
1025.7622 800.000000 1.000000
929.90527 800.000000 1.000000
1008.9235 800.000000 1.000000
1296.5835 800.000000 1.000000
933.92639 800.000000 1.000000
868.65734 800.000000 1.000000
682.33465 800.000000 1.000000
489.47509 800.000000 1.000000
1268.4327 800.000000 1.000000
1239.1532 800.000000 1.000000
948.11419 800.000000 1.000000
809.17431 800.000000 1.000000
983.96832 800.000000 1.000000
1464.2617 800.000000 1.000000
1269.2930 800.000000 1.000000
812.68438 800.000000 1.000000
776.77923 800.000000 1.000000
743.09716 800.000000 1.000000
1335.3706 800.000000 1.000000
667.17712 800.000000 1.000000
866.35455 800.000000 1.000000
748.24719 800.000000 1.000000
1388.7559 800.000000 1.000000
750.24700 800.000000 1.000000
913.70544 800.000000 1.000000
 996.5625 800.000000 1.000000
962.07220 800.000000 1.000000
1465.9143 800.000000 1.000000
1224.2795 800.000000 1.000000
2098.0227 800.000000 1.000000
1751.4340 800.000000 1.000000
995.76391 800.000000 1.000000
781.69860 800.000000 1.000000
732.89276 800.000000 1.000000
916.74188 800.000000 1.000000
1124.6308 800.000000 1.000000
969.88330 800.000000 1.000000
640.96283 800.000000 1.000000
753.22619 800.000000 1.000000
564.54699 800.000000 1.000000
918.04357 800.000000 1.000000
1267.3879 800.000000 1.000000
1202.2851 800.000000 1.000000
1316.8179 800.000000 1.000000
798.43536 800.000000 1.000000
609.06414 800.000000 1.000000
764.69665 800.000000 1.000000
949.24371 800.000000 1.000000
898.70184 800.000000 1.000000
751.38818 800.000000 1.000000
1265.9007 800.000000 1.000000
1379.8352 800.000000 1.000000
655.39495 800.000000 1.000000
728.32165 800.000000 1.000000
742.12982 800.000000 1.000000
948.91015 800.000000 1.000000
660.35815 800.000000 1.000000
738.89953 800.000000 1.000000
1091.0017 800.000000 1.000000
1101.1137 800.000000 1.000000
2266.4585 800.000000 1.000000
758.61584 800.000000 1.000000
2233.7077 800.000000 1.000000
622.20214 800.000000 1.000000
858.41894 800.000000 1.000000
669.58532 800.000000 1.000000
963.86761 800.000000 1.000000
920.64874 800.000000 1.000000
1205.1191 800.000000 1.000000
796.79632 800.000000 1.000000
926.59539 800.000000 1.000000
949.56036 800.000000 1.000000
785.56304 800.000000 1.000000
1023.8753 800.000000 1.000000
1303.9277 800.000000 1.000000
895.97552 800.000000 1.000000
1734.8724 800.000000 1.000000
625.12097 800.000000 1.000000
920.17407 800.000000 1.000000
836.42230 800.000000 1.000000
745.81384 800.000000 1.000000
911.75097 800.000000 1.000000
834.78387 800.000000 1.000000
1148.7320 800.000000 1.000000
1493.4195 800.000000 1.000000
805.30645 800.000000 1.000000
877.79431 800.000000 1.000000
754.61914 800.000000 1.000000
1079.6138 800.000000 1.000000
1192.7235 800.000000 1.000000
678.20745 800.000000 1.000000
979.29876 800.000000 1.000000
754.97424 800.000000 1.000000
696.61956 800.000000 1.000000
736.86059 800.000000 1.000000
1481.5148 800.000000 1.000000
1033.0201 800.000000 1.000000
400.53418 800.000000 1.000000
1079.6372 800.000000 1.000000
960.35266 800.000000 1.000000
603.60907 800.000000 1.000000
711.20214 800.000000 1.000000
649.48053 800.000000 1.000000
 793.3479 800.000000 1.000000
898.32183 800.000000 1.000000
942.11407 800.000000 1.000000
1707.6900 800.000000 1.000000
807.58392 800.000000 1.000000
863.15515 800.000000 1.000000
2307.4282 800.000000 1.000000
1796.6285 800.000000 1.000000
936.62097 800.000000 1.000000
617.24633 800.000000 1.000000
775.16064 800.000000 1.000000
696.79235 800.000000 1.000000
831.31420 800.000000 1.000000
948.82098 800.000000 1.000000
764.26129 800.000000 1.000000
1164.4664 800.000000 1.000000
721.47100 800.000000 1.000000
816.61773 800.000000 1.000000
1078.2009 800.000000 1.000000
1200.7824 800.000000 1.000000
855.51232 800.000000 1.000000
626.81530 800.000000 1.000000
707.13598 800.000000 1.000000
763.20947 800.000000 1.000000
1164.9918 800.000000 1.000000
2210.9819 800.000000 1.000000
725.41479 800.000000 1.000000
885.37060 800.000000 1.000000
1385.8608 800.000000 1.000000
798.98706 800.000000 1.000000
1085.3541 800.000000 1.000000
842.39611 800.000000 1.000000
695.48791 800.000000 1.000000
970.58459 800.000000 1.000000
1515.0246 800.000000 1.000000
1166.0365 800.000000 1.000000
1065.2294 800.000000 1.000000
951.14758 800.000000 1.000000
781.60723 800.000000 1.000000
1009.1099 800.000000 1.000000
839.89727 800.000000 1.000000
1046.1727 800.000000 1.000000
575.61120 800.000000 1.000000
921.03765 800.000000 1.000000
1082.9577 800.000000 1.000000
1084.4569 800.000000 1.000000
1927.2954 800.000000 1.000000
742.13098 800.000000 1.000000
1002.5560 800.000000 1.000000
957.92584 800.000000 1.000000
889.26361 800.000000 1.000000
1091.8366 800.000000 1.000000
950.34936 800.000000 1.000000
1495.7908 800.000000 1.000000
921.62225 800.000000 1.000000
812.62005 800.000000 1.000000
1867.0761 800.000000 1.000000
633.69079 800.000000 1.000000
905.79425 800.000000 1.000000
668.42352 800.000000 1.000000
899.44757 800.000000 1.000000
875.00878 800.000000 1.000000
895.92456 800.000000 1.000000
782.85235 800.000000 1.000000
1308.3864 800.000000 1.000000
658.41058 800.000000 1.000000
1294.9714 800.000000 1.000000
1068.1107 800.000000 1.000000
855.30169 800.000000 1.000000
1002.3457 800.000000 1.000000
708.14080 800.000000 1.000000
897.73522 800.000000 1.000000
2799.9108 800.000000 1.000000
842.54913 800.000000 1.000000
1008.8328 800.000000 1.000000
780.63989 800.000000 1.000000
890.15368 800.000000 1.000000
811.60650 800.000000 1.000000
888.59381 800.000000 1.000000
869.21392 800.000000 1.000000
1268.1656 800.000000 1.000000
821.77331 800.000000 1.000000
912.48657 800.000000 1.000000
1180.2457 800.000000 1.000000
1013.9464 800.000000 1.000000
1572.3313 800.000000 1.000000
811.97784 800.000000 1.000000
945.48376 800.000000 1.000000
1211.5523 800.000000 1.000000
846.30371 800.000000 1.000000
2093.2883 800.000000 1.000000
661.04168 800.000000 1.000000
1122.0686 800.000000 1.000000
893.28521 800.000000 1.000000
930.09375 800.000000 1.000000
810.49572 800.000000 1.000000
1127.1825 800.000000 1.000000
827.59271 800.000000 1.000000
1039.3720 800.000000 1.000000
3995.9577 800.000000 1.000000
894.44757 800.000000 1.000000
933.94964 800.000000 1.000000
938.75921 800.000000 1.000000
824.23809 800.000000 1.000000
842.87249 800.000000 1.000000
1048.5312 800.000000 1.000000
835.81195 800.000000 1.000000
836.54730 800.000000 1.000000
1209.6176 800.000000 1.000000
1824.7386 800.000000 1.000000
1014.4046 800.000000 1.000000
1075.8503 800.000000 1.000000
686.58502 800.000000 1.000000
1989.3706 800.000000 1.000000
1043.9127 800.000000 1.000000
1238.2587 800.000000 1.000000
1466.2210 800.000000 1.000000
1185.7125 800.000000 1.000000
2138.0039 800.000000 1.000000
1038.0430 800.000000 1.000000
1725.9217 800.000000 1.000000
838.18756 800.000000 1.000000
1347.0820 800.000000 1.000000
1433.0821 800.000000 1.000000
784.98730 800.000000 1.000000
1186.3914 800.000000 1.000000
1076.0609 800.000000 1.000000
663.42480 800.000000 1.000000
628.72369 800.000000 1.000000
1413.6190 800.000000 1.000000
747.21502 800.000000 1.000000
882.86297 800.000000 1.000000
804.60473 800.000000 1.000000
913.50311 800.000000 1.000000
804.38665 800.000000 1.000000
967.63085 800.000000 1.000000
1447.4851 800.000000 1.000000
1505.6867 800.000000 1.000000
818.14550 800.000000 1.000000
1837.3292 800.000000 1.000000
993.71862 800.000000 1.000000
679.94366 800.000000 1.000000
1388.6892 800.000000 1.000000
804.09301 800.000000 1.000000
924.15252 800.000000 1.000000
919.43072 800.000000 1.000000
1228.8432 800.000000 1.000000
825.34991 800.000000 1.000000
1751.2188 800.000000 1.000000
1426.9781 800.000000 1.000000
 914.2052 800.000000 1.000000
907.32916 800.000000 1.000000
675.98291 800.000000 1.000000
1351.7080 800.000000 1.000000
1982.3095 800.000000 1.000000
1123.8443 800.000000 1.000000
812.99572 800.000000 1.000000
1051.4161 800.000000 1.000000
694.11853 800.000000 1.000000
1187.2352 800.000000 1.000000
991.30969 800.000000 1.000000
763.05773 800.000000 1.000000
1245.9859 800.000000 1.000000
910.50116 800.000000 1.000000
1074.9062 800.000000 1.000000
754.82910 800.000000 1.000000
674.51318 800.000000 1.000000
826.58728 800.000000 1.000000
879.18780 800.000000 1.000000
893.72229 800.000000 1.000000
838.64422 800.000000 1.000000
795.93420 800.000000 1.000000
770.51251 800.000000 1.000000
773.99365 800.000000 1.000000
1246.7117 800.000000 1.000000
663.23535 800.000000 1.000000
910.24835 800.000000 1.000000
750.35766 800.000000 1.000000
1211.3562 800.000000 1.000000
1693.1964 800.000000 1.000000
799.82464 800.000000 1.000000
887.26257 800.000000 1.000000
839.27392 800.000000 1.000000
872.72692 800.000000 1.000000
1952.0157 800.000000 1.000000
757.54217 800.000000 1.000000
621.67553 800.000000 1.000000
803.75640 800.000000 1.000000
1378.5716 800.000000 1.000000
789.43866 800.000000 1.000000
785.12585 800.000000 1.000000
840.99310 800.000000 1.000000
796.14636 800.000000 1.000000
1172.5076 800.000000 1.000000
972.43951 800.000000 1.000000
1116.1737 800.000000 1.000000
670.30651 800.000000 1.000000
1679.979 800.000000 1.000000
683.12719 800.000000 1.000000
614.54669 800.000000 1.000000
740.73577 800.000000 1.000000
1319.6972 800.000000 1.000000
1519.4812 800.000000 1.000000
548.18109 800.000000 1.000000
717.65069 800.000000 1.000000
635.57843 800.000000 1.000000
744.49847 800.000000 1.000000
1676.8352 800.000000 1.000000
1121.4301 800.000000 1.000000
740.76751 800.000000 1.000000
1328.6483 800.000000 1.000000
725.57666 800.000000 1.000000
1113.6600 800.000000 1.000000
687.87829 800.000000 1.000000
827.66827 800.000000 1.000000
1811.3322 800.000000 1.000000
1510.0714 800.000000 1.000000
1060.6318 800.000000 1.000000
1211.4510 800.000000 1.000000
1152.6517 800.000000 1.000000
973.13995 800.000000 1.000000
655.27838 800.000000 1.000000
964.18408 800.000000 1.000000
765.38104 800.000000 1.000000
688.19262 800.000000 1.000000
813.57782 800.000000 1.000000
1630.1091 800.000000 1.000000
775.65033 800.000000 1.000000
755.58337 800.000000 1.000000
1529.9719 800.000000 1.000000
818.32080 800.000000 1.000000
852.61090 800.000000 1.000000
989.86120 800.000000 1.000000
859.33361 800.000000 1.000000
824.91272 800.000000 1.000000
938.49200 800.000000 1.000000
1649.3220 800.000000 1.000000
999.08441 800.000000 1.000000
831.01629 800.000000 1.000000
581.16052 800.000000 1.000000
835.57739 800.000000 1.000000
869.40094 800.000000 1.000000
1104.3958 800.000000 1.000000
711.96008 800.000000 1.000000
1010.1012 800.000000 1.000000
770.98120 800.000000 1.000000
746.32989 800.000000 1.000000
1013.9910 800.000000 1.000000
1087.3682 800.000000 1.000000
813.82824 800.000000 1.000000
1449.0500 800.000000 1.000000
1495.6518 800.000000 1.000000
956.05926 800.000000 1.000000
671.94775 800.000000 1.000000
1113.729 800.000000 1.000000
805.53887 800.000000 1.000000
728.05828 800.000000 1.000000
1340.3736 800.000000 1.000000
1496.8450 800.000000 1.000000
2159.0451 800.000000 1.000000
974.05157 800.000000 1.000000
919.11834 800.000000 1.000000
679.42492 800.000000 1.000000
824.78509 800.000000 1.000000
1000.6442 800.000000 1.000000
683.18103 800.000000 1.000000
1108.5220 800.000000 1.000000
1835.6197 800.000000 1.000000
1263.4185 800.000000 1.000000
1169.578 800.000000 1.000000
927.30401 800.000000 1.000000
793.09759 800.000000 1.000000
1051.5758 800.000000 1.000000
1067.5660 800.000000 1.000000
1163.6424 800.000000 1.000000
819.16180 800.000000 1.000000
636.40106 800.000000 1.000000
770.11743 800.000000 1.000000
974.09674 800.000000 1.000000
1137.9652 800.000000 1.000000
741.59008 800.000000 1.000000
854.65765 800.000000 1.000000
996.38653 800.000000 1.000000
770.95642 800.000000 1.000000
1078.7966 800.000000 1.000000
1144.5094 800.000000 1.000000
717.87048 800.000000 1.000000
950.55230 800.000000 1.000000
944.82946 800.000000 1.000000
2626.3679 800.000000 1.000000
1215.6176 800.000000 1.000000
2535.9030 800.000000 1.000000
714.43835 800.000000 1.000000
799.70391 800.000000 1.000000
657.24603 800.000000 1.000000
897.45996 800.000000 1.000000
824.87738 800.000000 1.000000
862.36804 800.000000 1.000000
660.48846 800.000000 1.000000
775.27691 800.000000 1.000000
1297.1689 800.000000 1.000000
1388.1693 800.000000 1.000000
1819.7095 800.000000 1.000000
808.97869 800.000000 1.000000
868.90643 800.000000 1.000000
747.32922 800.000000 1.000000
1540.2220 800.000000 1.000000
952.73028 800.000000 1.000000
950.31286 800.000000 1.000000
1315.7242 800.000000 1.000000
797.98260 800.000000 1.000000
829.52233 800.000000 1.000000
1451.8726 800.000000 1.000000
986.42596 800.000000 1.000000
595.09649 800.000000 1.000000
997.13891 800.000000 1.000000
811.77862 800.000000 1.000000
764.79937 800.000000 1.000000
931.93621 800.000000 1.000000
813.07598 800.000000 1.000000
822.44836 800.000000 1.000000
1919.2775 800.000000 1.000000
847.50305 800.000000 1.000000
1094.4300 800.000000 1.000000
771.08990 800.000000 1.000000
939.27258 800.000000 1.000000
1013.5192 800.000000 1.000000
750.56634 800.000000 1.000000
814.68963 800.000000 1.000000
788.85559 800.000000 1.000000
1079.9224 800.000000 1.000000
700.34686 800.000000 1.000000
1027.3142 800.000000 1.000000