1935.4616 700.000000 1.000000
663.68420 700.000000 1.000000
1090.5031 700.000000 1.000000
703.27960 700.000000 1.000000
778.37243 700.000000 1.000000
886.76348 700.000000 1.000000
689.93743 700.000000 1.000000
649.42266 700.000000 1.000000
725.95135 700.000000 1.000000
1043.1367 700.000000 1.000000
651.19091 700.000000 1.000000
2101.1369 700.000000 1.000000
765.32049 700.000000 1.000000
855.01800 700.000000 1.000000
1083.4924 700.000000 1.000000
715.19934 700.000000 1.000000
681.10296 700.000000 1.000000
589.58526 700.000000 1.000000
604.06652 700.000000 1.000000
3260.2243 700.000000 1.000000
1253.7226 700.000000 1.000000
692.16320 700.000000 1.000000
556.33416 700.000000 1.000000
838.14105 700.000000 1.000000
812.25720 700.000000 1.000000
892.27002 700.000000 1.000000
893.58477 700.000000 1.000000
1145.3973 700.000000 1.000000
1717.6480 700.000000 1.000000
735.63409 700.000000 1.000000
1052.0111 700.000000 1.000000
1070.8453 700.000000 1.000000
732.91363 700.000000 1.000000
1240.0878 700.000000 1.000000
672.12255 700.000000 1.000000
598.77435 700.000000 1.000000
1148.6121 700.000000 1.000000
639.72387 700.000000 1.000000
891.60998 700.000000 1.000000
700.85925 700.000000 1.000000
972.82635 700.000000 1.000000
1106.1857 700.000000 1.000000
438.56820 700.000000 1.000000
683.61950 700.000000 1.000000
747.46069 700.000000 1.000000
852.14660 700.000000 1.000000
603.16998 700.000000 1.000000
1173.1044 700.000000 1.000000
1016.8098 700.000000 1.000000
678.31414 700.000000 1.000000
621.69909 700.000000 1.000000
1228.3195 700.000000 1.000000
675.81225 700.000000 1.000000
638.54180 700.000000 1.000000
2193.3032 700.000000 1.000000
703.45465 700.000000 1.000000
593.01001 700.000000 1.000000
1208.9973 700.000000 1.000000
1376.8947 700.000000 1.000000
515.00439 700.000000 1.000000
621.30578 700.000000 1.000000
1616.6871 700.000000 1.000000
1638.4758 700.000000 1.000000
644.15234 700.000000 1.000000
369.27511 700.000000 1.000000
2720.4585 700.000000 1.000000
1573.4281 700.000000 1.000000
732.22375 700.000000 1.000000
1597.6953 700.000000 1.000000
1572.6008 700.000000 1.000000
886.27398 700.000000 1.000000
1355.9237 700.000000 1.000000
1495.2465 700.000000 1.000000
1329.4493 700.000000 1.000000
801.32861 700.000000 1.000000
971.34832 700.000000 1.000000
578.50024 700.000000 1.000000
740.71807 700.000000 1.000000
751.23321 700.000000 1.000000
653.40441 700.000000 1.000000
847.15838 700.000000 1.000000
1177.6268 700.000000 1.000000
960.36022 700.000000 1.000000
691.50537 700.000000 1.000000
823.29809 700.000000 1.000000
650.77471 700.000000 1.000000
1477.2244 700.000000 1.000000
996.37799 700.000000 1.000000
806.09491 700.000000 1.000000
901.13653 700.000000 1.000000
705.44976 700.000000 1.000000
672.63305 700.000000 1.000000
788.125 700.000000 1.000000
1868.0913 700.000000 1.000000
586.70831 700.000000 1.000000
684.27368 700.000000 1.000000
703.36468 700.000000 1.000000
897.71948 700.000000 1.000000
726.72552 700.000000 1.000000
622.47314 700.000000 1.000000
703.69500 700.000000 1.000000
677.03338 700.000000 1.000000
917.62780 700.000000 1.000000
576.20623 700.000000 1.000000
544.71795 700.000000 1.000000
1026.3203 700.000000 1.000000
747.03418 700.000000 1.000000
824.78082 700.000000 1.000000
1402.7012 700.000000 1.000000
691.86529 700.000000 1.000000
760.83062 700.000000 1.000000
1819.0647 700.000000 1.000000
453.94613 700.000000 1.000000
633.22564 700.000000 1.000000
690.80908 700.000000 1.000000
790.89648 700.000000 1.000000
686.74420 700.000000 1.000000
782.57324 700.000000 1.000000
819.94952 700.000000 1.000000
987.67736 700.000000 1.000000
723.67724 700.000000 1.000000
679.22418 700.000000 1.000000
1022.1530 700.000000 1.000000
1645.9016 700.000000 1.000000
1009.1185 700.000000 1.000000
1715.4642 700.000000 1.000000
1372.6608 700.000000 1.000000
1137.4376 700.000000 1.000000
673.29724 700.000000 1.000000
823.00439 700.000000 1.000000
1219.9499 700.000000 1.000000
848.38891 700.000000 1.000000
739.97180 700.000000 1.000000
893.72772 700.000000 1.000000
823.81280 700.000000 1.000000
534.89862 700.000000 1.000000
746.74316 700.000000 1.000000
592.95806 700.000000 1.000000
1243.1917 700.000000 1.000000
706.23913 700.000000 1.000000
499.65866 700.000000 1.000000
717.09765 700.000000 1.000000
627.04412 700.000000 1.000000
1443.5741 700.000000 1.000000
952.22784 700.000000 1.000000
794.47247 700.000000 1.000000
747.31079 700.000000 1.000000
727.26501 700.000000 1.000000
1173.3930 700.000000 1.000000
1159.4198 700.000000 1.000000
454.94113 700.000000 1.000000
658.38409 700.000000 1.000000
594.31573 700.000000 1.000000
623.93554 700.000000 1.000000
776.49279 700.000000 1.000000
1219.6129 700.000000 1.000000
729.36334 700.000000 1.000000
827.86694 700.000000 1.000000
568.69897 700.000000 1.000000
664.69567 700.000000 1.000000
587.34173 700.000000 1.000000
828.94061 700.000000 1.000000
644.44995 700.000000 1.000000
959.20477 700.000000 1.000000
1375.8325 700.000000 1.000000
1367.3350 700.000000 1.000000
912.29779 700.000000 1.000000
1532.3686 700.000000 1.000000
568.10272 700.000000 1.000000
928.62567 700.000000 1.000000
537.19854 700.000000 1.000000
643.17871 700.000000 1.000000
706.01342 700.000000 1.000000
597.93920 700.000000 1.000000
1917.9542 700.000000 1.000000
794.89581 700.000000 1.000000
604.87121 700.000000 1.000000
640.77514 700.000000 1.000000
1574.6497 700.000000 1.000000
636.75097 700.000000 1.000000
600.66882 700.000000 1.000000
638.12927 700.000000 1.000000
1673.5133 700.000000 1.000000
1263.8375 700.000000 1.000000
1418.7231 700.000000 1.000000
535.29046 700.000000 1.000000
663.89636 700.000000 1.000000
1230.7583 700.000000 1.000000
891.42791 700.000000 1.000000
799.97644 700.000000 1.000000
686.24664 700.000000 1.000000
661.31378 700.000000 1.000000
1248.6741 700.000000 1.000000
738.27948 700.000000 1.000000
959.84399 700.000000 1.000000
999.15997 700.000000 1.000000
769.75915 700.000000 1.000000
727.36578 700.000000 1.000000
1228.9211 700.000000 1.000000
1679.7393 700.000000 1.000000
746.09393 700.000000 1.000000
993.25354 700.000000 1.000000
779.38629 700.000000 1.000000
689.47332 700.000000 1.000000
572.30993 700.000000 1.000000
783.70465 700.000000 1.000000
1147.6524 700.000000 1.000000
555.39434 700.000000 1.000000
1314.4290 700.000000 1.000000
1548.2766 700.000000 1.000000
729.20904 700.000000 1.000000
1131.8890 700.000000 1.000000
572.46881 700.000000 1.000000
1109.271 700.000000 1.000000
666.55560 700.000000 1.000000
909.78289 700.000000 1.000000
1446.2998 700.000000 1.000000
924.16967 700.000000 1.000000
722.02691 700.000000 1.000000
698.30462 700.000000 1.000000
731.81927 700.000000 1.000000
681.22454 700.000000 1.000000
707.16052 700.000000 1.000000
700.07543 700.000000 1.000000
589.59722 700.000000 1.000000
1550.9608 700.000000 1.000000
521.11352 700.000000 1.000000
734.07666 700.000000 1.000000
752.25524 700.000000 1.000000
640.43011 700.000000 1.000000
641.77758 700.000000 1.000000
1278.2824 700.000000 1.000000
927.66864 700.000000 1.000000
950.26763 700.000000 1.000000
970.09112 700.000000 1.000000
604.08740 700.000000 1.000000
672.85742 700.000000 1.000000
1042.2623 700.000000 1.000000
764.60791 700.000000 1.000000
1045.4110 700.000000 1.000000
848.26422 700.000000 1.000000
694.34845 700.000000 1.000000
848.09332 700.000000 1.000000
1072.2861 700.000000 1.000000
901.63464 700.000000 1.000000
826.70892 700.000000 1.000000
764.26586 700.000000 1.000000
793.64544 700.000000 1.000000
832.40344 700.000000 1.000000
848.14331 700.000000 1.000000
816.99017 700.000000 1.000000
860.69531 700.000000 1.000000
1071.6965 700.000000 1.000000
990.15399 700.000000 1.000000
899.50592 700.000000 1.000000
1607.9198 700.000000 1.000000
1016.2534 700.000000 1.000000
1411.1784 700.000000 1.000000
693.22607 700.000000 1.000000
677.44592 700.000000 1.000000
813.42742 700.000000 1.000000
496.93484 700.000000 1.000000
885.24603 700.000000 1.000000
854.32794 700.000000 1.000000
511.66470 700.000000 1.000000
849.31958 700.000000 1.000000
798.47070 700.000000 1.000000
597.95459 700.000000 1.000000
764.42706 700.000000 1.000000
913.63415 700.000000 1.000000
557.73584 700.000000 1.000000
1056.5609 700.000000 1.000000
1806.1604 700.000000 1.000000
955.84960 700.000000 1.000000
711.97094 700.000000 1.000000
420.98083 700.000000 1.000000
636.36431 700.000000 1.000000
1238.3559 700.000000 1.000000
844.65008 700.000000 1.000000
673.01043 700.000000 1.000000
761.09661 700.000000 1.000000
992.94146 700.000000 1.000000
783.66680 700.000000 1.000000
586.59137 700.000000 1.000000
1358.7825 700.000000 1.000000
723.68743 700.000000 1.000000
451.36160 700.000000 1.000000
682.92157 700.000000 1.000000
763.95910 700.000000 1.000000
784.39422 700.000000 1.000000
637.16857 700.000000 1.000000
2422.8837 700.000000 1.000000
1585.4516 700.000000 1.000000
558.01391 700.000000 1.000000
1523.7014 700.000000 1.000000
733.63946 700.000000 1.000000
943.68310 700.000000 1.000000
545.20288 700.000000 1.000000
682.29888 700.000000 1.000000
767.35833 700.000000 1.000000
692.52520 700.000000 1.000000
482.02829 700.000000 1.000000
620.86541 700.000000 1.000000
702.78686 700.000000 1.000000
1346.3941 700.000000 1.000000
642.51788 700.000000 1.000000
844.57409 700.000000 1.000000
652.59411 700.000000 1.000000
757.55615 700.000000 1.000000
604.62243 700.000000 1.000000
771.72686 700.000000 1.000000
671.97772 700.000000 1.000000
679.32769 700.000000 1.000000
735.94189 700.000000 1.000000
1267.2203 700.000000 1.000000
697.16143 700.000000 1.000000
536.14953 700.000000 1.000000
726.37664 700.000000 1.000000
606.40515 700.000000 1.000000
598.84686 700.000000 1.000000
657.72351 700.000000 1.000000
937.54101 700.000000 1.000000
1351.6224 700.000000 1.000000
1552.2486 700.000000 1.000000
643.30957 700.000000 1.000000
672.79254 700.000000 1.000000
695.41491 700.000000 1.000000
940.95977 700.000000 1.000000
634.45745 700.000000 1.000000
523.58886 700.000000 1.000000
659.46038 700.000000 1.000000
970.77661 700.000000 1.000000
527.37219 700.000000 1.000000
724.56970 700.000000 1.000000
1353.5339 700.000000 1.000000
1808.7625 700.000000 1.000000
1316.5015 700.000000 1.000000
728.52197 700.000000 1.000000
644.12866 700.000000 1.000000
821.66326 700.000000 1.000000
751.18267 700.000000 1.000000
541.47998 700.000000 1.000000
2061.9414 700.000000 1.000000
578.10601 700.000000 1.000000
679.75061 700.000000 1.000000
1151.5686 700.000000 1.000000
594.64733 700.000000 1.000000
1365.1760 700.000000 1.000000
1106.2813 700.000000 1.000000
842.53637 700.000000 1.000000
1266.8836 700.000000 1.000000
783.76831 700.000000 1.000000
655.01342 700.000000 1.000000
649.05261 700.000000 1.000000
551.39642 700.000000 1.000000
886.55816 700.000000 1.000000
714.96582 700.000000 1.000000
948.23095 700.000000 1.000000
904.59265 700.000000 1.000000
1264.0336 700.000000 1.000000
748.65924 700.000000 1.000000
1085.8084 700.000000 1.000000
840.21167 700.000000 1.000000
1037.7063 700.000000 1.000000
751.90551 700.000000 1.000000
970.60308 700.000000 1.000000
688.92724 700.000000 1.000000
860.73022 700.000000 1.000000
597.37622 700.000000 1.000000
1378.2764 700.000000 1.000000
1214.0836 700.000000 1.000000
676.85888 700.000000 1.000000
790.21899 700.000000 1.000000
708.19824 700.000000 1.000000
1098.5189 700.000000 1.000000
626.83642 700.000000 1.000000
809.39001 700.000000 1.000000
682.92114 700.000000 1.000000
959.99713 700.000000 1.000000
625.59008 700.000000 1.000000
721.16125 700.000000 1.000000
1110.4679 700.000000 1.000000
654.08898 700.000000 1.000000
584.80847 700.000000 1.000000
961.96075 700.000000 1.000000
1275.5845 700.000000 1.000000
719.52917 700.000000 1.000000
1055.4289 700.000000 1.000000
688.38372 700.000000 1.000000
1094.2747 700.000000 1.000000
699.95660 700.000000 1.000000
739.73767 700.000000 1.000000
724.18322 700.000000 1.000000
647.21722 700.000000 1.000000
979.25701 700.000000 1.000000
1206.0642 700.000000 1.000000
607.81500 700.000000 1.000000
1616.7262 700.000000 1.000000
1132.9992 700.000000 1.000000
659.00598 700.000000 1.000000
963.23150 700.000000 1.000000
995.22265 700.000000 1.000000
889.08239 700.000000 1.000000
1247.3059 700.000000 1.000000
684.29382 700.000000 1.000000
494.16098 700.000000 1.000000
612.43261 700.000000 1.000000
831.97930 700.000000 1.000000
748.01477 700.000000 1.000000
958.62780 700.000000 1.000000
657.14947 700.000000 1.000000
709.97277 700.000000 1.000000
1215.1195 700.000000 1.000000
931.53472 700.000000 1.000000
1039.7558 700.000000 1.000000
650.15966 700.000000 1.000000
1034.7330 700.000000 1.000000
604.87585 700.000000 1.000000
534.16058 700.000000 1.000000
705.45257 700.000000 1.000000
715.19476 700.000000 1.000000
892.32116 700.000000 1.000000
912.34674 700.000000 1.000000
1551.4526 700.000000 1.000000
519.88427 700.000000 1.000000
687.55828 700.000000 1.000000
953.52978 700.000000 1.000000
670.85443 700.000000 1.000000
624.58807 700.000000 1.000000
735.73144 700.000000 1.000000
782.73852 700.000000 1.000000
649.27801 700.000000 1.000000
724.33154 700.000000 1.000000
659.28717 700.000000 1.000000
2142.3728 700.000000 1.000000
652.78906 700.000000 1.000000
456.69790 700.000000 1.000000
544.93646 700.000000 1.000000
809.23211 700.000000 1.000000
969.42523 700.000000 1.000000
782.74902 700.000000 1.000000
862.49267 700.000000 1.000000
711.97125 700.000000 1.000000
1184.5521 700.000000 1.000000
720.53881 700.000000 1.000000
654.89440 700.000000 1.000000
579.74108 700.000000 1.000000
601.51660 700.000000 1.000000
 586.8974 700.000000 1.000000
634.03833 700.000000 1.000000
850.66619 700.000000 1.000000
758.66833 700.000000 1.000000
584.96185 700.000000 1.000000
607.09014 700.000000 1.000000
1012.6404 700.000000 1.000000
603.19183 700.000000 1.000000
1157.4249 700.000000 1.000000
674.73895 700.000000 1.000000
1041.2036 700.000000 1.000000
639.20123 700.000000 1.000000
899.52722 700.000000 1.000000
1171.0915 700.000000 1.000000
754.30938 700.000000 1.000000
957.64990 700.000000 1.000000
993.02282 700.000000 1.000000
809.43560 700.000000 1.000000
661.74292 700.000000 1.000000
811.19024 700.000000 1.000000
483.93505 700.000000 1.000000
621.00891 700.000000 1.000000
1174.2291 700.000000 1.000000
540.39154 700.000000 1.000000
825.76373 700.000000 1.000000
611.95220 700.000000 1.000000
1424.1092 700.000000 1.000000
619.62683 700.000000 1.000000
638.21832 700.000000 1.000000
1031.6066 700.000000 1.000000
721.80896 700.000000 1.000000
654.95947 700.000000 1.000000
 655.1203 700.000000 1.000000
1185.9265 700.000000 1.000000
1012.2542 700.000000 1.000000
1364.1997 700.000000 1.000000
779.60827 700.000000 1.000000
664.75402 700.000000 1.000000
2617.5400 700.000000 1.000000
1301.8667 700.000000 1.000000
669.46160 700.000000 1.000000
687.78204 700.000000 1.000000
841.25683 700.000000 1.000000
876.95782 700.000000 1.000000
618.84503 700.000000 1.000000
629.39782 700.000000 1.000000
1075.1777 700.000000 1.000000
1397.0371 700.000000 1.000000
677.39514 700.000000 1.000000
577.21435 700.000000 1.000000
 620.3703 700.000000 1.000000
1131.8364 700.000000 1.000000
737.74273 700.000000 1.000000
730.97522 700.000000 1.000000
1185.2605 700.000000 1.000000
627.93988 700.000000 1.000000
992.24798 700.000000 1.000000
793.72326 700.000000 1.000000
684.68579 700.000000 1.000000
694.27996 700.000000 1.000000
857.46521 700.000000 1.000000
1422.7370 700.000000 1.000000
624.05206 700.000000 1.000000
1094.3123 700.000000 1.000000
706.31481 700.000000 1.000000
747.06976 700.000000 1.000000
1892.5939 700.000000 1.000000
625.50885 700.000000 1.000000
922.59185 700.000000 1.000000
619.41210 700.000000 1.000000
871.33740 700.000000 1.000000
645.34289 700.000000 1.000000
657.15863 700.000000 1.000000
720.62286 700.000000 1.000000
1062.4858 700.000000 1.000000
703.68689 700.000000 1.000000
686.94854 700.000000 1.000000
574.24823 700.000000 1.000000
681.09960 700.000000 1.000000
1638.8088 700.000000 1.000000
661.51324 700.000000 1.000000
642.92309 700.000000 1.000000
2272.9602 700.000000 1.000000
664.72595 700.000000 1.000000
1021.4464 700.000000 1.000000
761.56262 700.000000 1.000000
1221.6898 700.000000 1.000000
715.97210 700.000000 1.000000
737.61584 700.000000 1.000000
1434.3429 700.000000 1.000000
720.25726 700.000000 1.000000
762.16717 700.000000 1.000000
833.84948 700.000000 1.000000
706.58886 700.000000 1.000000
718.03576 700.000000 1.000000
723.13830 700.000000 1.000000
1268.6484 700.000000 1.000000
723.90863 700.000000 1.000000
556.21655 700.000000 1.000000
507.27352 700.000000 1.000000
689.79595 700.000000 1.000000
842.84362 700.000000 1.000000
669.84893 700.000000 1.000000
1126.3344 700.000000 1.000000
1225.3358 700.000000 1.000000
600.97937 700.000000 1.000000
3656.1184 700.000000 1.000000
1287.6099 700.000000 1.000000
1400.1718 700.000000 1.000000
795.72314 700.000000 1.000000
1464.4254 700.000000 1.000000
826.85949 700.000000 1.000000
772.46020 700.000000 1.000000
703.88134 700.000000 1.000000
1185.3031 700.000000 1.000000
693.15930 700.000000 1.000000
870.80499 700.000000 1.000000
563.34533 700.000000 1.000000
880.12878 700.000000 1.000000
828.72900 700.000000 1.000000
842.88665 700.000000 1.000000
770.31671 700.000000 1.000000
721.59167 700.000000 1.000000
868.23510 700.000000 1.000000
729.73291 700.000000 1.000000
648.34454 700.000000 1.000000
857.79992 700.000000 1.000000
 606.7099 700.000000 1.000000
729.72546 700.000000 1.000000
2203.0664 700.000000 1.000000
1046.9083 700.000000 1.000000
1184.9213 700.000000 1.000000
653.65332 700.000000 1.000000
609.76135 700.000000 1.000000
1708.5753 700.000000 1.000000
763.96081 700.000000 1.000000
976.12713 700.000000 1.000000
689.55017 700.000000 1.000000
 432.0737 700.000000 1.000000
576.49646 700.000000 1.000000
988.57464 700.000000 1.000000
932.46283 700.000000 1.000000
583.42511 700.000000 1.000000
780.50250 700.000000 1.000000
691.83569 700.000000 1.000000
1286.255 700.000000 1.000000
797.84222 700.000000 1.000000
937.76715 700.000000 1.000000
681.22259 700.000000 1.000000
603.94470 700.000000 1.000000
708.33429 700.000000 1.000000
761.87091 700.000000 1.000000
787.54821 700.000000 1.000000
702.90637 700.000000 1.000000
703.71575 700.000000 1.000000
965.49548 700.000000 1.000000
969.15258 700.000000 1.000000
734.75878 700.000000 1.000000
694.39746 700.000000 1.000000
876.30535 700.000000 1.000000
889.28485 700.000000 1.000000
707.80944 700.000000 1.000000
509.05636 700.000000 1.000000
590.34472 700.000000 1.000000
2304.8640 700.000000 1.000000
973.56677 700.000000 1.000000
762.06628 700.000000 1.000000
1084.4272 700.000000 1.000000
1260.4680 700.000000 1.000000
627.24395 700.000000 1.000000
647.30694 700.000000 1.000000
1187.3460 700.000000 1.000000
824.48187 700.000000 1.000000
691.42498 700.000000 1.000000
846.26086 700.000000 1.000000
794.19836 700.000000 1.000000
776.36602 700.000000 1.000000
599.22009 700.000000 1.000000
770.66156 700.000000 1.000000
701.60418 700.000000 1.000000
663.97979 700.000000 1.000000
1360.0416 700.000000 1.000000
652.53595 700.000000 1.000000
746.81439 700.000000 1.000000
508.20623 700.000000 1.000000
664.90307 700.000000 1.000000
1172.5969 700.000000 1.000000
1040.3762 700.000000 1.000000
913.21923 700.000000 1.000000
1738.4805 700.000000 1.000000
625.15765 700.000000 1.000000
1402.7802 700.000000 1.000000
1185.0777 700.000000 1.000000
809.32122 700.000000 1.000000
1029.729 700.000000 1.000000
579.30322 700.000000 1.000000
558.80578 700.000000 1.000000
667.31048 700.000000 1.000000
732.65643 700.000000 1.000000
667.80865 700.000000 1.000000
717.22143 700.000000 1.000000
879.01281 700.000000 1.000000
1206.9713 700.000000 1.000000
1158.9511 700.000000 1.000000
1601.5318 700.000000 1.000000
700.95373 700.000000 1.000000
699.04736 700.000000 1.000000
2125.1545 700.000000 1.000000
486.83197 700.000000 1.000000
964.41864 700.000000 1.000000
1158.1391 700.000000 1.000000
629.05627 700.000000 1.000000
953.11138 700.000000 1.000000
678.90502 700.000000 1.000000
741.90179 700.000000 1.000000
760.25408 700.000000 1.000000
606.34759 700.000000 1.000000
1022.2403 700.000000 1.000000
1145.4088 700.000000 1.000000
742.45800 700.000000 1.000000
749.30340 700.000000 1.000000
792.41369 700.000000 1.000000
1183.5904 700.000000 1.000000
1613.2618 700.000000 1.000000
969.92187 700.000000 1.000000
1221.7733 700.000000 1.000000
793.56555 700.000000 1.000000
1404.9134 700.000000 1.000000
804.20440 700.000000 1.000000
696.13806 700.000000 1.000000
812.59167 700.000000 1.000000
1130.5301 700.000000 1.000000
791.87664 700.000000 1.000000
917.67425 700.000000 1.000000
672.18341 700.000000 1.000000
1181.7789 700.000000 1.000000
838.47814 700.000000 1.000000
732.39782 700.000000 1.000000
761.02679 700.000000 1.000000
638.49749 700.000000 1.000000
678.89685 700.000000 1.000000
1075.9771 700.000000 1.000000
723.56835 700.000000 1.000000
895.39105 700.000000 1.000000
671.40930 700.000000 1.000000
760.48626 700.000000 1.000000
676.62262 700.000000 1.000000
757.61224 700.000000 1.000000
859.03521 700.000000 1.000000
1042.5007 700.000000 1.000000
470.87439 700.000000 1.000000
645.98974 700.000000 1.000000
728.08270 700.000000 1.000000
721.34967 700.000000 1.000000
1067.8043 700.000000 1.000000
702.05352 700.000000 1.000000
827.93646 700.000000 1.000000
1234.4527 700.000000 1.000000
1220.8265 700.000000 1.000000
878.35882 700.000000 1.000000
699.09643 700.000000 1.000000
846.57995 700.000000 1.000000
750.98974 700.000000 1.000000
633.96405 700.000000 1.000000
871.04296 700.000000 1.000000
963.25415 700.000000 1.000000
623.94299 700.000000 1.000000
703 700.000000 1.000000
595.96685 700.000000 1.000000
725.53595 700.000000 1.000000
1430.1374 700.000000 1.000000
928.73407 700.000000 1.000000
855.18969 700.000000 1.000000
1784.3347 700.000000 1.000000
616.31726 700.000000 1.000000
895.87793 700.000000 1.000000
570.71539 700.000000 1.000000
1165.0512 700.000000 1.000000
1720.7436 700.000000 1.000000
674.57598 700.000000 1.000000
937.47247 700.000000 1.000000
699.01763 700.000000 1.000000
809.10229 700.000000 1.000000
1552.7265 700.000000 1.000000
648.04498 700.000000 1.000000
888.71649 700.000000 1.000000
808.20947 700.000000 1.000000
1613.6508 700.000000 1.000000
376.10839 700.000000 1.000000
632.49285 700.000000 1.000000
847.97522 700.000000 1.000000
992.71264 700.000000 1.000000
835.16436 700.000000 1.000000
1339.8361 700.000000 1.000000
632.48437 700.000000 1.000000
1304.9716 700.000000 1.000000
936.01348 700.000000 1.000000
719.15112 700.000000 1.000000
635.69512 700.000000 1.000000
744.50067 700.000000 1.000000
1164.0042 700.000000 1.000000
645.89282 700.000000 1.000000
735.59637 700.000000 1.000000
748.34332 700.000000 1.000000
549.48016 700.000000 1.000000
645.06048 700.000000 1.000000
550.77594 700.000000 1.000000
649.08905 700.000000 1.000000
737.16113 700.000000 1.000000
741.69543 700.000000 1.000000
692.15747 700.000000 1.000000
2281.7136 700.000000 1.000000
805.09619 700.000000 1.000000
524.86407 700.000000 1.000000
2013.7319 700.000000 1.000000
581.62078 700.000000 1.000000
764.46966 700.000000 1.000000
626.99328 700.000000 1.000000
724.02325 700.000000 1.000000
889.17913 700.000000 1.000000
662.83355 700.000000 1.000000
649.01074 700.000000 1.000000
917.70343 700.000000 1.000000
1629.8703 700.000000 1.000000
894.33252 700.000000 1.000000
721.77533 700.000000 1.000000
747.30377 700.000000 1.000000
610.59991 700.000000 1.000000
1030.9642 700.000000 1.000000
940.26989 700.000000 1.000000
1318.4599 700.000000 1.000000
1318.2467 700.000000 1.000000
504.80972 700.000000 1.000000
812.34332 700.000000 1.000000
636.69122 700.000000 1.000000
559.34417 700.000000 1.000000
875.18554 700.000000 1.000000
770.52093 700.000000 1.000000
705.85961 700.000000 1.000000
1115.9196 700.000000 1.000000
951.43957 700.000000 1.000000
2298.6084 700.000000 1.000000
638.90527 700.000000 1.000000
889.48394 700.000000 1.000000
991.39440 700.000000 1.000000
793.56524 700.000000 1.000000
741.11639 700.000000 1.000000
1498.3134 700.000000 1.000000
575.71551 700.000000 1.000000
579.09338 700.000000 1.000000
583.22558 700.000000 1.000000
2429.7463 700.000000 1.000000
748.65606 700.000000 1.000000
819.70477 700.000000 1.000000
873.61914 700.000000 1.000000
881.63043 700.000000 1.000000
1855.7812 700.000000 1.000000
784.90582 700.000000 1.000000
1121.6978 700.000000 1.000000
987.44689 700.000000 1.000000
698.03143 700.000000 1.000000
782.36993 700.000000 1.000000
854.79315 700.000000 1.000000
909.85675 700.000000 1.000000
613.07336 700.000000 1.000000
555.06604 700.000000 1.000000
684.50988 700.000000 1.000000
900.99871 700.000000 1.000000
734.95257 700.000000 1.000000
906.08630 700.000000 1.000000
582.74865 700.000000 1.000000
1289.6480 700.000000 1.000000
633.09033 700.000000 1.000000
908.39672 700.000000 1.000000
1028.4281 700.000000 1.000000
502.54397 700.000000 1.000000
729.81762 700.000000 1.000000
710.57507 700.000000 1.000000
646.79425 700.000000 1.000000
999.14074 700.000000 1.000000
1101.2562 700.000000 1.000000
1374.2189 700.000000 1.000000
662.68225 700.000000 1.000000
654.68298 700.000000 1.000000
589.34820 700.000000 1.000000
1324.0607 700.000000 1.000000
589.08734 700.000000 1.000000
687.05889 700.000000 1.000000
905.66912 700.000000 1.000000
544.76123 700.000000 1.000000
688.06677 700.000000 1.000000
888.34387 700.000000 1.000000
778.70397 700.000000 1.000000
1097.1151 700.000000 1.000000
711.15509 700.000000 1.000000
1029.0670 700.000000 1.000000
1035.328 700.000000 1.000000
673.87353 700.000000 1.000000
918.48516 700.000000 1.000000
1089.0357 700.000000 1.000000
837.22082 700.000000 1.000000
819.14483 700.000000 1.000000
767.55188 700.000000 1.000000
769.37347 700.000000 1.000000
839.02813 700.000000 1.000000
491.68051 700.000000 1.000000
1387.5913 700.000000 1.000000
716.11389 700.000000 1.000000
889.25048 700.000000 1.000000
835.27630 700.000000 1.000000
574.35717 700.000000 1.000000
953.10357 700.000000 1.000000
636.03955 700.000000 1.000000
2328.6779 700.000000 1.000000
664.97021 700.000000 1.000000
1092.3648 700.000000 1.000000
1850.2890 700.000000 1.000000
803.64355 700.000000 1.000000
727.85601 700.000000 1.000000
645.99444 700.000000 1.000000
624.54205 700.000000 1.000000
1493.1147 700.000000 1.000000
584.16931 700.000000 1.000000
711.59875 700.000000 1.000000
1398.5933 700.000000 1.000000
473.56161 700.000000 1.000000
674.97082 700.000000 1.000000
663.22851 700.000000 1.000000
1477.4836 700.000000 1.000000
624.48852 700.000000 1.000000
673.77508 700.000000 1.000000
838.13244 700.000000 1.000000
880.40673 700.000000 1.000000
1542.2398 700.000000 1.000000
685.61285 700.000000 1.000000
1599.8034 700.000000 1.000000
701.10369 700.000000 1.000000
631.30639 700.000000 1.000000
739.09564 700.000000 1.000000
1251.4683 700.000000 1.000000
1682.2635 700.000000 1.000000
1946.1884 700.000000 1.000000
1054.3817 700.000000 1.000000
939.74224 700.000000 1.000000
674.13226 700.000000 1.000000
625.17388 700.000000 1.000000
629.35015 700.000000 1.000000
624.27722 700.000000 1.000000
1296.2169 700.000000 1.000000
626.15374 700.000000 1.000000
893.28967 700.000000 1.000000
860.07232 700.000000 1.000000
541.45166 700.000000 1.000000
690.10742 700.000000 1.000000
783.46502 700.000000 1.000000
1217.4237 700.000000 1.000000
741.07391 700.000000 1.000000
544.25830 700.000000 1.000000
812.39245 700.000000 1.000000
1240.8529 700.000000 1.000000
601.29657 700.000000 1.000000
720.75494 700.000000 1.000000
1315.0114 700.000000 1.000000
677.03320 700.000000 1.000000
633.32025 700.000000 1.000000
907.32214 700.000000 1.000000
646.70391 700.000000 1.000000
747.58422 700.000000 1.000000
761.96984 700.000000 1.000000
892.80914 700.000000 1.000000
531.00665 700.000000 1.000000
1058.4210 700.000000 1.000000
648.40319 700.000000 1.000000
1007.4257 700.000000 1.000000
1038.7857 700.000000 1.000000
627.28350 700.000000 1.000000
1429.6512 700.000000 1.000000
697.13891 700.000000 1.000000
1595.8259 700.000000 1.000000
791.73162 700.000000 1.000000
836.57489 700.000000 1.000000
688.49804 700.000000 1.000000
1067.7215 700.000000 1.000000
600.38372 700.000000 1.000000
1398.9736 700.000000 1.000000
475.06716 700.000000 1.000000
1038.6453 700.000000 1.000000
790.12731 700.000000 1.000000
1013.0529 700.000000 1.000000
1049.4874 700.000000 1.000000
1091.2536 700.000000 1.000000
662.80621 700.000000 1.000000
779.65631 700.000000 1.000000
640.85290 700.000000 1.000000
693.38055 700.000000 1.000000
706.13366 700.000000 1.000000
667.61486 700.000000 1.000000
670.92871 700.000000 1.000000
737.97503 700.000000 1.000000
848.54632 700.000000 1.000000
1340.4428 700.000000 1.000000
685.70080 700.000000 1.000000
768.88354 700.000000 1.000000
1311.4794 700.000000 1.000000
614.52996 700.000000 1.000000
641.76599 700.000000 1.000000
1342.1657 700.000000 1.000000
1121.0716 700.000000 1.000000
814.16803 700.000000 1.000000
872.26037 700.000000 1.000000
818.50225 700.000000 1.000000
1245.5800 700.000000 1.000000
412.34048 700.000000 1.000000
613.34588 700.000000 1.000000
928.02862 700.000000 1.000000
727.84997 700.000000 1.000000
722.78497 700.000000 1.000000
842.68884 700.000000 1.000000
857.09716 700.000000 1.000000
824.34802 700.000000 1.000000
623.60534 700.000000 1.000000
666.71221 700.000000 1.000000
624.26190 700.000000 1.000000
877.66485 700.000000 1.000000
748.74615 700.000000 1.000000
1388.7221 700.000000 1.000000
1560.1191 700.000000 1.000000
936.24017 700.000000 1.000000
1592.3496 700.000000 1.000000
728.33532 700.000000 1.000000
633.04626 700.000000 1.000000
722.85668 700.000000 1.000000
610.15826 700.000000 1.000000
635.09796 700.000000 1.000000
768.51727 700.000000 1.000000
1035.7677 700.000000 1.000000
888.81213 700.000000 1.000000
1097.6658 700.000000 1.000000
645.35498 700.000000 1.000000
671.05029 700.000000 1.000000
673.80505 700.000000 1.000000
612.63775 700.000000 1.000000
765.97613 700.000000 1.000000
637.36029 700.000000 1.000000
1017.4765 700.000000 1.000000
689.58081 700.000000 1.000000
910.73681 700.000000 1.000000
718.61181 700.000000 1.000000
526.79205 700.000000 1.000000
1156.6933 700.000000 1.000000
647.08319 700.000000 1.000000
682.13952 700.000000 1.000000
816.88433 700.000000 1.000000
1710.7166 700.000000 1.000000
827.43200 700.000000 1.000000
752.74023 700.000000 1.000000
634.70745 700.000000 1.000000
776.11706 700.000000 1.000000
970.34472 700.000000 1.000000
621.30004 700.000000 1.000000
753.56628 700.000000 1.000000
712.33129 700.000000 1.000000
677.09796 700.000000 1.000000
695.98138 700.000000 1.000000
806.09552 700.000000 1.000000
1085.2446 700.000000 1.000000
665.21441 700.000000 1.000000
910.26281 700.000000 1.000000
704.36541 700.000000 1.000000
982.70117 700.000000 1.000000
696.87878 700.000000 1.000000
832.58795 700.000000 1.000000
513.82580 700.000000 1.000000
755.66125 700.000000 1.000000
553.39196 700.000000 1.000000
676.19720 700.000000 1.000000
1034.4799 700.000000 1.000000
509.71475 700.000000 1.000000
624.51098 700.000000 1.000000
757.37011 700.000000 1.000000
1960.7346 700.000000 1.000000
802.67181 700.000000 1.000000
641.23834 700.000000 1.000000
744.03015 700.000000 1.000000
877.90100 700.000000 1.000000
747.24176 700.000000 1.000000
646.62646 700.000000 1.000000
1163.4354 700.000000 1.000000
866.59997 700.000000 1.000000
786.00195 700.000000 1.000000
662.21807 700.000000 1.000000
845.20404 700.000000 1.000000
711.85833 700.000000 1.000000
675.25805 700.000000 1.000000
1208.3957 700.000000 1.000000
737.14318 700.000000 1.000000
598.24127 700.000000 1.000000
667.13201 700.000000 1.000000
636.77056 700.000000 1.000000
675.56823 700.000000 1.000000
543.43066 700.000000 1.000000
836.88269 700.000000 1.000000
739.93640 700.000000 1.000000
624.33129 700.000000 1.000000
699.33880 700.000000 1.000000
660.87390 700.000000 1.000000
839.12994 700.000000 1.000000
931.67852 700.000000 1.000000
571.91638 700.000000 1.000000
652.40521 700.000000 1.000000
1362.6247 700.000000 1.000000
621.62152 700.000000 1.000000
585.74334 700.000000 1.000000
1434.4559 700.000000 1.000000
765.89978 700.000000 1.000000
1844.8234 700.000000 1.000000
971.96197 700.000000 1.000000
645.87872 700.000000 1.000000
1140.6709 700.000000 1.000000
 949.7677 700.000000 1.000000
575.09252 700.000000 1.000000
883.74432 700.000000 1.000000
1052.8934 700.000000 1.000000
863.84722 700.000000 1.000000
2064.2883 700.000000 1.000000
655.13183 700.000000 1.000000
840.56347 700.000000 1.000000
729.14325 700.000000 1.000000
 681.3703 700.000000 1.000000
936.63336 700.000000 1.000000
877.72357 700.000000 1.000000
 713.2323 700.000000 1.000000
1175.2218 700.000000 1.000000
600.24932 700.000000 1.000000
1309.8887 700.000000 1.000000
703.40472 700.000000 1.000000
623.89758 700.000000 1.000000
539.10394 700.000000 1.000000
809.28057 700.000000 1.000000
1516.4420 700.000000 1.000000
787.11657 700.000000 1.000000
846.43518 700.000000 1.000000
676.97320 700.000000 1.000000
762.30706 700.000000 1.000000
592.06207 700.000000 1.000000
749.89196 700.000000 1.000000
1473.12 700.000000 1.000000
1197.4189 700.000000 1.000000
1113.1193 700.000000 1.000000
823.07965 700.000000 1.000000
1211.2412 700.000000 1.000000
677.63940 700.000000 1.000000
1106.3341 700.000000 1.000000
698.38574 700.000000 1.000000
738.47387 700.000000 1.000000
674.01702 700.000000 1.000000
651.07714 700.000000 1.000000
616.07507 700.000000 1.000000
645.92602 700.000000 1.000000
628.75347 700.000000 1.000000
690.45202 700.000000 1.000000
1048.7465 700.000000 1.000000
917.95355 700.000000 1.000000
1176.3576 700.000000 1.000000
698.73065 700.000000 1.000000
913.95184 700.000000 1.000000
540.68402 700.000000 1.000000
807.62316 700.000000 1.000000
878.89563 700.000000 1.000000
2006.0959 700.000000 1.000000
633.77142 700.000000 1.000000
701.99432 700.000000 1.000000
744.16021 700.000000 1.000000
1188.7706 700.000000 1.000000
768.98132 700.000000 1.000000
1221.9273 700.000000 1.000000
662.51861 700.000000 1.000000
1541.6261 700.000000 1.000000
1226.6087 700.000000 1.000000
782.73107 700.000000 1.000000
613.61407 700.000000 1.000000
645.82727 700.000000 1.000000
809.15167 700.000000 1.000000
1572.5548 700.000000 1.000000
694.94628 700.000000 1.000000
732.84857 700.000000 1.000000
824.83032 700.000000 1.000000
968.17419 700.000000 1.000000
558.78552 700.000000 1.000000
1070.1168 700.000000 1.000000
674.79864 700.000000 1.000000
986.99469 700.000000 1.000000
693.51818 700.000000 1.000000
768.26434 700.000000 1.000000
631.54199 700.000000 1.000000
769.61462 700.000000 1.000000
1095.3645 700.000000 1.000000
950.70391 700.000000 1.000000
1100.5279 700.000000 1.000000
762.56921 700.000000 1.000000
1327.7424 700.000000 1.000000
675.38464 700.000000 1.000000
708.53247 700.000000 1.000000
1469.3155 700.000000 1.000000
617.29284 700.000000 1.000000
656.19482 700.000000 1.000000
1213.5795 700.000000 1.000000
910.26550 700.000000 1.000000
436.27438 700.000000 1.000000
957.39581 700.000000 1.000000
839.00659 700.000000 1.000000
1153.1718 700.000000 1.000000
634.70159 700.000000 1.000000
1085.2386 700.000000 1.000000
965.79235 700.000000 1.000000
1137.6369 700.000000 1.000000
690.49389 700.000000 1.000000
715.54565 700.000000 1.000000
913.68011 700.000000 1.000000
709.93261 700.000000 1.000000
675.06964 700.000000 1.000000
1351.3027 700.000000 1.000000
584.49054 700.000000 1.000000
675.49676 700.000000 1.000000
613.96252 700.000000 1.000000
665.54571 700.000000 1.000000
515.09301 700.000000 1.000000
731.20355 700.000000 1.000000
540.82232 700.000000 1.000000
673.61077 700.000000 1.000000
685.17633 700.000000 1.000000
1091.8573 700.000000 1.000000
535.08209 700.000000 1.000000
869.43335 700.000000 1.000000
671.81335 700.000000 1.000000
556.09161 700.000000 1.000000
706.17627 700.000000 1.000000
703.43444 700.000000 1.000000
680.47503 700.000000 1.000000
863.31420 700.000000 1.000000
825.31231 700.000000 1.000000
1771.6754 700.000000 1.000000
528.12219 700.000000 1.000000
606.65722 700.000000 1.000000
642.91455 700.000000 1.000000
2329.7126 700.000000 1.000000
625.56787 700.000000 1.000000
721.19451 700.000000 1.000000
745.79278 700.000000 1.000000
663.76684 700.000000 1.000000
887.12994 700.000000 1.000000
786.42736 700.000000 1.000000
680.78704 700.000000 1.000000
857.40033 700.000000 1.000000
2403.1530 700.000000 1.000000
631.27832 700.000000 1.000000
698.59368 700.000000 1.000000
1313.7943 700.000000 1.000000
1169.8553 700.000000 1.000000
651.54138 700.000000 1.000000
638.95776 700.000000 1.000000
816.62371 700.000000 1.000000
2001.9323 700.000000 1.000000
668.09759 700.000000 1.000000
802.34033 700.000000 1.000000
1011.7575 700.000000 1.000000
806.99072 700.000000 1.000000
765.34088 700.000000 1.000000
717.08404 700.000000 1.000000
692.06042 700.000000 1.000000
674.38647 700.000000 1.000000
870.87060 700.000000 1.000000
1027.6431 700.000000 1.000000
1526.5297 700.000000 1.000000
683.87670 700.000000 1.000000
632.50762 700.000000 1.000000
867.41949 700.000000 1.000000
618.73919 700.000000 1.000000
1124.9951 700.000000 1.000000
757.62115 700.000000 1.000000
1241.7932 700.000000 1.000000
1547.2937 700.000000 1.000000
684.09375 700.000000 1.000000
581.86633 700.000000 1.000000
1371.8239 700.000000 1.000000
1157.5581 700.000000 1.000000
1205.5909 700.000000 1.000000
1036.6975 700.000000 1.000000
738.07415 700.000000 1.000000
554.74346 700.000000 1.000000
769.75146 700.000000 1.000000
889.35711 700.000000 1.000000
1564.6759 700.000000 1.000000
638.72497 700.000000 1.000000
588.86877 700.000000 1.000000
724.44232 700.000000 1.000000
671.29864 700.000000 1.000000
752.00805 700.000000 1.000000
677.61828 700.000000 1.000000
718.38616 700.000000 1.000000
1049.5158 700.000000 1.000000
833.78491 700.000000 1.000000
543.42944 700.000000 1.000000
646.27423 700.000000 1.000000
2204.4914 700.000000 1.000000
1877.4288 700.000000 1.000000
731.41778 700.000000 1.000000
747.16705 700.000000 1.000000
514.67138 700.000000 1.000000
678.27105 700.000000 1.000000
1132.5716 700.000000 1.000000
868.91290 700.000000 1.000000
604.63501 700.000000 1.000000
1992.9985 700.000000 1.000000
981.96209 700.000000 1.000000
913.20135 700.000000 1.000000
727.74401 700.000000 1.000000
622.62695 700.000000 1.000000
640.16760 700.000000 1.000000
1019.9248 700.000000 1.000000
903.85955 700.000000 1.000000
967.85064 700.000000 1.000000
698.64929 700.000000 1.000000
687.18676 700.000000 1.000000
787.19860 700.000000 1.000000
788.59558 700.000000 1.000000
672.88446 700.000000 1.000000
1691.6386 700.000000 1.000000
769.48443 700.000000 1.000000
815.93383 700.000000 1.000000
3173.1960 700.000000 1.000000
666.45623 700.000000 1.000000
648.35821 700.000000 1.000000
667.87536 700.000000 1.000000
897.31012 700.000000 1.000000
629.42657 700.000000 1.000000
667.60296 700.000000 1.000000
687.65246 700.000000 1.000000
864.47967 700.000000 1.000000
 821.1651 700.000000 1.000000
1104.0267 700.000000 1.000000
1006.7160 700.000000 1.000000
1506.6883 700.000000 1.000000
675.41461 700.000000 1.000000
811.88537 700.000000 1.000000
605.44293 700.000000 1.000000
729.56396 700.000000 1.000000
622.08294 700.000000 1.000000
697.24029 700.000000 1.000000
596.12231 700.000000 1.000000
829.25622 700.000000 1.000000
630.77673 700.000000 1.000000
1202.9757 700.000000 1.000000
937.54180 700.000000 1.000000
803.76263 700.000000 1.000000
663.51348 700.000000 1.000000
1083.7236 700.000000 1.000000
651.29138 700.000000 1.000000
681.62780 700.000000 1.000000
704.06103 700.000000 1.000000
1023.5560 700.000000 1.000000
635.11242 700.000000 1.000000
1241.5036 700.000000 1.000000
679.87225 700.000000 1.000000
552.68286 700.000000 1.000000
818.68975 700.000000 1.000000
1384.0399 700.000000 1.000000
677.87939 700.000000 1.000000
920.32067 700.000000 1.000000
1060.6929 700.000000 1.000000
807.91668 700.000000 1.000000
627.06897 700.000000 1.000000
891.86944 700.000000 1.000000
1156.6541 700.000000 1.000000
713.74694 700.000000 1.000000
738.37542 700.000000 1.000000
684.39056 700.000000 1.000000
1015.4451 700.000000 1.000000
1742.4376 700.000000 1.000000
634.77142 700.000000 1.000000
1278.7170 700.000000 1.000000
1911.1313 700.000000 1.000000
1199.2981 700.000000 1.000000
684.20666 700.000000 1.000000
684.99426 700.000000 1.000000
511.81759 700.000000 1.000000
1066.0900 700.000000 1.000000
2654.9619 700.000000 1.000000
923.19342 700.000000 1.000000
1936.4658 700.000000 1.000000
806.51281 700.000000 1.000000
1136.0573 700.000000 1.000000
1152.7897 700.000000 1.000000
873.35119 700.000000 1.000000
941.59436 700.000000 1.000000
1769.4250 700.000000 1.000000
 467.7565 700.000000 1.000000
763.67468 700.000000 1.000000
668.04272 700.000000 1.000000
647.91076 700.000000 1.000000
1267.2766 700.000000 1.000000
1528.9622 700.000000 1.000000
923.25482 700.000000 1.000000
770.98303 700.000000 1.000000
817.95495 700.000000 1.000000
693.07678 700.000000 1.000000
2156.5297 700.000000 1.000000
961.81018 700.000000 1.000000
1181.9340 700.000000 1.000000
612.30535 700.000000 1.000000
632.45330 700.000000 1.000000
679.30133 700.000000 1.000000
1688.4931 700.000000 1.000000
967.91125 700.000000 1.000000
826.43585 700.000000 1.000000
1064.8887 700.000000 1.000000
645.07348 700.000000 1.000000
467.69268 700.000000 1.000000
1350.896 700.000000 1.000000
821.33123 700.000000 1.000000
698.16015 700.000000 1.000000
1298.2973 700.000000 1.000000
932.53326 700.000000 1.000000
845.54217 700.000000 1.000000
715.89019 700.000000 1.000000
1966.2362 700.000000 1.000000
764.39880 700.000000 1.000000
1430.5162 700.000000 1.000000
738.46405 700.000000 1.000000
846.09295 700.000000 1.000000
850.27587 700.000000 1.000000
 676.0979 700.000000 1.000000
676.48968 700.000000 1.000000
834.41668 700.000000 1.000000
702.76922 700.000000 1.000000
1228.8656 700.000000 1.000000
662.63031 700.000000 1.000000
637.01330 700.000000 1.000000
624.37774 700.000000 1.000000
1588.2661 700.000000 1.000000
748.56549 700.000000 1.000000
1193.2814 700.000000 1.000000
726.75567 700.000000 1.000000
771.22180 700.000000 1.000000
887.63275 700.000000 1.000000
2940.0581 700.000000 1.000000
658.18609 700.000000 1.000000
1240.9899 700.000000 1.000000
743.23913 700.000000 1.000000
791.19464 700.000000 1.000000
939.43054 700.000000 1.000000
647.32775 700.000000 1.000000
1091.9758 700.000000 1.000000
946.32409 700.000000 1.000000
1420.3632 700.000000 1.000000
832.87194 700.000000 1.000000
731.78253 700.000000 1.000000
759.22955 700.000000 1.000000
796.56652 700.000000 1.000000
842.88189 700.000000 1.000000
653.92364 700.000000 1.000000
786.61218 700.000000 1.000000
591.70434 700.000000 1.000000
628.52294 700.000000 1.000000
734.98547 700.000000 1.000000
1150.2315 700.000000 1.000000
1421.9211 700.000000 1.000000
1003.3675 700.000000 1.000000
938.92413 700.000000 1.000000
697.74127 700.000000 1.000000
719.29229 700.000000 1.000000
1171.8806 700.000000 1.000000
896.07617 700.000000 1.000000
732.69622 700.000000 1.000000
720.54809 700.000000 1.000000
786.40246 700.000000 1.000000
1003.6178 700.000000 1.000000
861.17511 700.000000 1.000000
963.10955 700.000000 1.000000
625.84436 700.000000 1.000000
929.70019 700.000000 1.000000
1142.3927 700.000000 1.000000
758.35754 700.000000 1.000000
730.54303 700.000000 1.000000
858.82849 700.000000 1.000000
576.93481 700.000000 1.000000
700.94244 700.000000 1.000000
825.91577 700.000000 1.000000
729.81298 700.000000 1.000000
636.00677 700.000000 1.000000
996.93530 700.000000 1.000000
745.67175 700.000000 1.000000
622.25933 700.000000 1.000000
656.81012 700.000000 1.000000
610.25836 700.000000 1.000000
1045.5653 700.000000 1.000000
710.55401 700.000000 1.000000
862.66461 700.000000 1.000000
829.51647 700.000000 1.000000
689.00036 700.000000 1.000000
658.86529 700.000000 1.000000
732.44091 700.000000 1.000000
763.61041 700.000000 1.000000
568.75140 700.000000 1.000000
751.04748 700.000000 1.000000
969.67028 700.000000 1.000000
1418.4807 700.000000 1.000000
1173.8311 700.000000 1.000000
724.90905 700.000000 1.000000
716.72406 700.000000 1.000000
600.23596 700.000000 1.000000
977.47168 700.000000 1.000000
605.78741 700.000000 1.000000
1063.8803 700.000000 1.000000
772.47094 700.000000 1.000000
449.56845 700.000000 1.000000
741.68127 700.000000 1.000000
846.77648 700.000000 1.000000
861.64032 700.000000 1.000000
653.54174 700.000000 1.000000
1579.4510 700.000000 1.000000
839.01074 700.000000 1.000000
1900.7218 700.000000 1.000000
994.79956 700.000000 1.000000
1033.9665 700.000000 1.000000
766.31268 700.000000 1.000000
802.13696 700.000000 1.000000
1509.0511 700.000000 1.000000
1191.4260 700.000000 1.000000
2219.8776 700.000000 1.000000
674.94158 700.000000 1.000000
540.76007 700.000000 1.000000
699.74945 700.000000 1.000000
728.60302 700.000000 1.000000
2062.1147 700.000000 1.000000
1142.4278 700.000000 1.000000
1731.9498 700.000000 1.000000
899.81945 700.000000 1.000000
1192.5312 700.000000 1.000000
1111.8233 700.000000 1.000000
685.26934 700.000000 1.000000
943.91827 700.000000 1.000000
658.40844 700.000000 1.000000
684.48852 700.000000 1.000000
1789.8647 700.000000 1.000000
891.19073 700.000000 1.000000
679.24652 700.000000 1.000000
657.33575 700.000000 1.000000
791.28686 700.000000 1.000000
835.62121 700.000000 1.000000
969.68029 700.000000 1.000000
857.20800 700.000000 1.000000
850.71936 700.000000 1.000000
685.51037 700.000000 1.000000
756.52313 700.000000 1.000000
562.16583 700.000000 1.000000
1000.2033 700.000000 1.000000
869.17388 700.000000 1.000000
1612.0351 700.000000 1.000000
583.75091 700.000000 1.000000
694.62542 700.000000 1.000000
757.64495 700.000000 1.000000
873.78772 700.000000 1.000000
982.97241 700.000000 1.000000
681.28320 700.000000 1.000000
733.77362 700.000000 1.000000
505.58309 700.000000 1.000000
1430.9383 700.000000 1.000000
798.40051 700.000000 1.000000
675.11584 700.000000 1.000000
1589.4826 700.000000 1.000000
3557.9035 700.000000 1.000000
894.72814 700.000000 1.000000
2019.0966 700.000000 1.000000
979.05127 700.000000 1.000000
775.92303 700.000000 1.000000
625.77447 700.000000 1.000000
765.79779 700.000000 1.000000
654.42999 700.000000 1.000000
660.95105 700.000000 1.000000
649.67779 700.000000 1.000000
627.12701 700.000000 1.000000
2858.4736 700.000000 1.000000
689.17120 700.000000 1.000000
651.44458 700.000000 1.000000
640.32824 700.000000 1.000000
786.89440 700.000000 1.000000
756.65478 700.000000 1.000000
700.19915 700.000000 1.000000
1006.8102 700.000000 1.000000
588.51916 700.000000 1.000000
703.56427 700.000000 1.000000
782.73730 700.000000 1.000000
876.69213 700.000000 1.000000
922.23278 700.000000 1.000000
538.47662 700.000000 1.000000
800.17889 700.000000 1.000000
1176.7684 700.000000 1.000000
631.67077 700.000000 1.000000
882.43786 700.000000 1.000000
752.27764 700.000000 1.000000
822.23657 700.000000 1.000000
1097.8646 700.000000 1.000000
839.60662 700.000000 1.000000
1202.3862 700.000000 1.000000
714.49908 700.000000 1.000000
666.24536 700.000000 1.000000
573.64941 700.000000 1.000000
675.40899 700.000000 1.000000
660.63787 700.000000 1.000000
1269.4378 700.000000 1.000000
1798.1806 700.000000 1.000000
1468.1054 700.000000 1.000000
831.39129 700.000000 1.000000
769.50061 700.000000 1.000000
586.42095 700.000000 1.000000
840.47375 700.000000 1.000000
1821.9841 700.000000 1.000000
859.12725 700.000000 1.000000
795.05041 700.000000 1.000000
804.49792 700.000000 1.000000
559.49523 700.000000 1.000000
841.14831 700.000000 1.000000
625.39215 700.000000 1.000000
647.97583 700.000000 1.000000
725.18151 700.000000 1.000000
1270.2074 700.000000 1.000000
983.77832 700.000000 1.000000
839.66412 700.000000 1.000000
652.65155 700.000000 1.000000
1269.4799 700.000000 1.000000
1218.7237 700.000000 1.000000
685.45861 700.000000 1.000000
1427.5618 700.000000 1.000000
645.26116 700.000000 1.000000
682.04400 700.000000 1.000000
808.37158 700.000000 1.000000
690.23089 700.000000 1.000000
1240.8927 700.000000 1.000000
1008.0638 700.000000 1.000000
1585.7003 700.000000 1.000000
900.24731 700.000000 1.000000
611.01965 700.000000 1.000000
664.06481 700.000000 1.000000
917.19043 700.000000 1.000000
599.15063 700.000000 1.000000
663.27258 700.000000 1.000000
748.45282 700.000000 1.000000
841.58715 700.000000 1.000000
1527.9007 700.000000 1.000000
606.57318 700.000000 1.000000
593.97503 700.000000 1.000000
1051.8553 700.000000 1.000000
607.37377 700.000000 1.000000
653.89605 700.000000 1.000000
643.19183 700.000000 1.000000
2646.1657 700.000000 1.000000
692.35968 700.000000 1.000000
1124.6367 700.000000 1.000000
590.14849 700.000000 1.000000
676.24835 700.000000 1.000000
917.28405 700.000000 1.000000
639.66070 700.000000 1.000000
820.45581 700.000000 1.000000
931.18255 700.000000 1.000000
609.06665 700.000000 1.000000
752.23260 700.000000 1.000000
686.84332 700.000000 1.000000
675.14532 700.000000 1.000000
865.17742 700.000000 1.000000
989.58429 700.000000 1.000000
733.34845 700.000000 1.000000
555.06823 700.000000 1.000000
509.71289 700.000000 1.000000
970.74499 700.000000 1.000000
923.83801 700.000000 1.000000
754.47308 700.000000 1.000000
1264.9133 700.000000 1.000000
765.93499 700.000000 1.000000
902.40612 700.000000 1.000000
841.01843 700.000000 1.000000
652.83801 700.000000 1.000000
923.70550 700.000000 1.000000
713.28033 700.000000 1.000000
512.51440 700.000000 1.000000
800.47613 700.000000 1.000000
631.00622 700.000000 1.000000
685.73907 700.000000 1.000000
1193.1948 700.000000 1.000000
580.23675 700.000000 1.000000
2846.8772 700.000000 1.000000
764.55621 700.000000 1.000000
578.90399 700.000000 1.000000
821.12652 700.000000 1.000000
597.73339 700.000000 1.000000
811.87902 700.000000 1.000000
1818.2921 700.000000 1.000000
776.71820 700.000000 1.000000
729.88726 700.000000 1.000000
1540.5230 700.000000 1.000000
1477.8658 700.000000 1.000000
678.01690 700.000000 1.000000
1668.0889 700.000000 1.000000
725.06042 700.000000 1.000000
1192.1469 700.000000 1.000000
1197.3656 700.000000 1.000000
1423.3648 700.000000 1.000000
975.80377 700.000000 1.000000
686.51788 700.000000 1.000000
470.10025 700.000000 1.000000
942.48986 700.000000 1.000000
1097.6658 700.000000 1.000000
742.75024 700.000000 1.000000
983.98120 700.000000 1.000000
712.14721 700.000000 1.000000
939.33880 700.000000 1.000000
935.77246 700.000000 1.000000
729.03613 700.000000 1.000000
1227.1960 700.000000 1.000000
582.20184 700.000000 1.000000
663.03381 700.000000 1.000000
708.56134 700.000000 1.000000
625.87365 700.000000 1.000000
977.80743 700.000000 1.000000
899.28344 700.000000 1.000000
756.33410 700.000000 1.000000
746.76171 700.000000 1.000000
928.11816 700.000000 1.000000
675.17462 700.000000 1.000000
 648.1604 700.000000 1.000000
789.52807 700.000000 1.000000
661.21948 700.000000 1.000000
669.54681 700.000000 1.000000
889.76269 700.000000 1.000000
838.46380 700.000000 1.000000
570.77343 700.000000 1.000000
636.49285 700.000000 1.000000
838.89349 700.000000 1.000000
869.61016 700.000000 1.000000
573.04260 700.000000 1.000000
707.95422 700.000000 1.000000
712.70507 700.000000 1.000000
705.37054 700.000000 1.000000
1069.9959 700.000000 1.000000
1546.9587 700.000000 1.000000
770.48468 700.000000 1.000000
1166.4945 700.000000 1.000000
807.53686 700.000000 1.000000
780.57366 700.000000 1.000000
595.07318 700.000000 1.000000
745.99853 700.000000 1.000000
714.10528 700.000000 1.000000
1085.1645 700.000000 1.000000
1459.9611 700.000000 1.000000
1389.8300 700.000000 1.000000
1362.7376 700.000000 1.000000
513.23742 700.000000 1.000000
588.10400 700.000000 1.000000
1424.5465 700.000000 1.000000
994.03259 700.000000 1.000000
966.39239 700.000000 1.000000
571.48358 700.000000 1.000000
695.41864 700.000000 1.000000
666.81658 700.000000 1.000000
995.80200 700.000000 1.000000
1526.6092 700.000000 1.000000
586.49646 700.000000 1.000000
858.98736 700.000000 1.000000
732.81860 700.000000 1.000000
1176.9834 700.000000 1.000000
1837.0410 700.000000 1.000000
588.42279 700.000000 1.000000
1700.4968 700.000000 1.000000
760.24249 700.000000 1.000000
1145.0844 700.000000 1.000000
724.68048 700.000000 1.000000
1284.4502 700.000000 1.000000
665.72851 700.000000 1.000000
558.93353 700.000000 1.000000
1106.901 700.000000 1.000000
969.95526 700.000000 1.000000
692.91284 700.000000 1.000000
628.37408 700.000000 1.000000
1111.8182 700.000000 1.000000
956.37439 700.000000 1.000000
883.43255 700.000000 1.000000
740.66564 700.000000 1.000000
728.88330 700.000000 1.000000
689.77056 700.000000 1.000000
877.07086 700.000000 1.000000
723.11712 700.000000 1.000000
496.16699 700.000000 1.000000
690.70874 700.000000 1.000000
637.95043 700.000000 1.000000
769.68396 700.000000 1.000000
744.31329 700.000000 1.000000
753.23413 700.000000 1.000000
994.28912 700.000000 1.000000
917.86621 700.000000 1.000000
1171.1588 700.000000 1.000000
610.27124 700.000000 1.000000
713.81726 700.000000 1.000000
705.59899 700.000000 1.000000
883.32659 700.000000 1.000000
606.87658 700.000000 1.000000
410.71316 700.000000 1.000000
662.55926 700.000000 1.000000
760.22155 700.000000 1.000000
605.95489 700.000000 1.000000
948.03149 700.000000 1.000000
932.78381 700.000000 1.000000
764.14617 700.000000 1.000000
2094.2087 700.000000 1.000000
875.15124 700.000000 1.000000
725.96350 700.000000 1.000000
538.45153 700.000000 1.000000
569.94464 700.000000 1.000000
700.37292 700.000000 1.000000
734.51873 700.000000 1.000000
1217.1633 700.000000 1.000000
633.34429 700.000000 1.000000
1671.8642 700.000000 1.000000
749.85205 700.000000 1.000000
640.27691 700.000000 1.000000
705.99035 700.000000 1.000000
841.17730 700.000000 1.000000
667.28649 700.000000 1.000000
769.78991 700.000000 1.000000
634.79364 700.000000 1.000000
776.06665 700.000000 1.000000
1148.6098 700.000000 1.000000
749.63293 700.000000 1.000000
668.67932 700.000000 1.000000
1471.0153 700.000000 1.000000
1451.8486 700.000000 1.000000
884.30700 700.000000 1.000000
1357.0291 700.000000 1.000000
547.96826 700.000000 1.000000
1028.8396 700.000000 1.000000
726.47052 700.000000 1.000000
732.60968 700.000000 1.000000
1070.7065 700.000000 1.000000
714.60137 700.000000 1.000000
607.58660 700.000000 1.000000
516.35870 700.000000 1.000000
600.33026 700.000000 1.000000
903.79449 700.000000 1.000000
622.98522 700.000000 1.000000
1055.4652 700.000000 1.000000
1482.2208 700.000000 1.000000
754.47906 700.000000 1.000000
1162.8138 700.000000 1.000000
739.27514 700.000000 1.000000
815.82824 700.000000 1.000000
637.05700 700.000000 1.000000
637.65515 700.000000 1.000000
619.73077 700.000000 1.000000
777.66912 700.000000 1.000000
810.15521 700.000000 1.000000
668.85314 700.000000 1.000000
728.96044 700.000000 1.000000
859.15325 700.000000 1.000000
698.05529 700.000000 1.000000
2764.0915 700.000000 1.000000
1688.3985 700.000000 1.000000
684.82122 700.000000 1.000000
741.43829 700.000000 1.000000
1458.8492 700.000000 1.000000
723.66754 700.000000 1.000000
1133.0903 700.000000 1.000000
897.39074 700.000000 1.000000
709.52905 700.000000 1.000000
664.26831 700.000000 1.000000
2195.8076 700.000000 1.000000
2360.9314 700.000000 1.000000
702.18444 700.000000 1.000000
683.32910 700.000000 1.000000
928.71612 700.000000 1.000000
790.65594 700.000000 1.000000
647.39074 700.000000 1.000000
1151.6361 700.000000 1.000000
1091.5822 700.000000 1.000000
627.21191 700.000000 1.000000
591.47552 700.000000 1.000000
1060.5219 700.000000 1.000000
775.02398 700.000000 1.000000
674.01074 700.000000 1.000000
972.80853 700.000000 1.000000
758.29791 700.000000 1.000000
506.63641 700.000000 1.000000
816.30694 700.000000 1.000000
1502.0241 700.000000 1.000000
759.92834 700.000000 1.000000
878.08697 700.000000 1.000000
1704.4420 700.000000 1.000000
919.39178 700.000000 1.000000
1447.4073 700.000000 1.000000
575.40155 700.000000 1.000000
798.44683 700.000000 1.000000
1285.4086 700.000000 1.000000
962.74670 700.000000 1.000000
1130.8046 700.000000 1.000000
1087.4990 700.000000 1.000000
1527.0095 700.000000 1.000000
719.52868 700.000000 1.000000
711.13696 700.000000 1.000000
715.54779 700.000000 1.000000
518.42846 700.000000 1.000000
963.15741 700.000000 1.000000
712.23669 700.000000 1.000000
703.46765 700.000000 1.000000
870.50567 700.000000 1.000000
672.79718 700.000000 1.000000
675.62585 700.000000 1.000000
1034.9058 700.000000 1.000000
983.77349 700.000000 1.000000
823.22491 700.000000 1.000000
618.11358 700.000000 1.000000
607.32116 700.000000 1.000000
1096.7036 700.000000 1.000000
1030.6154 700.000000 1.000000
722.51660 700.000000 1.000000
591.45489 700.000000 1.000000
622.78491 700.000000 1.000000
835.88543 700.000000 1.000000
674.56109 700.000000 1.000000
610.26348 700.000000 1.000000
662.06115 700.000000 1.000000
881.74176 700.000000 1.000000
1410.0282 700.000000 1.000000
760.42236 700.000000 1.000000
1429.5383 700.000000 1.000000
1535.4034 700.000000 1.000000
1083.3442 700.000000 1.000000
663.57037 700.000000 1.000000
747.34930 700.000000 1.000000
787.85321 700.000000 1.000000
863.70825 700.000000 1.000000
589.82702 700.000000 1.000000
675.32916 700.000000 1.000000
772.11737 700.000000 1.000000
732.67309 700.000000 1.000000
1119.5931 700.000000 1.000000
1167.3443 700.000000 1.000000
658.76818 700.000000 1.000000