1256.214100 1400.000000 1.000000
1179.101800 1400.000000 1.000000
1397.440400 1400.000000 1.000000
2173.700900 1400.000000 1.000000
1532.574400 1400.000000 1.000000
2246.201400 1400.000000 1.000000
1414.182500 1400.000000 1.000000
1362.101900 1400.000000 1.000000
1082.138500 1400.000000 1.000000
1526.270300 1400.000000 1.000000
1413.894600 1400.000000 1.000000
1549.411300 1400.000000 1.000000
1819.215000 1400.000000 1.000000
1380.377900 1400.000000 1.000000
1839.314900 1400.000000 1.000000
1807.267000 1400.000000 1.000000
1143.495800 1400.000000 1.000000
1580.680900 1400.000000 1.000000
2078.810000 1400.000000 1.000000
1366.906000 1400.000000 1.000000
1149.760500 1400.000000 1.000000
2008.275700 1400.000000 1.000000
1447.497000 1400.000000 1.000000
1027.746700 1400.000000 1.000000
1708.926600 1400.000000 1.000000
1266.944700 1400.000000 1.000000
1331.273300 1400.000000 1.000000
1509.531700 1400.000000 1.000000
1565.135000 1400.000000 1.000000
1483.562900 1400.000000 1.000000
1189.391900 1400.000000 1.000000
1425.096900 1400.000000 1.000000
1688.031900 1400.000000 1.000000
2384.979200 1400.000000 1.000000
1810.040800 1400.000000 1.000000
1534.364900 1400.000000 1.000000
1892.695600 1400.000000 1.000000
1390.161200 1400.000000 1.000000
1440.533400 1400.000000 1.000000
1570.404700 1400.000000 1.000000
1766.826200 1400.000000 1.000000
1409.681200 1400.000000 1.000000
1337.073100 1400.000000 1.000000
1933.253000 1400.000000 1.000000
1996.973200 1400.000000 1.000000
1419.192800 1400.000000 1.000000
1177.651000 1400.000000 1.000000
1481.386200 1400.000000 1.000000
1844.366000 1400.000000 1.000000
1813.017200 1400.000000 1.000000
2415.184800 1400.000000 1.000000
1508.606400 1400.000000 1.000000
1435.334200 1400.000000 1.000000
1410.088000 1400.000000 1.000000
934.879210 1400.000000 1.000000
3759.558800 1400.000000 1.000000
2248.651800 1400.000000 1.000000
1392.954900 1400.000000 1.000000
1652.386800 1400.000000 1.000000
1724.603000 1400.000000 1.000000
1432.306000 1400.000000 1.000000
1414.885900 1400.000000 1.000000
1291.984800 1400.000000 1.000000
1791.378000 1400.000000 1.000000
2197.726500 1400.000000 1.000000
1348.358200 1400.000000 1.000000
1835.125200 1400.000000 1.000000
956.958310 1400.000000 1.000000
1351.398100 1400.000000 1.000000
3155.099100 1400.000000 1.000000
1959.587200 1400.000000 1.000000
1408.519200 1400.000000 1.000000
1822.486900 1400.000000 1.000000
2519.986000 1400.000000 1.000000
1184.818700 1400.000000 1.000000
1610.111800 1400.000000 1.000000
1915.357600 1400.000000 1.000000
1331.892200 1400.000000 1.000000
1208.994600 1400.000000 1.000000
1233.704100 1400.000000 1.000000
1939.345300 1400.000000 1.000000
1118.100900 1400.000000 1.000000
1055.387300 1400.000000 1.000000
1248.144900 1400.000000 1.000000
1623.966100 1400.000000 1.000000
1109.140100 1400.000000 1.000000
1828.010700 1400.000000 1.000000
1463.355300 1400.000000 1.000000
1055.467700 1400.000000 1.000000
2052.948200 1400.000000 1.000000
1349.146200 1400.000000 1.000000
2256.444300 1400.000000 1.000000
1386.162300 1400.000000 1.000000
3430.305600 1400.000000 1.000000
3759.217200 1400.000000 1.000000
2587.398400 1400.000000 1.000000
1148.537900 1400.000000 1.000000
1870.731400 1400.000000 1.000000
987.646170 1400.000000 1.000000
1499.477500 1400.000000 1.000000
1454.563600 1400.000000 1.000000
1553.407700 1400.000000 1.000000
1539.169400 1400.000000 1.000000
1669.645500 1400.000000 1.000000
1428.385000 1400.000000 1.000000
2176.999200 1400.000000 1.000000
1860.341900 1400.000000 1.000000
1519.050400 1400.000000 1.000000
1737.752400 1400.000000 1.000000
1047.895200 1400.000000 1.000000
1527.758000 1400.000000 1.000000
1888.176000 1400.000000 1.000000
1434.395100 1400.000000 1.000000
1272.332800 1400.000000 1.000000
1243.070800 1400.000000 1.000000
1174.552000 1400.000000 1.000000
1572.047900 1400.000000 1.000000
1668.471500 1400.000000 1.000000
1179.547700 1400.000000 1.000000
2110.275800 1400.000000 1.000000
1294.739300 1400.000000 1.000000
1584.280500 1400.000000 1.000000
2363.439200 1400.000000 1.000000
1434.546000 1400.000000 1.000000
1461.532300 1400.000000 1.000000
1402.255900 1400.000000 1.000000
721.590820 1400.000000 1.000000
1814.833500 1400.000000 1.000000
1458.163900 1400.000000 1.000000
996.832820 1400.000000 1.000000
1664.401700 1400.000000 1.000000
1679.521400 1400.000000 1.000000
1182.247000 1400.000000 1.000000
1643.642800 1400.000000 1.000000
1347.115900 1400.000000 1.000000
1261.633900 1400.000000 1.000000
2348.832500 1400.000000 1.000000
1463.700400 1400.000000 1.000000
2439.293700 1400.000000 1.000000
1175.019700 1400.000000 1.000000
1588.371300 1400.000000 1.000000
1562.771700 1400.000000 1.000000
1092.600900 1400.000000 1.000000
1678.448400 1400.000000 1.000000
1435.021300 1400.000000 1.000000
1444.724700 1400.000000 1.000000
2173.865700 1400.000000 1.000000
1381.877800 1400.000000 1.000000
1634.067300 1400.000000 1.000000
1574.968000 1400.000000 1.000000
2013.580500 1400.000000 1.000000
1013.814800 1400.000000 1.000000
1707.579100 1400.000000 1.000000
1513.834800 1400.000000 1.000000
810.117980 1400.000000 1.000000
1575.911000 1400.000000 1.000000
1450.466000 1400.000000 1.000000
1292.381900 1400.000000 1.000000
1560.396900 1400.000000 1.000000
1599.942000 1400.000000 1.000000
1460.814000 1400.000000 1.000000
1532.069700 1400.000000 1.000000
1198.979100 1400.000000 1.000000
1242.609200 1400.000000 1.000000
1542.874600 1400.000000 1.000000
2110.959200 1400.000000 1.000000
1468.825900 1400.000000 1.000000
2009.682800 1400.000000 1.000000
933.016900 1400.000000 1.000000
1335.348300 1400.000000 1.000000
945.752500 1400.000000 1.000000
1540.503100 1400.000000 1.000000
1420.452000 1400.000000 1.000000
1377.102000 1400.000000 1.000000
1536.925400 1400.000000 1.000000
1617.528600 1400.000000 1.000000
1430.976400 1400.000000 1.000000
1231.964700 1400.000000 1.000000
1789.131400 1400.000000 1.000000
1405.259500 1400.000000 1.000000
1646.134100 1400.000000 1.000000
1897.810500 1400.000000 1.000000
983.094540 1400.000000 1.000000
1667.038000 1400.000000 1.000000
1459.298400 1400.000000 1.000000
1277.225300 1400.000000 1.000000
1789.723300 1400.000000 1.000000
1914.979700 1400.000000 1.000000
4463.146900 1400.000000 1.000000
1462.422900 1400.000000 1.000000
1515.544900 1400.000000 1.000000
1248.660100 1400.000000 1.000000
1288.963900 1400.000000 1.000000
1213.549000 1400.000000 1.000000
2054.294100 1400.000000 1.000000
1339.425700 1400.000000 1.000000
1412.358100 1400.000000 1.000000
2885.221100 1400.000000 1.000000
1223.778000 1400.000000 1.000000
1465.582100 1400.000000 1.000000
1367.828600 1400.000000 1.000000
1255.139700 1400.000000 1.000000
869.341730 1400.000000 1.000000
1588.279000 1400.000000 1.000000
1767.083100 1400.000000 1.000000
1672.096100 1400.000000 1.000000
1468.411800 1400.000000 1.000000
3230.343900 1400.000000 1.000000
1616.597500 1400.000000 1.000000
1218.846600 1400.000000 1.000000
2337.329800 1400.000000 1.000000
2180.762400 1400.000000 1.000000
1634.077700 1400.000000 1.000000
1231.138700 1400.000000 1.000000
1837.880900 1400.000000 1.000000
1281.274600 1400.000000 1.000000
1280.741900 1400.000000 1.000000
1801.001800 1400.000000 1.000000
1512.703600 1400.000000 1.000000
1333.659700 1400.000000 1.000000
1790.749300 1400.000000 1.000000
1121.608100 1400.000000 1.000000
2406.462800 1400.000000 1.000000
1391.370000 1400.000000 1.000000
1908.703900 1400.000000 1.000000
1008.774600 1400.000000 1.000000
1607.368100 1400.000000 1.000000
1348.300000 1400.000000 1.000000
2062.288000 1400.000000 1.000000
2388.192600 1400.000000 1.000000
1267.405400 1400.000000 1.000000
1001.510100 1400.000000 1.000000
1317.623200 1400.000000 1.000000
1414.718100 1400.000000 1.000000
1500.935500 1400.000000 1.000000
1441.912200 1400.000000 1.000000
1881.641700 1400.000000 1.000000
1284.130300 1400.000000 1.000000
1438.155700 1400.000000 1.000000
2010.479900 1400.000000 1.000000
958.105950 1400.000000 1.000000
1223.628500 1400.000000 1.000000
1534.001800 1400.000000 1.000000
1856.465200 1400.000000 1.000000
1631.191100 1400.000000 1.000000
1325.792800 1400.000000 1.000000
1398.741200 1400.000000 1.000000
1188.393800 1400.000000 1.000000
1187.681200 1400.000000 1.000000
1380.674000 1400.000000 1.000000
1506.835200 1400.000000 1.000000
1673.664000 1400.000000 1.000000
1054.152900 1400.000000 1.000000
1542.536000 1400.000000 1.000000
1437.575200 1400.000000 1.000000
1545.543700 1400.000000 1.000000
1334.941500 1400.000000 1.000000
1384.193200 1400.000000 1.000000
1533.835300 1400.000000 1.000000
1012.292100 1400.000000 1.000000
1751.317800 1400.000000 1.000000
1233.352700 1400.000000 1.000000
3498.072700 1400.000000 1.000000
908.976190 1400.000000 1.000000
1203.502300 1400.000000 1.000000
1399.492100 1400.000000 1.000000
2290.490700 1400.000000 1.000000
1230.117500 1400.000000 1.000000
3188.800700 1400.000000 1.000000
1560.635800 1400.000000 1.000000
1506.266400 1400.000000 1.000000
1335.541700 1400.000000 1.000000
2517.438700 1400.000000 1.000000
1694.952100 1400.000000 1.000000
1577.774700 1400.000000 1.000000
2050.510700 1400.000000 1.000000
2638.065100 1400.000000 1.000000
3006.701900 1400.000000 1.000000
1542.789700 1400.000000 1.000000
1462.101600 1400.000000 1.000000
1332.978000 1400.000000 1.000000
1386.393800 1400.000000 1.000000
1465.946700 1400.000000 1.000000
1856.745100 1400.000000 1.000000
1616.138400 1400.000000 1.000000
1544.422400 1400.000000 1.000000
1492.294500 1400.000000 1.000000
1317.022500 1400.000000 1.000000
2120.134200 1400.000000 1.000000
1302.180900 1400.000000 1.000000
1209.303500 1400.000000 1.000000
1356.720200 1400.000000 1.000000
1498.085200 1400.000000 1.000000
1495.149600 1400.000000 1.000000
2200.700600 1400.000000 1.000000
1393.162900 1400.000000 1.000000
1615.139000 1400.000000 1.000000
1419.991400 1400.000000 1.000000
1617.848700 1400.000000 1.000000
1380.404600 1400.000000 1.000000
1225.895600 1400.000000 1.000000
761.499930 1400.000000 1.000000
1529.604200 1400.000000 1.000000
1150.253600 1400.000000 1.000000
2227.426700 1400.000000 1.000000
4319.331500 1400.000000 1.000000
1384.631500 1400.000000 1.000000
1025.078100 1400.000000 1.000000
1677.544100 1400.000000 1.000000
1224.083700 1400.000000 1.000000
1636.509200 1400.000000 1.000000
1354.456500 1400.000000 1.000000
1359.797400 1400.000000 1.000000
1286.465500 1400.000000 1.000000
1452.547600 1400.000000 1.000000
1325.689400 1400.000000 1.000000
1826.591900 1400.000000 1.000000
1968.274500 1400.000000 1.000000
1474.062200 1400.000000 1.000000
742.935360 1400.000000 1.000000
2345.374200 1400.000000 1.000000
1225.647200 1400.000000 1.000000
2347.730200 1400.000000 1.000000
1307.581400 1400.000000 1.000000
1174.791900 1400.000000 1.000000
1969.685300 1400.000000 1.000000
1662.296500 1400.000000 1.000000
1315.874700 1400.000000 1.000000
1437.393100 1400.000000 1.000000
1309.685400 1400.000000 1.000000
960.586730 1400.000000 1.000000
1899.439700 1400.000000 1.000000
1176.422400 1400.000000 1.000000
2077.227000 1400.000000 1.000000
1375.932100 1400.000000 1.000000
867.171200 1400.000000 1.000000
1333.550200 1400.000000 1.000000
1710.692800 1400.000000 1.000000
1060.643900 1400.000000 1.000000
1722.174100 1400.000000 1.000000
1530.868100 1400.000000 1.000000
2053.617100 1400.000000 1.000000
2476.436700 1400.000000 1.000000
2276.880800 1400.000000 1.000000
1288.990100 1400.000000 1.000000
1480.920900 1400.000000 1.000000
2071.455500 1400.000000 1.000000
1416.754700 1400.000000 1.000000
1925.525500 1400.000000 1.000000
1388.952800 1400.000000 1.000000
1872.009200 1400.000000 1.000000
1503.152800 1400.000000 1.000000
1595.208200 1400.000000 1.000000
1295.455800 1400.000000 1.000000
1340.530100 1400.000000 1.000000
1210.666600 1400.000000 1.000000
1978.182800 1400.000000 1.000000
1218.389500 1400.000000 1.000000
1433.043000 1400.000000 1.000000
1778.234200 1400.000000 1.000000
1896.790100 1400.000000 1.000000
1606.338700 1400.000000 1.000000
2393.005800 1400.000000 1.000000
1524.669100 1400.000000 1.000000
2269.781400 1400.000000 1.000000
1356.199900 1400.000000 1.000000
1080.241400 1400.000000 1.000000
1765.040800 1400.000000 1.000000
1499.708000 1400.000000 1.000000
1589.528600 1400.000000 1.000000
1004.859600 1400.000000 1.000000
1551.490300 1400.000000 1.000000
1663.339900 1400.000000 1.000000
1606.957800 1400.000000 1.000000
1221.128000 1400.000000 1.000000
1391.486800 1400.000000 1.000000
1805.909900 1400.000000 1.000000
1177.392400 1400.000000 1.000000
2612.703100 1400.000000 1.000000
1282.212200 1400.000000 1.000000
1843.061400 1400.000000 1.000000
2939.319500 1400.000000 1.000000
1550.659900 1400.000000 1.000000
988.272150 1400.000000 1.000000
2803.307100 1400.000000 1.000000
1126.707200 1400.000000 1.000000
2124.871300 1400.000000 1.000000
1234.490700 1400.000000 1.000000
1479.722700 1400.000000 1.000000
2029.616800 1400.000000 1.000000
1186.306500 1400.000000 1.000000
1448.884600 1400.000000 1.000000
1529.643500 1400.000000 1.000000
2945.124000 1400.000000 1.000000
2146.215500 1400.000000 1.000000
1902.036000 1400.000000 1.000000
1333.011100 1400.000000 1.000000
1102.814700 1400.000000 1.000000
1527.972000 1400.000000 1.000000
1415.010900 1400.000000 1.000000
1270.572300 1400.000000 1.000000
1305.318800 1400.000000 1.000000
1517.511900 1400.000000 1.000000
2040.136900 1400.000000 1.000000
1177.011200 1400.000000 1.000000
1229.467600 1400.000000 1.000000
1757.701400 1400.000000 1.000000
1509.922300 1400.000000 1.000000
1321.869600 1400.000000 1.000000
1846.104000 1400.000000 1.000000
1107.410200 1400.000000 1.000000
3522.815100 1400.000000 1.000000
1019.275100 1400.000000 1.000000
1398.051500 1400.000000 1.000000
1277.622100 1400.000000 1.000000
2212.618900 1400.000000 1.000000
1822.267200 1400.000000 1.000000
1768.418800 1400.000000 1.000000
1154.935000 1400.000000 1.000000
1199.902100 1400.000000 1.000000
1399.600300 1400.000000 1.000000
1421.825300 1400.000000 1.000000
1625.877600 1400.000000 1.000000
2448.830000 1400.000000 1.000000
1614.616400 1400.000000 1.000000
2268.127200 1400.000000 1.000000
2347.899600 1400.000000 1.000000
1249.917900 1400.000000 1.000000
1440.785600 1400.000000 1.000000
1278.231400 1400.000000 1.000000
1952.394600 1400.000000 1.000000
884.398980 1400.000000 1.000000
1927.549600 1400.000000 1.000000
1592.817700 1400.000000 1.000000
1658.386200 1400.000000 1.000000
1711.650500 1400.000000 1.000000
1384.047900 1400.000000 1.000000
2572.902500 1400.000000 1.000000
996.592160 1400.000000 1.000000
1659.397700 1400.000000 1.000000
1813.696100 1400.000000 1.000000
1425.464100 1400.000000 1.000000
1250.397000 1400.000000 1.000000
1363.258400 1400.000000 1.000000
1160.517700 1400.000000 1.000000
1904.175700 1400.000000 1.000000
1862.627400 1400.000000 1.000000
1266.084400 1400.000000 1.000000
1201.813200 1400.000000 1.000000
1412.464900 1400.000000 1.000000
3678.104700 1400.000000 1.000000
1016.613400 1400.000000 1.000000
1870.131500 1400.000000 1.000000
1389.642900 1400.000000 1.000000
1273.891600 1400.000000 1.000000
1405.303800 1400.000000 1.000000
2175.388100 1400.000000 1.000000
1174.989500 1400.000000 1.000000
1906.334100 1400.000000 1.000000
1504.137200 1400.000000 1.000000
1560.441400 1400.000000 1.000000
1487.548700 1400.000000 1.000000
829.412960 1400.000000 1.000000
1036.987600 1400.000000 1.000000
1471.961300 1400.000000 1.000000
1236.825500 1400.000000 1.000000
1547.546500 1400.000000 1.000000
2530.757500 1400.000000 1.000000
1465.340500 1400.000000 1.000000
3153.651800 1400.000000 1.000000
1778.495300 1400.000000 1.000000
1105.301500 1400.000000 1.000000
1838.981800 1400.000000 1.000000
1326.117800 1400.000000 1.000000
1215.885500 1400.000000 1.000000
2384.289300 1400.000000 1.000000
1245.813900 1400.000000 1.000000
2160.888600 1400.000000 1.000000
1825.764000 1400.000000 1.000000
1601.827100 1400.000000 1.000000
3064.540500 1400.000000 1.000000
1380.219600 1400.000000 1.000000
1197.776900 1400.000000 1.000000
2032.674600 1400.000000 1.000000
1353.548800 1400.000000 1.000000
1471.872300 1400.000000 1.000000
2206.671300 1400.000000 1.000000
2295.495300 1400.000000 1.000000
1642.404900 1400.000000 1.000000
1261.792100 1400.000000 1.000000
1315.126200 1400.000000 1.000000
1423.763700 1400.000000 1.000000
1234.271400 1400.000000 1.000000
2379.615200 1400.000000 1.000000
1390.096500 1400.000000 1.000000
1016.124500 1400.000000 1.000000
1095.019400 1400.000000 1.000000
1169.557300 1400.000000 1.000000
1405.044300 1400.000000 1.000000
1434.206000 1400.000000 1.000000
1360.750100 1400.000000 1.000000
1840.972400 1400.000000 1.000000
3158.805600 1400.000000 1.000000
1986.541700 1400.000000 1.000000
1389.582700 1400.000000 1.000000
1736.575500 1400.000000 1.000000
1410.038400 1400.000000 1.000000
1396.173800 1400.000000 1.000000
2066.921100 1400.000000 1.000000
1705.627900 1400.000000 1.000000
1370.281100 1400.000000 1.000000
2348.444500 1400.000000 1.000000
979.259150 1400.000000 1.000000
4175.239200 1400.000000 1.000000
1484.009000 1400.000000 1.000000
1187.264100 1400.000000 1.000000
2423.193100 1400.000000 1.000000
1495.273900 1400.000000 1.000000
1926.294600 1400.000000 1.000000
1003.801800 1400.000000 1.000000
1485.425100 1400.000000 1.000000
1709.765500 1400.000000 1.000000
1435.641700 1400.000000 1.000000
1282.454400 1400.000000 1.000000
1359.421500 1400.000000 1.000000
1755.873100 1400.000000 1.000000
1268.211500 1400.000000 1.000000
2500.917200 1400.000000 1.000000
2229.822200 1400.000000 1.000000
2345.971400 1400.000000 1.000000
784.727840 1400.000000 1.000000
2187.262400 1400.000000 1.000000
1158.151300 1400.000000 1.000000
1314.407100 1400.000000 1.000000
1972.700900 1400.000000 1.000000
1166.979200 1400.000000 1.000000
1471.678900 1400.000000 1.000000
1627.815300 1400.000000 1.000000
1337.886300 1400.000000 1.000000
1546.684000 1400.000000 1.000000
1273.497500 1400.000000 1.000000
2473.346100 1400.000000 1.000000
3156.533200 1400.000000 1.000000
1519.630200 1400.000000 1.000000
1980.546200 1400.000000 1.000000
1254.441000 1400.000000 1.000000
1569.433800 1400.000000 1.000000
934.147270 1400.000000 1.000000
1150.291600 1400.000000 1.000000
864.867310 1400.000000 1.000000
1275.212800 1400.000000 1.000000
1247.302600 1400.000000 1.000000
1411.148000 1400.000000 1.000000
2180.491700 1400.000000 1.000000
2586.220400 1400.000000 1.000000
1023.970700 1400.000000 1.000000
3682.689700 1400.000000 1.000000
3773.317300 1400.000000 1.000000
1370.934900 1400.000000 1.000000
3290.311700 1400.000000 1.000000
975.496760 1400.000000 1.000000
4278.881300 1400.000000 1.000000
1890.531600 1400.000000 1.000000
1151.795600 1400.000000 1.000000
1451.757800 1400.000000 1.000000
1476.261900 1400.000000 1.000000
1870.476300 1400.000000 1.000000
1825.850100 1400.000000 1.000000
1450.771200 1400.000000 1.000000
1229.624000 1400.000000 1.000000
2163.952600 1400.000000 1.000000
1137.499000 1400.000000 1.000000
1407.213200 1400.000000 1.000000
1103.138500 1400.000000 1.000000
1525.428200 1400.000000 1.000000
1306.607500 1400.000000 1.000000
1456.837800 1400.000000 1.000000
1287.274100 1400.000000 1.000000
1607.678800 1400.000000 1.000000
1809.052900 1400.000000 1.000000
1695.560000 1400.000000 1.000000
1255.810300 1400.000000 1.000000
2196.910400 1400.000000 1.000000
1400.793300 1400.000000 1.000000
1188.218500 1400.000000 1.000000
2435.224300 1400.000000 1.000000
1462.713700 1400.000000 1.000000
1846.363200 1400.000000 1.000000
1106.215500 1400.000000 1.000000
1147.211700 1400.000000 1.000000
1492.142200 1400.000000 1.000000
1470.977400 1400.000000 1.000000
1220.033400 1400.000000 1.000000
1336.759200 1400.000000 1.000000
2624.720900 1400.000000 1.000000
1191.566000 1400.000000 1.000000
1691.993400 1400.000000 1.000000
2687.313200 1400.000000 1.000000
1302.085300 1400.000000 1.000000
1913.512400 1400.000000 1.000000
1834.620200 1400.000000 1.000000
1463.796200 1400.000000 1.000000
1412.867000 1400.000000 1.000000
1208.903500 1400.000000 1.000000
2175.372500 1400.000000 1.000000
1788.959200 1400.000000 1.000000
1395.112500 1400.000000 1.000000
1582.257800 1400.000000 1.000000
3796.357600 1400.000000 1.000000
2055.329100 1400.000000 1.000000
2439.884000 1400.000000 1.000000
1344.010600 1400.000000 1.000000
2584.575200 1400.000000 1.000000
2007.266700 1400.000000 1.000000
1509.776100 1400.000000 1.000000
1801.152100 1400.000000 1.000000
1882.149500 1400.000000 1.000000
1056.392800 1400.000000 1.000000
1488.345300 1400.000000 1.000000
1086.739500 1400.000000 1.000000
1861.234200 1400.000000 1.000000
1774.789500 1400.000000 1.000000
1428.078600 1400.000000 1.000000
1398.482100 1400.000000 1.000000
4049.317300 1400.000000 1.000000
1538.840900 1400.000000 1.000000
1868.651000 1400.000000 1.000000
1384.205800 1400.000000 1.000000
1414.858500 1400.000000 1.000000
1562.347000 1400.000000 1.000000
1292.818200 1400.000000 1.000000
1903.585000 1400.000000 1.000000
1575.417800 1400.000000 1.000000
1824.879800 1400.000000 1.000000
1476.158500 1400.000000 1.000000
2010.218200 1400.000000 1.000000
1134.247400 1400.000000 1.000000
1410.080500 1400.000000 1.000000
1279.982900 1400.000000 1.000000
1274.436800 1400.000000 1.000000
1206.762200 1400.000000 1.000000
1632.624600 1400.000000 1.000000
1843.709700 1400.000000 1.000000
2105.323000 1400.000000 1.000000
1357.997500 1400.000000 1.000000
2163.347600 1400.000000 1.000000
1284.104400 1400.000000 1.000000
1773.466000 1400.000000 1.000000
1954.550200 1400.000000 1.000000
1625.372300 1400.000000 1.000000
1203.087800 1400.000000 1.000000
1345.701000 1400.000000 1.000000
1218.893600 1400.000000 1.000000
800.618040 1400.000000 1.000000
1931.951000 1400.000000 1.000000
1363.360100 1400.000000 1.000000
1187.741900 1400.000000 1.000000
1598.716400 1400.000000 1.000000
1371.187600 1400.000000 1.000000
2138.300500 1400.000000 1.000000
1179.823700 1400.000000 1.000000
1891.585300 1400.000000 1.000000
1332.032200 1400.000000 1.000000
1391.796700 1400.000000 1.000000
1810.244800 1400.000000 1.000000
1974.645000 1400.000000 1.000000
989.958430 1400.000000 1.000000
1101.229800 1400.000000 1.000000
1236.862700 1400.000000 1.000000
1399.657900 1400.000000 1.000000
1456.005700 1400.000000 1.000000
1582.492800 1400.000000 1.000000
1808.276600 1400.000000 1.000000
1877.725100 1400.000000 1.000000
1801.368500 1400.000000 1.000000
1258.808500 1400.000000 1.000000
2173.150600 1400.000000 1.000000
1405.045000 1400.000000 1.000000
1249.515700 1400.000000 1.000000
1457.742100 1400.000000 1.000000
1311.230200 1400.000000 1.000000
1404.123400 1400.000000 1.000000
1717.176500 1400.000000 1.000000
1339.682000 1400.000000 1.000000
2565.397200 1400.000000 1.000000
1239.913400 1400.000000 1.000000
1135.614800 1400.000000 1.000000
1209.119800 1400.000000 1.000000
1557.415000 1400.000000 1.000000
1553.723100 1400.000000 1.000000
1575.860400 1400.000000 1.000000
1842.440100 1400.000000 1.000000
1479.930500 1400.000000 1.000000
2025.855300 1400.000000 1.000000
2162.712100 1400.000000 1.000000
1053.001100 1400.000000 1.000000
1703.294100 1400.000000 1.000000
1453.940600 1400.000000 1.000000
1282.244800 1400.000000 1.000000
1609.965300 1400.000000 1.000000
2513.039500 1400.000000 1.000000
1751.281800 1400.000000 1.000000
1939.519400 1400.000000 1.000000
2303.419900 1400.000000 1.000000
1712.569400 1400.000000 1.000000
1809.096900 1400.000000 1.000000
1349.802900 1400.000000 1.000000
1344.690900 1400.000000 1.000000
1088.740300 1400.000000 1.000000
1173.142500 1400.000000 1.000000
1322.444400 1400.000000 1.000000
3331.095700 1400.000000 1.000000
1669.075600 1400.000000 1.000000
1405.678300 1400.000000 1.000000
3221.569800 1400.000000 1.000000
1665.796200 1400.000000 1.000000
1544.430700 1400.000000 1.000000
1458.163500 1400.000000 1.000000
1558.262000 1400.000000 1.000000
1585.603200 1400.000000 1.000000
1346.438900 1400.000000 1.000000
1626.165100 1400.000000 1.000000
1687.357700 1400.000000 1.000000
1012.531900 1400.000000 1.000000
1198.910400 1400.000000 1.000000
1838.709100 1400.000000 1.000000
1792.109600 1400.000000 1.000000
1501.641600 1400.000000 1.000000
2802.841300 1400.000000 1.000000
1243.041100 1400.000000 1.000000
911.535700 1400.000000 1.000000
1340.006100 1400.000000 1.000000
1374.042800 1400.000000 1.000000
1436.679000 1400.000000 1.000000
2219.475500 1400.000000 1.000000
1031.409500 1400.000000 1.000000
2115.503100 1400.000000 1.000000
1618.813100 1400.000000 1.000000
1139.819300 1400.000000 1.000000
1577.733700 1400.000000 1.000000
1425.814800 1400.000000 1.000000
1859.726200 1400.000000 1.000000
1763.160200 1400.000000 1.000000
1381.816100 1400.000000 1.000000
1763.221300 1400.000000 1.000000
884.143550 1400.000000 1.000000
1038.914700 1400.000000 1.000000
3105.102000 1400.000000 1.000000
1671.284900 1400.000000 1.000000
2422.913500 1400.000000 1.000000
1443.002800 1400.000000 1.000000
1433.847100 1400.000000 1.000000
1371.747100 1400.000000 1.000000
1122.117900 1400.000000 1.000000
1343.154400 1400.000000 1.000000
1263.092200 1400.000000 1.000000
1449.022200 1400.000000 1.000000
1275.407800 1400.000000 1.000000
1316.708600 1400.000000 1.000000
2392.861300 1400.000000 1.000000
1306.463200 1400.000000 1.000000
1751.971900 1400.000000 1.000000
1212.103100 1400.000000 1.000000
1774.426700 1400.000000 1.000000
1619.112100 1400.000000 1.000000
2696.009700 1400.000000 1.000000
1624.342900 1400.000000 1.000000
1061.975700 1400.000000 1.000000
1460.246400 1400.000000 1.000000
1878.596100 1400.000000 1.000000
1400.300500 1400.000000 1.000000
1417.330600 1400.000000 1.000000
1034.579900 1400.000000 1.000000
853.446890 1400.000000 1.000000
2591.965500 1400.000000 1.000000
1264.317900 1400.000000 1.000000
1518.784500 1400.000000 1.000000
1305.457000 1400.000000 1.000000
1594.489900 1400.000000 1.000000
1413.825300 1400.000000 1.000000
2008.788900 1400.000000 1.000000
1158.561800 1400.000000 1.000000
1381.381100 1400.000000 1.000000
1400.284300 1400.000000 1.000000
1454.467600 1400.000000 1.000000
1895.475100 1400.000000 1.000000
2617.685300 1400.000000 1.000000
2607.815900 1400.000000 1.000000
788.659240 1400.000000 1.000000
1294.401700 1400.000000 1.000000
2555.767000 1400.000000 1.000000
1667.253100 1400.000000 1.000000
1155.358400 1400.000000 1.000000
2916.533400 1400.000000 1.000000
2868.017000 1400.000000 1.000000
1330.782300 1400.000000 1.000000
1419.045400 1400.000000 1.000000
2094.138900 1400.000000 1.000000
3124.217700 1400.000000 1.000000
1468.909500 1400.000000 1.000000
1245.825400 1400.000000 1.000000
1856.085600 1400.000000 1.000000
2053.175700 1400.000000 1.000000
1209.126900 1400.000000 1.000000
1794.117300 1400.000000 1.000000
1290.745400 1400.000000 1.000000
1895.128400 1400.000000 1.000000
1617.165500 1400.000000 1.000000
1386.411300 1400.000000 1.000000
1662.016300 1400.000000 1.000000
1455.738500 1400.000000 1.000000
3586.441800 1400.000000 1.000000
1302.012300 1400.000000 1.000000
1124.281600 1400.000000 1.000000
1149.568100 1400.000000 1.000000
1571.805400 1400.000000 1.000000
1605.160200 1400.000000 1.000000
1385.322100 1400.000000 1.000000
1247.509700 1400.000000 1.000000
1465.970800 1400.000000 1.000000
1992.503600 1400.000000 1.000000
1340.154300 1400.000000 1.000000
1486.652500 1400.000000 1.000000
1403.396400 1400.000000 1.000000
985.156980 1400.000000 1.000000
1740.300500 1400.000000 1.000000
2266.041900 1400.000000 1.000000
3585.810000 1400.000000 1.000000
1855.239500 1400.000000 1.000000
1551.407500 1400.000000 1.000000
1287.637800 1400.000000 1.000000
1709.444500 1400.000000 1.000000
1273.503300 1400.000000 1.000000
2100.829800 1400.000000 1.000000
891.805480 1400.000000 1.000000
1313.992000 1400.000000 1.000000
2585.317600 1400.000000 1.000000
1683.619000 1400.000000 1.000000
1101.986400 1400.000000 1.000000
1632.486200 1400.000000 1.000000
1311.273400 1400.000000 1.000000
1411.587400 1400.000000 1.000000
1084.370800 1400.000000 1.000000
1727.515600 1400.000000 1.000000
1611.974900 1400.000000 1.000000
1905.124300 1400.000000 1.000000
1197.152400 1400.000000 1.000000
2119.170100 1400.000000 1.000000
1427.117300 1400.000000 1.000000
983.572020 1400.000000 1.000000
1932.427800 1400.000000 1.000000
1526.206900 1400.000000 1.000000
1483.837500 1400.000000 1.000000
1808.091900 1400.000000 1.000000
1635.779300 1400.000000 1.000000
1465.922700 1400.000000 1.000000
3484.560500 1400.000000 1.000000
1254.328400 1400.000000 1.000000
1562.071400 1400.000000 1.000000
1356.182100 1400.000000 1.000000
1582.032200 1400.000000 1.000000
1283.225800 1400.000000 1.000000
1923.955000 1400.000000 1.000000
2285.574700 1400.000000 1.000000
1667.203000 1400.000000 1.000000
1425.198600 1400.000000 1.000000
1238.258300 1400.000000 1.000000
1129.959800 1400.000000 1.000000
1628.040100 1400.000000 1.000000
1723.944200 1400.000000 1.000000
1416.152200 1400.000000 1.000000
2011.626700 1400.000000 1.000000
1426.968600 1400.000000 1.000000
1720.662400 1400.000000 1.000000
953.424740 1400.000000 1.000000
2064.543900 1400.000000 1.000000
1829.953400 1400.000000 1.000000
1498.647200 1400.000000 1.000000
1279.759700 1400.000000 1.000000
1353.926300 1400.000000 1.000000
1632.999300 1400.000000 1.000000
1635.970000 1400.000000 1.000000
1025.511800 1400.000000 1.000000
1609.563400 1400.000000 1.000000
1207.885900 1400.000000 1.000000
1460.262000 1400.000000 1.000000
1338.865900 1400.000000 1.000000
1698.633500 1400.000000 1.000000
1590.264100 1400.000000 1.000000
1201.760000 1400.000000 1.000000
1470.969700 1400.000000 1.000000
1506.550500 1400.000000 1.000000
2275.123700 1400.000000 1.000000
1466.146200 1400.000000 1.000000
2804.814700 1400.000000 1.000000
1590.498500 1400.000000 1.000000
1948.624200 1400.000000 1.000000
2321.337400 1400.000000 1.000000
1755.146400 1400.000000 1.000000
1566.315100 1400.000000 1.000000
1174.986900 1400.000000 1.000000
2137.507500 1400.000000 1.000000
1478.567900 1400.000000 1.000000
1257.853200 1400.000000 1.000000
1322.923400 1400.000000 1.000000
1583.470700 1400.000000 1.000000
1069.624300 1400.000000 1.000000
1207.332100 1400.000000 1.000000
1575.219300 1400.000000 1.000000
1343.349600 1400.000000 1.000000
1376.208600 1400.000000 1.000000
1464.679200 1400.000000 1.000000
1375.392800 1400.000000 1.000000
1339.795500 1400.000000 1.000000
1177.275200 1400.000000 1.000000
1683.072800 1400.000000 1.000000
1317.636800 1400.000000 1.000000
1347.093200 1400.000000 1.000000
1303.940300 1400.000000 1.000000
1355.005000 1400.000000 1.000000
1480.811000 1400.000000 1.000000
1272.556700 1400.000000 1.000000
1549.922300 1400.000000 1.000000
1664.462000 1400.000000 1.000000
1513.507800 1400.000000 1.000000
1221.239600 1400.000000 1.000000
2593.316800 1400.000000 1.000000
1386.464200 1400.000000 1.000000
1194.257600 1400.000000 1.000000
1263.260500 1400.000000 1.000000
1963.003600 1400.000000 1.000000
1230.975200 1400.000000 1.000000
2130.579800 1400.000000 1.000000
1210.864100 1400.000000 1.000000
1384.418000 1400.000000 1.000000
1253.332700 1400.000000 1.000000
1716.729600 1400.000000 1.000000
1378.117800 1400.000000 1.000000
1433.796600 1400.000000 1.000000
1546.515500 1400.000000 1.000000
2432.232400 1400.000000 1.000000
867.910820 1400.000000 1.000000
1590.344200 1400.000000 1.000000
1151.392300 1400.000000 1.000000
1681.074200 1400.000000 1.000000
1180.047700 1400.000000 1.000000
1818.773300 1400.000000 1.000000
1389.338200 1400.000000 1.000000
1522.435900 1400.000000 1.000000
987.622430 1400.000000 1.000000
1709.028200 1400.000000 1.000000
1240.903800 1400.000000 1.000000
1540.810900 1400.000000 1.000000
1223.104100 1400.000000 1.000000
1313.741000 1400.000000 1.000000
1172.425900 1400.000000 1.000000
1960.236200 1400.000000 1.000000
1399.781600 1400.000000 1.000000
1290.585500 1400.000000 1.000000
1389.290800 1400.000000 1.000000
1556.339700 1400.000000 1.000000
1134.295500 1400.000000 1.000000
1551.066600 1400.000000 1.000000
2077.052700 1400.000000 1.000000
2434.452600 1400.000000 1.000000
2190.623500 1400.000000 1.000000
1635.138600 1400.000000 1.000000
2128.946500 1400.000000 1.000000
1260.770200 1400.000000 1.000000
1524.847000 1400.000000 1.000000
1277.392000 1400.000000 1.000000
1448.859300 1400.000000 1.000000
1651.708200 1400.000000 1.000000
1768.941100 1400.000000 1.000000
1311.181500 1400.000000 1.000000
1436.375200 1400.000000 1.000000
1889.947200 1400.000000 1.000000
2780.022200 1400.000000 1.000000
1370.479100 1400.000000 1.000000
1105.838800 1400.000000 1.000000
1607.120200 1400.000000 1.000000
2066.663300 1400.000000 1.000000
1116.359800 1400.000000 1.000000
1281.786200 1400.000000 1.000000
1527.946000 1400.000000 1.000000
1254.868100 1400.000000 1.000000
2189.257000 1400.000000 1.000000
1344.488200 1400.000000 1.000000
3001.079800 1400.000000 1.000000
1348.592400 1400.000000 1.000000
2763.537300 1400.000000 1.000000
1459.811000 1400.000000 1.000000
1364.479800 1400.000000 1.000000
1833.765000 1400.000000 1.000000
1796.347500 1400.000000 1.000000
1697.470200 1400.000000 1.000000
1393.218600 1400.000000 1.000000
1407.473700 1400.000000 1.000000
2141.819000 1400.000000 1.000000
1732.759400 1400.000000 1.000000
1367.059500 1400.000000 1.000000
1242.015800 1400.000000 1.000000
1513.162700 1400.000000 1.000000
1249.651400 1400.000000 1.000000
1651.130600 1400.000000 1.000000
1570.874800 1400.000000 1.000000
1250.283200 1400.000000 1.000000
1301.468600 1400.000000 1.000000
1408.215400 1400.000000 1.000000
1466.067000 1400.000000 1.000000
2326.996000 1400.000000 1.000000
1081.480700 1400.000000 1.000000
1333.326500 1400.000000 1.000000
1515.826700 1400.000000 1.000000
1489.941600 1400.000000 1.000000
1761.564400 1400.000000 1.000000
1206.659600 1400.000000 1.000000
1505.551000 1400.000000 1.000000
1210.149700 1400.000000 1.000000
1643.154000 1400.000000 1.000000
1177.281400 1400.000000 1.000000
1023.354400 1400.000000 1.000000
1847.807800 1400.000000 1.000000
1468.239700 1400.000000 1.000000
2092.556800 1400.000000 1.000000
1264.223200 1400.000000 1.000000
2373.501700 1400.000000 1.000000
1650.887900 1400.000000 1.000000
1587.432700 1400.000000 1.000000
1675.473000 1400.000000 1.000000
1737.681400 1400.000000 1.000000
1301.600500 1400.000000 1.000000
2909.424300 1400.000000 1.000000
1700.486500 1400.000000 1.000000
2261.532700 1400.000000 1.000000
1276.263700 1400.000000 1.000000
1332.234600 1400.000000 1.000000
3019.261900 1400.000000 1.000000
1443.174800 1400.000000 1.000000
1654.899700 1400.000000 1.000000
1495.461900 1400.000000 1.000000
1421.167600 1400.000000 1.000000
1351.584500 1400.000000 1.000000
1274.559300 1400.000000 1.000000
1338.496900 1400.000000 1.000000
1812.952700 1400.000000 1.000000
1377.113600 1400.000000 1.000000
1554.746800 1400.000000 1.000000
1230.287300 1400.000000 1.000000
1026.254300 1400.000000 1.000000
1744.298900 1400.000000 1.000000
2074.858800 1400.000000 1.000000
1212.147000 1400.000000 1.000000
1363.381800 1400.000000 1.000000
1348.215300 1400.000000 1.000000
1685.904600 1400.000000 1.000000
1062.979700 1400.000000 1.000000
1306.614200 1400.000000 1.000000
1384.204700 1400.000000 1.000000
1761.766100 1400.000000 1.000000
1332.262500 1400.000000 1.000000
1739.459900 1400.000000 1.000000
1383.780500 1400.000000 1.000000
1492.114300 1400.000000 1.000000
1900.629500 1400.000000 1.000000
1518.956400 1400.000000 1.000000
2298.556600 1400.000000 1.000000
1408.122800 1400.000000 1.000000
2380.477700 1400.000000 1.000000
1343.939200 1400.000000 1.000000
1554.741200 1400.000000 1.000000
1456.133900 1400.000000 1.000000
1759.739700 1400.000000 1.000000
1468.976900 1400.000000 1.000000
1517.056800 1400.000000 1.000000
1327.770700 1400.000000 1.000000
727.066950 1400.000000 1.000000
1794.712200 1400.000000 1.000000
1013.863700 1400.000000 1.000000
2322.851300 1400.000000 1.000000
2454.235300 1400.000000 1.000000
1720.491200 1400.000000 1.000000
1671.038700 1400.000000 1.000000
1353.152900 1400.000000 1.000000
1397.545900 1400.000000 1.000000
1986.695300 1400.000000 1.000000
1553.308500 1400.000000 1.000000
1548.812200 1400.000000 1.000000
1307.535800 1400.000000 1.000000
1008.186700 1400.000000 1.000000
1891.087800 1400.000000 1.000000
2034.910600 1400.000000 1.000000
1733.256200 1400.000000 1.000000
1240.012300 1400.000000 1.000000
1740.654400 1400.000000 1.000000
2230.728000 1400.000000 1.000000
1476.080000 1400.000000 1.000000
1326.689400 1400.000000 1.000000
1514.314000 1400.000000 1.000000
1474.144700 1400.000000 1.000000
1516.646100 1400.000000 1.000000
1251.960200 1400.000000 1.000000
1732.605400 1400.000000 1.000000
1839.803700 1400.000000 1.000000
2519.896000 1400.000000 1.000000
1285.319400 1400.000000 1.000000
1769.520700 1400.000000 1.000000
1925.362100 1400.000000 1.000000
2126.374700 1400.000000 1.000000
1760.652700 1400.000000 1.000000
1270.228000 1400.000000 1.000000
1759.452600 1400.000000 1.000000
2497.009200 1400.000000 1.000000
1250.983000 1400.000000 1.000000
1391.746800 1400.000000 1.000000
1306.175600 1400.000000 1.000000
1247.253900 1400.000000 1.000000
2151.514400 1400.000000 1.000000
1617.338300 1400.000000 1.000000
1552.231200 1400.000000 1.000000
1537.483700 1400.000000 1.000000
1403.862300 1400.000000 1.000000
1555.852500 1400.000000 1.000000
1610.995600 1400.000000 1.000000
1480.019100 1400.000000 1.000000
1916.363200 1400.000000 1.000000
1796.845000 1400.000000 1.000000
1162.632900 1400.000000 1.000000
2016.991400 1400.000000 1.000000
1883.588800 1400.000000 1.000000
1664.239200 1400.000000 1.000000
1358.875300 1400.000000 1.000000
1313.837100 1400.000000 1.000000
1580.466500 1400.000000 1.000000
1333.550600 1400.000000 1.000000
1821.744000 1400.000000 1.000000
1161.144700 1400.000000 1.000000
2679.934300 1400.000000 1.000000
1150.367100 1400.000000 1.000000
1373.658000 1400.000000 1.000000
1686.126100 1400.000000 1.000000
1954.955400 1400.000000 1.000000
1752.255300 1400.000000 1.000000
1063.880700 1400.000000 1.000000
2094.438700 1400.000000 1.000000
3035.160800 1400.000000 1.000000
1495.759700 1400.000000 1.000000
1431.522800 1400.000000 1.000000
1382.014000 1400.000000 1.000000
1273.008700 1400.000000 1.000000
1220.612400 1400.000000 1.000000
1424.759100 1400.000000 1.000000
1705.570900 1400.000000 1.000000
1610.544500 1400.000000 1.000000
1739.458000 1400.000000 1.000000
1696.913800 1400.000000 1.000000
1538.151200 1400.000000 1.000000
1714.140900 1400.000000 1.000000
1461.827100 1400.000000 1.000000
612.070120 1400.000000 1.000000
1582.981000 1400.000000 1.000000
1866.039300 1400.000000 1.000000
1361.743700 1400.000000 1.000000
1373.857700 1400.000000 1.000000
2249.139800 1400.000000 1.000000
1469.010800 1400.000000 1.000000
1440.701700 1400.000000 1.000000
1982.786700 1400.000000 1.000000
1336.911700 1400.000000 1.000000
1573.622400 1400.000000 1.000000
3124.416500 1400.000000 1.000000
831.552790 1400.000000 1.000000
1925.142000 1400.000000 1.000000
1468.542700 1400.000000 1.000000
1324.295700 1400.000000 1.000000
1083.964300 1400.000000 1.000000
1380.589300 1400.000000 1.000000
3296.168900 1400.000000 1.000000
1221.632400 1400.000000 1.000000
1293.506100 1400.000000 1.000000
1552.032800 1400.000000 1.000000
1689.344400 1400.000000 1.000000
1330.916600 1400.000000 1.000000
2971.248700 1400.000000 1.000000
1661.925000 1400.000000 1.000000
1416.327000 1400.000000 1.000000
1522.966000 1400.000000 1.000000
1589.049500 1400.000000 1.000000
1822.085300 1400.000000 1.000000
583.580440 1400.000000 1.000000
1041.631100 1400.000000 1.000000
1545.198900 1400.000000 1.000000
1417.665100 1400.000000 1.000000
1501.236300 1400.000000 1.000000
1355.425500 1400.000000 1.000000
1266.222100 1400.000000 1.000000
1240.131200 1400.000000 1.000000
1113.451200 1400.000000 1.000000
1382.101300 1400.000000 1.000000
1997.846500 1400.000000 1.000000
1356.974600 1400.000000 1.000000
1704.373100 1400.000000 1.000000
2626.917700 1400.000000 1.000000
1494.923800 1400.000000 1.000000
1598.914000 1400.000000 1.000000
1056.851500 1400.000000 1.000000
1936.140800 1400.000000 1.000000
1315.229300 1400.000000 1.000000
1397.448400 1400.000000 1.000000
1174.379500 1400.000000 1.000000
2584.266600 1400.000000 1.000000
2145.244300 1400.000000 1.000000
1606.813200 1400.000000 1.000000
2817.895500 1400.000000 1.000000
2047.863400 1400.000000 1.000000
1083.714600 1400.000000 1.000000
1393.816500 1400.000000 1.000000
1428.238700 1400.000000 1.000000
1463.224100 1400.000000 1.000000
1834.002300 1400.000000 1.000000
1660.965200 1400.000000 1.000000
1073.059300 1400.000000 1.000000
3078.695800 1400.000000 1.000000
1812.342200 1400.000000 1.000000
1339.845800 1400.000000 1.000000
1867.577700 1400.000000 1.000000
2204.056600 1400.000000 1.000000
1539.392200 1400.000000 1.000000
1761.206300 1400.000000 1.000000
3057.880800 1400.000000 1.000000
1454.805600 1400.000000 1.000000
1955.581000 1400.000000 1.000000
1229.309500 1400.000000 1.000000
1450.449200 1400.000000 1.000000
1776.778800 1400.000000 1.000000
1909.229800 1400.000000 1.000000
1157.514800 1400.000000 1.000000
1746.516100 1400.000000 1.000000
1221.870000 1400.000000 1.000000
1153.565000 1400.000000 1.000000
1486.328100 1400.000000 1.000000
1255.545100 1400.000000 1.000000
1524.643900 1400.000000 1.000000
1292.944800 1400.000000 1.000000
1544.704400 1400.000000 1.000000
1847.049100 1400.000000 1.000000
1586.519700 1400.000000 1.000000
1356.195100 1400.000000 1.000000
1335.784300 1400.000000 1.000000
1612.272200 1400.000000 1.000000
1783.056800 1400.000000 1.000000
1804.508600 1400.000000 1.000000
1146.958800 1400.000000 1.000000
1406.940500 1400.000000 1.000000
1101.555700 1400.000000 1.000000
1122.335900 1400.000000 1.000000
1431.219900 1400.000000 1.000000
1805.360800 1400.000000 1.000000
1115.760100 1400.000000 1.000000
1669.163900 1400.000000 1.000000
1175.516200 1400.000000 1.000000
1590.588100 1400.000000 1.000000
1325.733500 1400.000000 1.000000
1020.078000 1400.000000 1.000000
1645.042300 1400.000000 1.000000
1939.478200 1400.000000 1.000000
1349.010700 1400.000000 1.000000
1590.469600 1400.000000 1.000000
3001.358400 1400.000000 1.000000
1570.205600 1400.000000 1.000000
1351.849400 1400.000000 1.000000
2792.244300 1400.000000 1.000000
1119.015000 1400.000000 1.000000
1634.003300 1400.000000 1.000000
6413.663500 1400.000000 1.000000
1488.906300 1400.000000 1.000000
2112.244300 1400.000000 1.000000
1888.530000 1400.000000 1.000000
1295.471000 1400.000000 1.000000
1471.173500 1400.000000 1.000000
1647.241700 1400.000000 1.000000
1593.780400 1400.000000 1.000000
1683.677800 1400.000000 1.000000
1654.487600 1400.000000 1.000000
2628.635900 1400.000000 1.000000
1691.124600 1400.000000 1.000000
1198.442700 1400.000000 1.000000
1901.664500 1400.000000 1.000000
1491.308400 1400.000000 1.000000
1097.170600 1400.000000 1.000000
1726.064400 1400.000000 1.000000
1613.564200 1400.000000 1.000000
1275.390000 1400.000000 1.000000
1667.637500 1400.000000 1.000000
1157.374100 1400.000000 1.000000
1311.623700 1400.000000 1.000000
1673.012500 1400.000000 1.000000
1757.365300 1400.000000 1.000000
1745.542600 1400.000000 1.000000
844.360040 1400.000000 1.000000
1343.049100 1400.000000 1.000000
1237.906400 1400.000000 1.000000
1082.363100 1400.000000 1.000000
1264.486600 1400.000000 1.000000
2176.323400 1400.000000 1.000000
1605.579500 1400.000000 1.000000
1760.950200 1400.000000 1.000000
1771.328100 1400.000000 1.000000
1490.979200 1400.000000 1.000000
1388.014200 1400.000000 1.000000
1106.646200 1400.000000 1.000000
694.633240 1400.000000 1.000000
1486.311000 1400.000000 1.000000
2036.330800 1400.000000 1.000000
2107.705800 1400.000000 1.000000
6998.192242 1400.000000 0.000000
1140.369128 1400.000000 0.000000
1978.324637 1400.000000 0.000000
6630.407574 1400.000000 0.000000
1621.595799 1400.000000 0.000000
3394.815300 1400.000000 0.000000
6702.338696 1400.000000 0.000000
5210.137402 1400.000000 0.000000
3780.305608 1400.000000 0.000000
5179.670870 1400.000000 0.000000
5319.606587 1400.000000 0.000000
4610.456301 1400.000000 0.000000
2209.463351 1400.000000 0.000000
5630.821103 1400.000000 0.000000
3637.704806 1400.000000 0.000000
1180.006953 1400.000000 0.000000
3328.708112 1400.000000 0.000000
2746.197958 1400.000000 0.000000
1551.673810 1400.000000 0.000000
1492.333213 1400.000000 0.000000
212.346429 1400.000000 0.000000
2334.774749 1400.000000 0.000000
1359.041954 1400.000000 0.000000
6606.017465 1400.000000 0.000000
4059.521725 1400.000000 0.000000
6288.134004 1400.000000 0.000000
4658.947520 1400.000000 0.000000
3490.272169 1400.000000 0.000000
3924.397801 1400.000000 0.000000
1275.992519 1400.000000 0.000000
2075.678715 1400.000000 0.000000
821.862533 1400.000000 0.000000
440.423661 1400.000000 0.000000
4536.879023 1400.000000 0.000000
5077.929700 1400.000000 0.000000
4459.918108 1400.000000 0.000000
4997.195437 1400.000000 0.000000
697.033702 1400.000000 0.000000
4894.870374 1400.000000 0.000000
754.687289 1400.000000 0.000000
904.699259 1400.000000 0.000000
3516.821270 1400.000000 0.000000
1454.459345 1400.000000 0.000000
2022.372141 1400.000000 0.000000
582.223561 1400.000000 0.000000
896.869508 1400.000000 0.000000
3831.599877 1400.000000 0.000000
576.237197 1400.000000 0.000000
2044.989986 1400.000000 0.000000
6241.366159 1400.000000 0.000000
1589.824873 1400.000000 0.000000
3022.918239 1400.000000 0.000000
985.131006 1400.000000 0.000000
2802.744944 1400.000000 0.000000
4808.628307 1400.000000 0.000000
1194.696374 1400.000000 0.000000
3085.746074 1400.000000 0.000000
317.355955 1400.000000 0.000000
2179.074897 1400.000000 0.000000
3543.267360 1400.000000 0.000000
1276.875880 1400.000000 0.000000
3577.224107 1400.000000 0.000000
5185.517437 1400.000000 0.000000
2561.920388 1400.000000 0.000000
1125.661858 1400.000000 0.000000
3220.747496 1400.000000 0.000000
4394.855302 1400.000000 0.000000
4743.225817 1400.000000 0.000000
4887.375659 1400.000000 0.000000
3349.758074 1400.000000 0.000000
630.753159 1400.000000 0.000000
2371.099652 1400.000000 0.000000
666.496577 1400.000000 0.000000
3055.793747 1400.000000 0.000000
3322.713467 1400.000000 0.000000
2934.721485 1400.000000 0.000000
5442.757964 1400.000000 0.000000
4372.273953 1400.000000 0.000000
6863.055848 1400.000000 0.000000
2593.011409 1400.000000 0.000000
5815.688454 1400.000000 0.000000
985.645132 1400.000000 0.000000
5208.597152 1400.000000 0.000000
5808.177759 1400.000000 0.000000
2737.730229 1400.000000 0.000000
4353.694744 1400.000000 0.000000
2426.896343 1400.000000 0.000000
323.186672 1400.000000 0.000000
4291.464250 1400.000000 0.000000
3971.618336 1400.000000 0.000000
3492.258181 1400.000000 0.000000
5066.614551 1400.000000 0.000000
1011.853674 1400.000000 0.000000
296.122143 1400.000000 0.000000
2175.509158 1400.000000 0.000000
851.488076 1400.000000 0.000000
1694.487697 1400.000000 0.000000
2667.411988 1400.000000 0.000000
3080.899760 1400.000000 0.000000
4198.571312 1400.000000 0.000000
4512.022578 1400.000000 0.000000
3028.383517 1400.000000 0.000000
3891.777834 1400.000000 0.000000
5017.888176 1400.000000 0.000000
4496.537603 1400.000000 0.000000
4800.437078 1400.000000 0.000000
673.107023 1400.000000 0.000000
860.534246 1400.000000 0.000000
398.981906 1400.000000 0.000000
5740.504311 1400.000000 0.000000
878.775001 1400.000000 0.000000
2210.215496 1400.000000 0.000000
1263.968474 1400.000000 0.000000
995.590536 1400.000000 0.000000
4651.007292 1400.000000 0.000000
4796.324560 1400.000000 0.000000
1337.013528 1400.000000 0.000000
3054.401131 1400.000000 0.000000
6751.214572 1400.000000 0.000000
6077.145132 1400.000000 0.000000
916.159758 1400.000000 0.000000
3391.095958 1400.000000 0.000000
2622.581158 1400.000000 0.000000
6303.325856 1400.000000 0.000000
1250.597508 1400.000000 0.000000
4757.445914 1400.000000 0.000000
4360.120170 1400.000000 0.000000
6885.591647 1400.000000 0.000000
3085.003458 1400.000000 0.000000
5633.160941 1400.000000 0.000000
6963.915426 1400.000000 0.000000
3790.856729 1400.000000 0.000000
1791.338188 1400.000000 0.000000
4472.619448 1400.000000 0.000000
4031.371893 1400.000000 0.000000
1811.049937 1400.000000 0.000000
1341.151008 1400.000000 0.000000
3119.641328 1400.000000 0.000000
1044.865565 1400.000000 0.000000
6977.065824 1400.000000 0.000000
852.335555 1400.000000 0.000000
4560.774957 1400.000000 0.000000
194.565685 1400.000000 0.000000
2729.843216 1400.000000 0.000000
5795.391308 1400.000000 0.000000
1986.697351 1400.000000 0.000000
4271.425505 1400.000000 0.000000
1654.889247 1400.000000 0.000000
2875.747351 1400.000000 0.000000
4744.002316 1400.000000 0.000000
5929.886118 1400.000000 0.000000
4544.793594 1400.000000 0.000000
569.678558 1400.000000 0.000000
845.813385 1400.000000 0.000000
3354.394849 1400.000000 0.000000
5445.148503 1400.000000 0.000000
3303.843907 1400.000000 0.000000
6603.362576 1400.000000 0.000000
6865.606946 1400.000000 0.000000
2341.883115 1400.000000 0.000000
1418.675467 1400.000000 0.000000
2399.888638 1400.000000 0.000000
4574.809710 1400.000000 0.000000
4779.311577 1400.000000 0.000000
4269.552978 1400.000000 0.000000
699.489720 1400.000000 0.000000
5363.784867 1400.000000 0.000000
5149.070697 1400.000000 0.000000
1687.973980 1400.000000 0.000000
1842.250979 1400.000000 0.000000
6726.089290 1400.000000 0.000000
2963.770156 1400.000000 0.000000
2352.407021 1400.000000 0.000000
1.746485 1400.000000 0.000000
6081.887117 1400.000000 0.000000
26.272052 1400.000000 0.000000
1160.924174 1400.000000 0.000000
82.745888 1400.000000 0.000000
4245.185516 1400.000000 0.000000
5109.804134 1400.000000 0.000000
4296.771899 1400.000000 0.000000
6760.377290 1400.000000 0.000000
3479.687829 1400.000000 0.000000
3709.197820 1400.000000 0.000000
3231.252723 1400.000000 0.000000
4991.235904 1400.000000 0.000000
4059.718373 1400.000000 0.000000
4779.617888 1400.000000 0.000000
6677.450599 1400.000000 0.000000
165.586425 1400.000000 0.000000
1960.771028 1400.000000 0.000000
6086.684474 1400.000000 0.000000
2095.332917 1400.000000 0.000000
2236.875224 1400.000000 0.000000
2106.661962 1400.000000 0.000000
6587.780405 1400.000000 0.000000
5936.889447 1400.000000 0.000000
5273.422905 1400.000000 0.000000
3767.708611 1400.000000 0.000000
2859.369670 1400.000000 0.000000
1486.599212 1400.000000 0.000000
532.982815 1400.000000 0.000000
2029.544358 1400.000000 0.000000
138.472836 1400.000000 0.000000
1688.735296 1400.000000 0.000000
2692.334153 1400.000000 0.000000
3184.348205 1400.000000 0.000000
2617.877647 1400.000000 0.000000
3081.321572 1400.000000 0.000000
825.277655 1400.000000 0.000000
5638.008913 1400.000000 0.000000
1154.248490 1400.000000 0.000000
1977.709555 1400.000000 0.000000
1208.797796 1400.000000 0.000000
6550.896307 1400.000000 0.000000
4766.671417 1400.000000 0.000000
935.877172 1400.000000 0.000000
1783.328559 1400.000000 0.000000
2796.114132 1400.000000 0.000000
2584.647555 1400.000000 0.000000
5084.533242 1400.000000 0.000000
1944.862216 1400.000000 0.000000
4854.983728 1400.000000 0.000000
3502.482822 1400.000000 0.000000
828.838767 1400.000000 0.000000
1059.123346 1400.000000 0.000000
4770.128599 1400.000000 0.000000
5044.661429 1400.000000 0.000000
6857.528574 1400.000000 0.000000
4877.453778 1400.000000 0.000000
3900.470507 1400.000000 0.000000
4765.750373 1400.000000 0.000000
6687.464349 1400.000000 0.000000
4187.462695 1400.000000 0.000000
5393.177266 1400.000000 0.000000
6395.182399 1400.000000 0.000000
4612.710545 1400.000000 0.000000
4696.822294 1400.000000 0.000000
4047.296227 1400.000000 0.000000
6671.275031 1400.000000 0.000000
1140.464206 1400.000000 0.000000
2345.398902 1400.000000 0.000000
6662.772928 1400.000000 0.000000
767.631505 1400.000000 0.000000
4335.116121 1400.000000 0.000000
6697.717197 1400.000000 0.000000
6896.701659 1400.000000 0.000000
495.164242 1400.000000 0.000000
3516.312730 1400.000000 0.000000
4765.048581 1400.000000 0.000000
3873.240459 1400.000000 0.000000
4109.039070 1400.000000 0.000000
4841.343931 1400.000000 0.000000
3238.535368 1400.000000 0.000000
4019.780056 1400.000000 0.000000
510.230616 1400.000000 0.000000
4467.865628 1400.000000 0.000000
2714.301018 1400.000000 0.000000
1546.721521 1400.000000 0.000000
15.622616 1400.000000 0.000000
3469.597427 1400.000000 0.000000
1339.215662 1400.000000 0.000000
155.855056 1400.000000 0.000000
6325.123145 1400.000000 0.000000
5170.397227 1400.000000 0.000000
3111.716229 1400.000000 0.000000
2923.915702 1400.000000 0.000000
5326.027856 1400.000000 0.000000
3064.272555 1400.000000 0.000000
1336.880030 1400.000000 0.000000
4039.790737 1400.000000 0.000000
928.818401 1400.000000 0.000000
2224.770429 1400.000000 0.000000
3408.415431 1400.000000 0.000000
6573.637484 1400.000000 0.000000
6537.623965 1400.000000 0.000000
515.620945 1400.000000 0.000000
4287.054067 1400.000000 0.000000
3603.241071 1400.000000 0.000000
4372.645071 1400.000000 0.000000
914.516835 1400.000000 0.000000
4516.473085 1400.000000 0.000000
939.039853 1400.000000 0.000000
4570.481776 1400.000000 0.000000
1856.470064 1400.000000 0.000000
2672.636880 1400.000000 0.000000
4131.505423 1400.000000 0.000000
4687.928575 1400.000000 0.000000
3880.327360 1400.000000 0.000000
136.533321 1400.000000 0.000000
1290.428737 1400.000000 0.000000
6938.263236 1400.000000 0.000000
4015.744347 1400.000000 0.000000
4464.334597 1400.000000 0.000000
4164.003184 1400.000000 0.000000
3606.712817 1400.000000 0.000000
2314.854564 1400.000000 0.000000
2777.197147 1400.000000 0.000000
6187.758363 1400.000000 0.000000
5400.396862 1400.000000 0.000000
4193.527665 1400.000000 0.000000
173.086408 1400.000000 0.000000
85.811527 1400.000000 0.000000
4889.166236 1400.000000 0.000000
1861.937064 1400.000000 0.000000
5156.905049 1400.000000 0.000000
6999.808332 1400.000000 0.000000
5248.546209 1400.000000 0.000000
3394.689123 1400.000000 0.000000
5765.903700 1400.000000 0.000000
4359.439628 1400.000000 0.000000
6317.584658 1400.000000 0.000000
395.535901 1400.000000 0.000000
5173.541725 1400.000000 0.000000
2633.233539 1400.000000 0.000000
257.605355 1400.000000 0.000000
5433.387530 1400.000000 0.000000
5861.479304 1400.000000 0.000000
2415.573512 1400.000000 0.000000
572.898533 1400.000000 0.000000
1558.350813 1400.000000 0.000000
1067.334231 1400.000000 0.000000
2808.240368 1400.000000 0.000000
3721.288257 1400.000000 0.000000
5681.946213 1400.000000 0.000000
285.442963 1400.000000 0.000000
825.223058 1400.000000 0.000000
4026.329757 1400.000000 0.000000
5826.535453 1400.000000 0.000000
1432.492969 1400.000000 0.000000
1671.052411 1400.000000 0.000000
6978.500897 1400.000000 0.000000
1810.134169 1400.000000 0.000000
6244.391773 1400.000000 0.000000
5928.018518 1400.000000 0.000000
2146.085944 1400.000000 0.000000
233.537442 1400.000000 0.000000
4944.943489 1400.000000 0.000000
1355.309257 1400.000000 0.000000
3562.846963 1400.000000 0.000000
150.816028 1400.000000 0.000000
4709.129553 1400.000000 0.000000
5694.937111 1400.000000 0.000000
5650.988364 1400.000000 0.000000
3370.687903 1400.000000 0.000000
3762.633667 1400.000000 0.000000
5465.940244 1400.000000 0.000000
2350.942357 1400.000000 0.000000
4894.815599 1400.000000 0.000000
2980.987096 1400.000000 0.000000
5776.684643 1400.000000 0.000000
6619.295843 1400.000000 0.000000
3883.888751 1400.000000 0.000000
4973.466319 1400.000000 0.000000
2648.522560 1400.000000 0.000000
4538.371115 1400.000000 0.000000
319.709018 1400.000000 0.000000
1088.341263 1400.000000 0.000000
6197.477773 1400.000000 0.000000
5050.960072 1400.000000 0.000000
6731.670410 1400.000000 0.000000
3012.106196 1400.000000 0.000000
924.219477 1400.000000 0.000000
3075.318462 1400.000000 0.000000
3270.314153 1400.000000 0.000000
2870.582516 1400.000000 0.000000
1940.376977 1400.000000 0.000000
1949.566914 1400.000000 0.000000
6682.345641 1400.000000 0.000000
5630.502440 1400.000000 0.000000
6779.573263 1400.000000 0.000000
6998.059540 1400.000000 0.000000
6630.121982 1400.000000 0.000000
1739.857963 1400.000000 0.000000
46.934903 1400.000000 0.000000
3113.091206 1400.000000 0.000000
4718.341447 1400.000000 0.000000
3475.362526 1400.000000 0.000000
147.064751 1400.000000 0.000000
5822.342553 1400.000000 0.000000
759.820965 1400.000000 0.000000
652.061476 1400.000000 0.000000
6231.439482 1400.000000 0.000000
3121.616474 1400.000000 0.000000
6348.347379 1400.000000 0.000000
3878.278747 1400.000000 0.000000
5316.040446 1400.000000 0.000000
5708.859687 1400.000000 0.000000
3730.779519 1400.000000 0.000000
385.946024 1400.000000 0.000000
377.899579 1400.000000 0.000000
6294.317332 1400.000000 0.000000
1028.351617 1400.000000 0.000000
3378.531199 1400.000000 0.000000
471.120866 1400.000000 0.000000
1968.133052 1400.000000 0.000000
6529.944157 1400.000000 0.000000
3551.225531 1400.000000 0.000000
3951.521100 1400.000000 0.000000
5604.992401 1400.000000 0.000000
4521.212491 1400.000000 0.000000
2164.536484 1400.000000 0.000000
334.646246 1400.000000 0.000000
1763.760809 1400.000000 0.000000
4997.167995 1400.000000 0.000000
4696.958121 1400.000000 0.000000
4237.000318 1400.000000 0.000000
1037.903294 1400.000000 0.000000
5566.752448 1400.000000 0.000000
4656.941473 1400.000000 0.000000
5980.114300 1400.000000 0.000000
5673.735737 1400.000000 0.000000
498.007887 1400.000000 0.000000
481.554975 1400.000000 0.000000
6233.266012 1400.000000 0.000000
5306.321697 1400.000000 0.000000
492.174111 1400.000000 0.000000
5964.661346 1400.000000 0.000000
5427.498311 1400.000000 0.000000
4794.266418 1400.000000 0.000000
1641.869510 1400.000000 0.000000
3231.029861 1400.000000 0.000000
6555.048201 1400.000000 0.000000
4654.624933 1400.000000 0.000000
3217.757129 1400.000000 0.000000
6214.764573 1400.000000 0.000000
4022.355824 1400.000000 0.000000
211.180364 1400.000000 0.000000
5371.483045 1400.000000 0.000000
2418.349886 1400.000000 0.000000
4263.862004 1400.000000 0.000000
1522.800093 1400.000000 0.000000
4506.323925 1400.000000 0.000000
3999.748540 1400.000000 0.000000
5616.177342 1400.000000 0.000000
6736.348830 1400.000000 0.000000
2812.388990 1400.000000 0.000000
6975.873926 1400.000000 0.000000
5221.620681 1400.000000 0.000000
3138.878284 1400.000000 0.000000
2770.489963 1400.000000 0.000000
863.729482 1400.000000 0.000000
3728.304390 1400.000000 0.000000
5833.657216 1400.000000 0.000000
6423.711907 1400.000000 0.000000
5779.252966 1400.000000 0.000000
3121.407797 1400.000000 0.000000
1869.953409 1400.000000 0.000000
4650.792297 1400.000000 0.000000
5368.024859 1400.000000 0.000000
4661.777925 1400.000000 0.000000
3527.685736 1400.000000 0.000000
5846.075912 1400.000000 0.000000
4356.837650 1400.000000 0.000000
3202.772427 1400.000000 0.000000
3884.882945 1400.000000 0.000000
2560.695970 1400.000000 0.000000
4594.115618 1400.000000 0.000000
6419.270685 1400.000000 0.000000
1932.382140 1400.000000 0.000000
848.501090 1400.000000 0.000000
6763.247778 1400.000000 0.000000
4882.073059 1400.000000 0.000000
3104.834526 1400.000000 0.000000
4411.370769 1400.000000 0.000000
2578.426724 1400.000000 0.000000
1667.343693 1400.000000 0.000000
2101.916744 1400.000000 0.000000
4972.325202 1400.000000 0.000000
332.323867 1400.000000 0.000000
3447.678104 1400.000000 0.000000
568.777859 1400.000000 0.000000
854.117474 1400.000000 0.000000
6951.715261 1400.000000 0.000000
2485.637191 1400.000000 0.000000
5354.046114 1400.000000 0.000000
6328.696800 1400.000000 0.000000
2772.767289 1400.000000 0.000000
5719.943994 1400.000000 0.000000
2442.819551 1400.000000 0.000000
1863.355436 1400.000000 0.000000
2572.513703 1400.000000 0.000000
5266.213492 1400.000000 0.000000
4114.600167 1400.000000 0.000000
3425.947663 1400.000000 0.000000
4714.318426 1400.000000 0.000000
2298.072974 1400.000000 0.000000
5977.620875 1400.000000 0.000000
5826.665155 1400.000000 0.000000
1117.120805 1400.000000 0.000000
2256.877152 1400.000000 0.000000
6651.215950 1400.000000 0.000000
667.636984 1400.000000 0.000000
1617.138987 1400.000000 0.000000
6024.254266 1400.000000 0.000000
2517.390345 1400.000000 0.000000
6893.905893 1400.000000 0.000000
223.829675 1400.000000 0.000000
5800.549401 1400.000000 0.000000
3617.666427 1400.000000 0.000000
3425.855465 1400.000000 0.000000
6747.841086 1400.000000 0.000000
6720.922173 1400.000000 0.000000
4772.717537 1400.000000 0.000000
6025.517182 1400.000000 0.000000
3190.804971 1400.000000 0.000000
2326.734590 1400.000000 0.000000
414.048630 1400.000000 0.000000
3165.721837 1400.000000 0.000000
1521.479511 1400.000000 0.000000
2419.252080 1400.000000 0.000000
3849.803953 1400.000000 0.000000
2223.355761 1400.000000 0.000000
6250.835098 1400.000000 0.000000
3430.318153 1400.000000 0.000000
1795.353067 1400.000000 0.000000
6782.990468 1400.000000 0.000000
6374.455254 1400.000000 0.000000
1587.023185 1400.000000 0.000000
2294.800005 1400.000000 0.000000
2006.914630 1400.000000 0.000000
997.605381 1400.000000 0.000000
694.972174 1400.000000 0.000000
1346.326864 1400.000000 0.000000
2158.638084 1400.000000 0.000000
6099.911713 1400.000000 0.000000
2738.041501 1400.000000 0.000000
5520.626174 1400.000000 0.000000
1405.712284 1400.000000 0.000000
6905.331713 1400.000000 0.000000
6180.034880 1400.000000 0.000000
769.037157 1400.000000 0.000000
2479.982785 1400.000000 0.000000
3890.198774 1400.000000 0.000000
4834.889205 1400.000000 0.000000
4506.710265 1400.000000 0.000000
2541.729995 1400.000000 0.000000
552.038978 1400.000000 0.000000
1405.742897 1400.000000 0.000000
5018.814711 1400.000000 0.000000
5210.476221 1400.000000 0.000000
5373.455012 1400.000000 0.000000
1718.097154 1400.000000 0.000000
4676.063834 1400.000000 0.000000
6208.925640 1400.000000 0.000000
2567.949515 1400.000000 0.000000
3720.896396 1400.000000 0.000000
3519.907852 1400.000000 0.000000
2201.805687 1400.000000 0.000000
4357.789550 1400.000000 0.000000
139.327007 1400.000000 0.000000
4734.485941 1400.000000 0.000000
3008.730351 1400.000000 0.000000
1629.846483 1400.000000 0.000000
6913.336199 1400.000000 0.000000
2146.004947 1400.000000 0.000000
3462.459263 1400.000000 0.000000
5240.304253 1400.000000 0.000000
6242.904926 1400.000000 0.000000
316.998472 1400.000000 0.000000
2992.927504 1400.000000 0.000000
1588.849097 1400.000000 0.000000
3388.510896 1400.000000 0.000000
1152.519410 1400.000000 0.000000
628.652418 1400.000000 0.000000
2689.846162 1400.000000 0.000000
166.848306 1400.000000 0.000000
2308.141828 1400.000000 0.000000
3718.615151 1400.000000 0.000000
3336.783525 1400.000000 0.000000
6142.377315 1400.000000 0.000000
3188.511393 1400.000000 0.000000
3481.117465 1400.000000 0.000000
2773.290104 1400.000000 0.000000
6202.873096 1400.000000 0.000000
5152.490644 1400.000000 0.000000
762.423166 1400.000000 0.000000
2785.453315 1400.000000 0.000000
5898.025148 1400.000000 0.000000
5783.402239 1400.000000 0.000000
6556.586158 1400.000000 0.000000
1719.127271 1400.000000 0.000000
4477.820315 1400.000000 0.000000
3453.345217 1400.000000 0.000000
514.146548 1400.000000 0.000000
5460.966708 1400.000000 0.000000
294.784863 1400.000000 0.000000
4907.815337 1400.000000 0.000000
6583.662868 1400.000000 0.000000
4903.837193 1400.000000 0.000000
5437.321902 1400.000000 0.000000
1349.198065 1400.000000 0.000000
48.476882 1400.000000 0.000000
5900.885379 1400.000000 0.000000
6435.269235 1400.000000 0.000000
1694.582881 1400.000000 0.000000
1330.704718 1400.000000 0.000000
5145.592473 1400.000000 0.000000
1151.656232 1400.000000 0.000000
6932.145150 1400.000000 0.000000
6879.935578 1400.000000 0.000000
4600.186771 1400.000000 0.000000
131.415510 1400.000000 0.000000
5317.175377 1400.000000 0.000000
2502.973275 1400.000000 0.000000
3563.114407 1400.000000 0.000000
5172.297767 1400.000000 0.000000
3975.462145 1400.000000 0.000000
2023.396438 1400.000000 0.000000
2905.119982 1400.000000 0.000000
6867.381928 1400.000000 0.000000
2561.191352 1400.000000 0.000000
3625.147830 1400.000000 0.000000
5909.463153 1400.000000 0.000000
6776.858569 1400.000000 0.000000
1812.261699 1400.000000 0.000000
3348.173086 1400.000000 0.000000
3061.386905 1400.000000 0.000000
2655.786005 1400.000000 0.000000
1421.573186 1400.000000 0.000000
3855.745238 1400.000000 0.000000
1788.799058 1400.000000 0.000000
3850.686214 1400.000000 0.000000
6093.345573 1400.000000 0.000000
1688.611495 1400.000000 0.000000
1099.757663 1400.000000 0.000000
1527.825792 1400.000000 0.000000
813.944161 1400.000000 0.000000
5243.127928 1400.000000 0.000000
1108.034610 1400.000000 0.000000
3334.477346 1400.000000 0.000000
3817.291264 1400.000000 0.000000
6152.846849 1400.000000 0.000000
120.009518 1400.000000 0.000000
3800.873911 1400.000000 0.000000
2226.126571 1400.000000 0.000000
5521.637399 1400.000000 0.000000
6102.049619 1400.000000 0.000000
5169.432866 1400.000000 0.000000
646.331102 1400.000000 0.000000
2109.790501 1400.000000 0.000000
4459.723004 1400.000000 0.000000
4000.949899 1400.000000 0.000000
4989.672394 1400.000000 0.000000
4510.024695 1400.000000 0.000000
1613.332055 1400.000000 0.000000
6801.869104 1400.000000 0.000000
6763.115998 1400.000000 0.000000
2043.187361 1400.000000 0.000000
1227.000725 1400.000000 0.000000
2190.177865 1400.000000 0.000000
6892.558959 1400.000000 0.000000
3978.739480 1400.000000 0.000000
5911.279947 1400.000000 0.000000
1011.037356 1400.000000 0.000000
3219.584267 1400.000000 0.000000
4255.285336 1400.000000 0.000000
1288.858936 1400.000000 0.000000
2399.638450 1400.000000 0.000000
4245.030983 1400.000000 0.000000
5867.376098 1400.000000 0.000000
1303.319625 1400.000000 0.000000
211.921283 1400.000000 0.000000
2151.743004 1400.000000 0.000000
877.002203 1400.000000 0.000000
1892.764754 1400.000000 0.000000
6119.130365 1400.000000 0.000000
2593.566902 1400.000000 0.000000
6259.633590 1400.000000 0.000000
2855.969717 1400.000000 0.000000
6173.149281 1400.000000 0.000000
4535.658668 1400.000000 0.000000
1658.907092 1400.000000 0.000000
3701.651350 1400.000000 0.000000
2056.120796 1400.000000 0.000000
660.242977 1400.000000 0.000000
6541.770381 1400.000000 0.000000
851.755326 1400.000000 0.000000
2447.772323 1400.000000 0.000000
469.188004 1400.000000 0.000000
4495.377384 1400.000000 0.000000
4847.129963 1400.000000 0.000000
2344.487133 1400.000000 0.000000
2619.709355 1400.000000 0.000000
2197.195359 1400.000000 0.000000
3771.168062 1400.000000 0.000000
690.147661 1400.000000 0.000000
3433.599577 1400.000000 0.000000
2301.149692 1400.000000 0.000000
4968.080556 1400.000000 0.000000
6171.886207 1400.000000 0.000000
2751.003367 1400.000000 0.000000
5979.702910 1400.000000 0.000000
3246.436152 1400.000000 0.000000
3689.394728 1400.000000 0.000000
3453.169247 1400.000000 0.000000
1874.490353 1400.000000 0.000000
4081.542333 1400.000000 0.000000
401.459917 1400.000000 0.000000
6715.354579 1400.000000 0.000000
5399.920213 1400.000000 0.000000
299.029242 1400.000000 0.000000
3489.033581 1400.000000 0.000000
366.059891 1400.000000 0.000000
3930.860147 1400.000000 0.000000
6722.533365 1400.000000 0.000000
4338.721198 1400.000000 0.000000
3700.398577 1400.000000 0.000000
4887.646250 1400.000000 0.000000
1303.134291 1400.000000 0.000000
3877.987173 1400.000000 0.000000
4662.842042 1400.000000 0.000000
1069.117340 1400.000000 0.000000
6641.251102 1400.000000 0.000000
1307.780523 1400.000000 0.000000
4063.588648 1400.000000 0.000000
5957.171092 1400.000000 0.000000
748.060905 1400.000000 0.000000
4731.032157 1400.000000 0.000000
5572.316680 1400.000000 0.000000
4603.522721 1400.000000 0.000000
65.446667 1400.000000 0.000000
1443.873115 1400.000000 0.000000
4454.942576 1400.000000 0.000000
267.795222 1400.000000 0.000000
4743.971752 1400.000000 0.000000
4745.425478 1400.000000 0.000000
4701.789880 1400.000000 0.000000
2774.224012 1400.000000 0.000000
4631.179332 1400.000000 0.000000
4433.522683 1400.000000 0.000000
6734.869671 1400.000000 0.000000
6948.979925 1400.000000 0.000000
695.413784 1400.000000 0.000000
475.252919 1400.000000 0.000000
2982.092062 1400.000000 0.000000
6629.318516 1400.000000 0.000000
4958.282065 1400.000000 0.000000
3267.724924 1400.000000 0.000000
313.854020 1400.000000 0.000000
5240.066452 1400.000000 0.000000
4748.594861 1400.000000 0.000000
1476.449402 1400.000000 0.000000
2789.432144 1400.000000 0.000000
6675.729092 1400.000000 0.000000
202.315994 1400.000000 0.000000
6550.365985 1400.000000 0.000000
5928.513315 1400.000000 0.000000
4639.321230 1400.000000 0.000000
6075.376324 1400.000000 0.000000
4566.515265 1400.000000 0.000000
3169.634582 1400.000000 0.000000
2136.602876 1400.000000 0.000000
2464.244909 1400.000000 0.000000
1957.503815 1400.000000 0.000000
1652.319159 1400.000000 0.000000
189.024226 1400.000000 0.000000
4564.436720 1400.000000 0.000000
4984.001586 1400.000000 0.000000
4339.516068 1400.000000 0.000000
878.073543 1400.000000 0.000000
3169.529744 1400.000000 0.000000
6456.320568 1400.000000 0.000000
845.910515 1400.000000 0.000000
2826.662823 1400.000000 0.000000
1822.033122 1400.000000 0.000000
5451.905469 1400.000000 0.000000
4674.888397 1400.000000 0.000000
187.526061 1400.000000 0.000000
3439.326105 1400.000000 0.000000
6405.426213 1400.000000 0.000000
4928.177426 1400.000000 0.000000
4397.405971 1400.000000 0.000000
4048.369266 1400.000000 0.000000
4404.094909 1400.000000 0.000000
5112.874543 1400.000000 0.000000
4489.228338 1400.000000 0.000000
3245.965342 1400.000000 0.000000
4300.038675 1400.000000 0.000000
1781.294590 1400.000000 0.000000
5660.778842 1400.000000 0.000000
1602.886112 1400.000000 0.000000
3153.345973 1400.000000 0.000000
6119.645993 1400.000000 0.000000
1419.417341 1400.000000 0.000000
3665.978345 1400.000000 0.000000
885.627861 1400.000000 0.000000
4055.820292 1400.000000 0.000000
1833.192693 1400.000000 0.000000
1454.383399 1400.000000 0.000000
3869.867121 1400.000000 0.000000
5959.767547 1400.000000 0.000000
3595.161062 1400.000000 0.000000
3907.818912 1400.000000 0.000000
4663.039748 1400.000000 0.000000
6992.822598 1400.000000 0.000000
1247.918520 1400.000000 0.000000
817.177451 1400.000000 0.000000
478.978802 1400.000000 0.000000
4358.993642 1400.000000 0.000000
2201.380653 1400.000000 0.000000
6228.795532 1400.000000 0.000000
5645.343621 1400.000000 0.000000
3009.418643 1400.000000 0.000000
3672.868204 1400.000000 0.000000
3168.728712 1400.000000 0.000000
4415.201850 1400.000000 0.000000
3966.161398 1400.000000 0.000000
6712.024643 1400.000000 0.000000
6356.366005 1400.000000 0.000000
4906.287835 1400.000000 0.000000
2639.177690 1400.000000 0.000000
4786.573581 1400.000000 0.000000
1386.619236 1400.000000 0.000000
4321.804895 1400.000000 0.000000
2896.083109 1400.000000 0.000000
5765.118917 1400.000000 0.000000
5289.045636 1400.000000 0.000000
4921.681220 1400.000000 0.000000
2550.059944 1400.000000 0.000000
5738.508903 1400.000000 0.000000
5261.072344 1400.000000 0.000000
341.386563 1400.000000 0.000000
3699.983022 1400.000000 0.000000
4317.237346 1400.000000 0.000000
1896.599817 1400.000000 0.000000
5605.892226 1400.000000 0.000000
1646.219558 1400.000000 0.000000
6326.505867 1400.000000 0.000000
1811.610985 1400.000000 0.000000
1339.354887 1400.000000 0.000000
86.872394 1400.000000 0.000000
5973.897987 1400.000000 0.000000
4347.060981 1400.000000 0.000000
5991.033518 1400.000000 0.000000
980.743407 1400.000000 0.000000
6108.815748 1400.000000 0.000000
4961.878148 1400.000000 0.000000
648.486925 1400.000000 0.000000
145.252936 1400.000000 0.000000
5478.455629 1400.000000 0.000000
210.577665 1400.000000 0.000000
3532.274425 1400.000000 0.000000
571.355247 1400.000000 0.000000
5414.456214 1400.000000 0.000000
6108.040972 1400.000000 0.000000
6160.218737 1400.000000 0.000000
6184.670094 1400.000000 0.000000
6106.991298 1400.000000 0.000000
3211.055578 1400.000000 0.000000
6316.091888 1400.000000 0.000000
3835.334662 1400.000000 0.000000
391.919046 1400.000000 0.000000
4138.259214 1400.000000 0.000000
3947.591966 1400.000000 0.000000
5432.910531 1400.000000 0.000000
2068.988449 1400.000000 0.000000
285.975573 1400.000000 0.000000
2789.970282 1400.000000 0.000000
1975.922341 1400.000000 0.000000
5647.014247 1400.000000 0.000000
3550.115535 1400.000000 0.000000
4817.056753 1400.000000 0.000000
3462.648283 1400.000000 0.000000
3181.822283 1400.000000 0.000000
2950.360639 1400.000000 0.000000
274.762130 1400.000000 0.000000
638.373422 1400.000000 0.000000
2756.707165 1400.000000 0.000000
947.612363 1400.000000 0.000000
6780.554081 1400.000000 0.000000
5681.732776 1400.000000 0.000000
2281.757877 1400.000000 0.000000
6733.994246 1400.000000 0.000000
701.968414 1400.000000 0.000000
720.472286 1400.000000 0.000000
2150.813633 1400.000000 0.000000
2335.774417 1400.000000 0.000000
6005.762935 1400.000000 0.000000
3660.452153 1400.000000 0.000000
4308.500287 1400.000000 0.000000
6870.910787 1400.000000 0.000000
5582.393170 1400.000000 0.000000
1391.667720 1400.000000 0.000000
3196.929332 1400.000000 0.000000
3996.795579 1400.000000 0.000000
1504.360875 1400.000000 0.000000
4805.033199 1400.000000 0.000000
1950.214806 1400.000000 0.000000
1258.178938 1400.000000 0.000000
2782.485623 1400.000000 0.000000
1140.012546 1400.000000 0.000000
5618.352334 1400.000000 0.000000
585.521393 1400.000000 0.000000
4467.895266 1400.000000 0.000000
1615.995629 1400.000000 0.000000
4060.660656 1400.000000 0.000000
6050.047597 1400.000000 0.000000
6529.168010 1400.000000 0.000000
5749.751865 1400.000000 0.000000
3364.133309 1400.000000 0.000000
4454.611111 1400.000000 0.000000
1270.560591 1400.000000 0.000000
3284.403509 1400.000000 0.000000
2164.935088 1400.000000 0.000000
4681.673018 1400.000000 0.000000
5056.388129 1400.000000 0.000000
4023.996683 1400.000000 0.000000
3694.981590 1400.000000 0.000000
5664.620910 1400.000000 0.000000
6908.178630 1400.000000 0.000000
2267.023472 1400.000000 0.000000
4244.775212 1400.000000 0.000000
5316.912760 1400.000000 0.000000
5536.777261 1400.000000 0.000000
489.508699 1400.000000 0.000000
3853.257898 1400.000000 0.000000
65.087977 1400.000000 0.000000
5492.406324 1400.000000 0.000000
4823.308801 1400.000000 0.000000
6745.116636 1400.000000 0.000000
3615.091183 1400.000000 0.000000
2500.248132 1400.000000 0.000000
3376.358243 1400.000000 0.000000
3009.717214 1400.000000 0.000000
6974.143032 1400.000000 0.000000
4208.232076 1400.000000 0.000000
5495.029449 1400.000000 0.000000
6793.794848 1400.000000 0.000000
3414.981843 1400.000000 0.000000
664.487265 1400.000000 0.000000
6855.322413 1400.000000 0.000000
846.144175 1400.000000 0.000000
4411.822353 1400.000000 0.000000
1359.732777 1400.000000 0.000000
1491.571921 1400.000000 0.000000
102.191459 1400.000000 0.000000
2566.697804 1400.000000 0.000000
2380.705441 1400.000000 0.000000
5052.504432 1400.000000 0.000000
2572.731789 1400.000000 0.000000
147.234760 1400.000000 0.000000
921.815947 1400.000000 0.000000
4107.317730 1400.000000 0.000000
5135.232482 1400.000000 0.000000
6045.446055 1400.000000 0.000000
958.962520 1400.000000 0.000000
366.988844 1400.000000 0.000000
2843.563859 1400.000000 0.000000
1691.598629 1400.000000 0.000000
3307.154920 1400.000000 0.000000
6105.511855 1400.000000 0.000000
3183.034628 1400.000000 0.000000
501.053487 1400.000000 0.000000
2198.428710 1400.000000 0.000000
3449.761799 1400.000000 0.000000
5192.047936 1400.000000 0.000000
4863.485644 1400.000000 0.000000
6880.075103 1400.000000 0.000000
2238.236960 1400.000000 0.000000
5629.425928 1400.000000 0.000000
374.274707 1400.000000 0.000000
5223.087437 1400.000000 0.000000
2124.324516 1400.000000 0.000000
651.570597 1400.000000 0.000000
6541.721650 1400.000000 0.000000
5228.077303 1400.000000 0.000000
700.339300 1400.000000 0.000000
5042.075556 1400.000000 0.000000
1475.276179 1400.000000 0.000000
6741.677247 1400.000000 0.000000
5244.325879 1400.000000 0.000000
5177.353523 1400.000000 0.000000
3570.506291 1400.000000 0.000000
611.050905 1400.000000 0.000000
4550.143286 1400.000000 0.000000
576.553947 1400.000000 0.000000
5088.445217 1400.000000 0.000000
3728.327858 1400.000000 0.000000
5245.141065 1400.000000 0.000000
6028.868579 1400.000000 0.000000
242.896137 1400.000000 0.000000
651.857208 1400.000000 0.000000
4586.799666 1400.000000 0.000000
6716.624931 1400.000000 0.000000
3409.400616 1400.000000 0.000000
6019.270214 1400.000000 0.000000
593.560947 1400.000000 0.000000
5029.792005 1400.000000 0.000000
5956.428295 1400.000000 0.000000
5732.193471 1400.000000 0.000000
5013.921219 1400.000000 0.000000
2857.567509 1400.000000 0.000000
4456.099690 1400.000000 0.000000
3666.870921 1400.000000 0.000000
2604.272107 1400.000000 0.000000
2473.982677 1400.000000 0.000000
4186.343329 1400.000000 0.000000
682.408122 1400.000000 0.000000
1934.471267 1400.000000 0.000000
3237.452973 1400.000000 0.000000
4387.566398 1400.000000 0.000000
1171.487396 1400.000000 0.000000
2037.408842 1400.000000 0.000000
2653.178596 1400.000000 0.000000
6280.781646 1400.000000 0.000000
6441.263194 1400.000000 0.000000
6226.395017 1400.000000 0.000000
3184.200101 1400.000000 0.000000
3098.742143 1400.000000 0.000000
3567.123800 1400.000000 0.000000
2620.294044 1400.000000 0.000000
2848.683315 1400.000000 0.000000
6835.525038 1400.000000 0.000000
2576.022102 1400.000000 0.000000
787.488810 1400.000000 0.000000
1694.453025 1400.000000 0.000000
4867.648084 1400.000000 0.000000
6750.713893 1400.000000 0.000000
6421.442909 1400.000000 0.000000
398.284992 1400.000000 0.000000
4562.852814 1400.000000 0.000000
6429.445192 1400.000000 0.000000
450.039068 1400.000000 0.000000
6694.158895 1400.000000 0.000000
3237.569527 1400.000000 0.000000
3221.946425 1400.000000 0.000000
1808.859649 1400.000000 0.000000
3013.524293 1400.000000 0.000000
2047.030612 1400.000000 0.000000
5211.947991 1400.000000 0.000000
498.967980 1400.000000 0.000000
1229.054356 1400.000000 0.000000
3031.309826 1400.000000 0.000000
2027.987522 1400.000000 0.000000
3797.655101 1400.000000 0.000000
4559.589611 1400.000000 0.000000
6816.935454 1400.000000 0.000000
1307.248068 1400.000000 0.000000
2943.101748 1400.000000 0.000000
6566.323734 1400.000000 0.000000
5049.054907 1400.000000 0.000000
2222.340064 1400.000000 0.000000
5120.123557 1400.000000 0.000000
6841.418035 1400.000000 0.000000
161.288539 1400.000000 0.000000
1802.577746 1400.000000 0.000000
5354.007012 1400.000000 0.000000
3167.248498 1400.000000 0.000000
5541.331426 1400.000000 0.000000
1614.362506 1400.000000 0.000000
2327.888362 1400.000000 0.000000
2692.420416 1400.000000 0.000000
4884.777051 1400.000000 0.000000
273.956050 1400.000000 0.000000
2872.825998 1400.000000 0.000000
6552.012695 1400.000000 0.000000
3086.808414 1400.000000 0.000000
3612.729276 1400.000000 0.000000
767.085053 1400.000000 0.000000
1284.340275 1400.000000 0.000000
3411.954065 1400.000000 0.000000
2046.700524 1400.000000 0.000000
4274.280676 1400.000000 0.000000
6619.170099 1400.000000 0.000000
1842.005042 1400.000000 0.000000
6934.310012 1400.000000 0.000000
1487.533970 1400.000000 0.000000
6280.513064 1400.000000 0.000000
1498.348534 1400.000000 0.000000
1886.429101 1400.000000 0.000000
3214.362176 1400.000000 0.000000
5703.915576 1400.000000 0.000000
602.057139 1400.000000 0.000000
5968.464445 1400.000000 0.000000
5517.064847 1400.000000 0.000000
5798.028379 1400.000000 0.000000
1438.993145 1400.000000 0.000000
750.389266 1400.000000 0.000000
5962.687448 1400.000000 0.000000
984.586467 1400.000000 0.000000
4795.557195 1400.000000 0.000000
4547.359074 1400.000000 0.000000
3493.902277 1400.000000 0.000000
2561.568931 1400.000000 0.000000
6442.546277 1400.000000 0.000000
1452.497624 1400.000000 0.000000
4382.364716 1400.000000 0.000000
2456.575528 1400.000000 0.000000
5700.987171 1400.000000 0.000000
3767.517445 1400.000000 0.000000
6812.068391 1400.000000 0.000000
4685.466855 1400.000000 0.000000
6770.617995 1400.000000 0.000000
795.124129 1400.000000 0.000000
3091.127636 1400.000000 0.000000
173.574788 1400.000000 0.000000
2078.325172 1400.000000 0.000000
2250.502416 1400.000000 0.000000
4714.321376 1400.000000 0.000000
3234.288256 1400.000000 0.000000
6928.584400 1400.000000 0.000000
3411.533465 1400.000000 0.000000
791.201247 1400.000000 0.000000
160.499970 1400.000000 0.000000
4782.787468 1400.000000 0.000000
2649.668286 1400.000000 0.000000
3441.364930 1400.000000 0.000000
5181.558808 1400.000000 0.000000
529.856894 1400.000000 0.000000
5617.071580 1400.000000 0.000000
2155.989875 1400.000000 0.000000
28.404694 1400.000000 0.000000
813.815191 1400.000000 0.000000
4855.994227 1400.000000 0.000000
1254.973604 1400.000000 0.000000
641.569131 1400.000000 0.000000
2463.035350 1400.000000 0.000000
5169.946277 1400.000000 0.000000
3589.508195 1400.000000 0.000000
5036.365706 1400.000000 0.000000
5771.154436 1400.000000 0.000000
7.676679 1400.000000 0.000000
5662.684159 1400.000000 0.000000
2379.338759 1400.000000 0.000000
4197.310826 1400.000000 0.000000
3093.348534 1400.000000 0.000000
3131.005115 1400.000000 0.000000
1838.368295 1400.000000 0.000000
2923.787521 1400.000000 0.000000
1926.915388 1400.000000 0.000000
2965.679314 1400.000000 0.000000
6325.055853 1400.000000 0.000000
4404.740488 1400.000000 0.000000
3939.010457 1400.000000 0.000000
6335.228399 1400.000000 0.000000
5429.189175 1400.000000 0.000000
1501.104646 1400.000000 0.000000
3805.429176 1400.000000 0.000000
4803.882809 1400.000000 0.000000
20.832116 1400.000000 0.000000
1314.552834 1400.000000 0.000000
4660.151570 1400.000000 0.000000
5234.500164 1400.000000 0.000000
3742.424826 1400.000000 0.000000
5109.580952 1400.000000 0.000000
4164.229877 1400.000000 0.000000
3234.421718 1400.000000 0.000000
5938.167952 1400.000000 0.000000
438.022199 1400.000000 0.000000
5182.795531 1400.000000 0.000000
3888.310154 1400.000000 0.000000
764.078541 1400.000000 0.000000
3100.955752 1400.000000 0.000000
5463.115862 1400.000000 0.000000
6983.397399 1400.000000 0.000000
1817.967489 1400.000000 0.000000
1903.303368 1400.000000 0.000000
3033.120895 1400.000000 0.000000
5250.000456 1400.000000 0.000000
6641.233006 1400.000000 0.000000
6469.655011 1400.000000 0.000000
2548.588846 1400.000000 0.000000
3126.116185 1400.000000 0.000000
3387.675142 1400.000000 0.000000
4211.502397 1400.000000 0.000000
2457.293794 1400.000000 0.000000
1553.731047 1400.000000 0.000000
6236.537764 1400.000000 0.000000
5964.962705 1400.000000 0.000000
182.959955 1400.000000 0.000000
1254.417195 1400.000000 0.000000
5435.955348 1400.000000 0.000000
5423.439100 1400.000000 0.000000
3352.201830 1400.000000 0.000000
786.579036 1400.000000 0.000000
4027.792662 1400.000000 0.000000
2353.848279 1400.000000 0.000000
3629.900323 1400.000000 0.000000
430.508681 1400.000000 0.000000
1396.186325 1400.000000 0.000000
1323.092521 1400.000000 0.000000
2456.414732 1400.000000 0.000000
1488.670112 1400.000000 0.000000
846.812694 1400.000000 0.000000
985.792044 1400.000000 0.000000
3744.885106 1400.000000 0.000000
3990.647408 1400.000000 0.000000
3137.810293 1400.000000 0.000000
533.789333 1400.000000 0.000000
3383.707236 1400.000000 0.000000
6146.902811 1400.000000 0.000000
6494.541432 1400.000000 0.000000
1153.925464 1400.000000 0.000000
2158.653080 1400.000000 0.000000
3750.879749 1400.000000 0.000000
2419.798897 1400.000000 0.000000
5535.051850 1400.000000 0.000000
1629.298677 1400.000000 0.000000
5458.073092 1400.000000 0.000000
6742.905599 1400.000000 0.000000
4840.982364 1400.000000 0.000000
1255.368919 1400.000000 0.000000
2186.523619 1400.000000 0.000000
4238.806836 1400.000000 0.000000
2364.780667 1400.000000 0.000000
2450.526708 1400.000000 0.000000
1190.720598 1400.000000 0.000000
5313.912938 1400.000000 0.000000
5364.396978 1400.000000 0.000000
6836.145639 1400.000000 0.000000
923.728228 1400.000000 0.000000
959.044993 1400.000000 0.000000
6197.776811 1400.000000 0.000000
2300.126773 1400.000000 0.000000
2263.272942 1400.000000 0.000000
5584.358967 1400.000000 0.000000
5437.873342 1400.000000 0.000000
360.986070 1400.000000 0.000000
5765.854933 1400.000000 0.000000
4093.535553 1400.000000 0.000000
127.560809 1400.000000 0.000000
473.843131 1400.000000 0.000000
3954.602954 1400.000000 0.000000
48.936924 1400.000000 0.000000
4643.204873 1400.000000 0.000000
3359.264623 1400.000000 0.000000
6280.880024 1400.000000 0.000000
1102.347777 1400.000000 0.000000
700.610373 1400.000000 0.000000
117.050461 1400.000000 0.000000
2965.333228 1400.000000 0.000000
5454.554720 1400.000000 0.000000
1152.520697 1400.000000 0.000000
3622.673551 1400.000000 0.000000
191.778677 1400.000000 0.000000
413.567845 1400.000000 0.000000
4556.441505 1400.000000 0.000000
1528.713120 1400.000000 0.000000
2806.902319 1400.000000 0.000000
1073.830860 1400.000000 0.000000
469.075539 1400.000000 0.000000
6450.653660 1400.000000 0.000000
1433.838231 1400.000000 0.000000
2910.684078 1400.000000 0.000000
569.017362 1400.000000 0.000000
4038.138834 1400.000000 0.000000
523.750085 1400.000000 0.000000
4248.674968 1400.000000 0.000000
905.293470 1400.000000 0.000000
3062.310345 1400.000000 0.000000
3699.154563 1400.000000 0.000000
6819.058492 1400.000000 0.000000
2077.580704 1400.000000 0.000000
4448.226878 1400.000000 0.000000
1302.705917 1400.000000 0.000000
6783.539065 1400.000000 0.000000
1705.227956 1400.000000 0.000000
5755.145448 1400.000000 0.000000
689.124799 1400.000000 0.000000
6987.252618 1400.000000 0.000000
2770.757269 1400.000000 0.000000
4647.837386 1400.000000 0.000000
3822.541904 1400.000000 0.000000
969.232661 1400.000000 0.000000
5585.569267 1400.000000 0.000000
314.631943 1400.000000 0.000000
5741.670863 1400.000000 0.000000
2604.486645 1400.000000 0.000000
4172.519970 1400.000000 0.000000
5252.375849 1400.000000 0.000000
3636.030497 1400.000000 0.000000
2480.834693 1400.000000 0.000000
3996.294778 1400.000000 0.000000
2072.086547 1400.000000 0.000000
6533.306986 1400.000000 0.000000
664.836472 1400.000000 0.000000
3442.885977 1400.000000 0.000000
2220.960866 1400.000000 0.000000
6783.451785 1400.000000 0.000000
839.605015 1400.000000 0.000000
3825.243061 1400.000000 0.000000
5754.134549 1400.000000 0.000000
2765.481762 1400.000000 0.000000
1674.506322 1400.000000 0.000000
5373.294972 1400.000000 0.000000
3740.727310 1400.000000 0.000000
1216.059131 1400.000000 0.000000
759.151388 1400.000000 0.000000
3600.891354 1400.000000 0.000000
3330.743982 1400.000000 0.000000
4017.631201 1400.000000 0.000000
6572.515200 1400.000000 0.000000
5215.490022 1400.000000 0.000000
5919.011397 1400.000000 0.000000
5922.120687 1400.000000 0.000000
2395.384794 1400.000000 0.000000
1169.066175 1400.000000 0.000000
5940.604615 1400.000000 0.000000
6879.724662 1400.000000 0.000000
319.171387 1400.000000 0.000000
5391.952399 1400.000000 0.000000
1637.420465 1400.000000 0.000000
5142.405507 1400.000000 0.000000
4779.150377 1400.000000 0.000000
3256.475729 1400.000000 0.000000
1455.452222 1400.000000 0.000000
685.207793 1400.000000 0.000000
6818.549345 1400.000000 0.000000
4889.533015 1400.000000 0.000000
2817.047988 1400.000000 0.000000
3595.061395 1400.000000 0.000000
5027.424669 1400.000000 0.000000
4133.908449 1400.000000 0.000000
3631.293401 1400.000000 0.000000
669.336702 1400.000000 0.000000
815.731455 1400.000000 0.000000
5029.679749 1400.000000 0.000000
5009.592958 1400.000000 0.000000
2517.904856 1400.000000 0.000000
448.869793 1400.000000 0.000000
3096.735129 1400.000000 0.000000
3617.978020 1400.000000 0.000000
148.207635 1400.000000 0.000000
4712.502697 1400.000000 0.000000
2123.634876 1400.000000 0.000000
5806.927121 1400.000000 0.000000
6883.968072 1400.000000 0.000000
3303.745410 1400.000000 0.000000
3455.299172 1400.000000 0.000000
3403.016119 1400.000000 0.000000
6612.026816 1400.000000 0.000000
4947.551691 1400.000000 0.000000
6003.208811 1400.000000 0.000000
903.351588 1400.000000 0.000000
6588.213957 1400.000000 0.000000
1735.488241 1400.000000 0.000000
6630.764230 1400.000000 0.000000
3585.280143 1400.000000 0.000000
633.965968 1400.000000 0.000000
3278.335034 1400.000000 0.000000
768.594540 1400.000000 0.000000
531.034673 1400.000000 0.000000
3013.569156 1400.000000 0.000000
5558.020192 1400.000000 0.000000
1343.506641 1400.000000 0.000000
1699.833498 1400.000000 0.000000
5574.986986 1400.000000 0.000000
3499.456617 1400.000000 0.000000
6236.204299 1400.000000 0.000000
6101.117384 1400.000000 0.000000
4350.995169 1400.000000 0.000000
4594.767785 1400.000000 0.000000
2531.674057 1400.000000 0.000000
3088.233985 1400.000000 0.000000
3949.419657 1400.000000 0.000000
3516.386057 1400.000000 0.000000
6761.066015 1400.000000 0.000000
2345.540555 1400.000000 0.000000
5475.825463 1400.000000 0.000000
4595.841494 1400.000000 0.000000
1888.885429 1400.000000 0.000000
393.491349 1400.000000 0.000000
1432.898032 1400.000000 0.000000
5459.023678 1400.000000 0.000000
485.930210 1400.000000 0.000000
1999.605624 1400.000000 0.000000
1888.191103 1400.000000 0.000000
1181.336926 1400.000000 0.000000
5480.466715 1400.000000 0.000000
6817.625770 1400.000000 0.000000
5437.429141 1400.000000 0.000000
991.717950 1400.000000 0.000000
5905.402214 1400.000000 0.000000
4828.502192 1400.000000 0.000000
20.210161 1400.000000 0.000000
2374.180727 1400.000000 0.000000
5732.848427 1400.000000 0.000000
141.190133 1400.000000 0.000000
1202.286319 1400.000000 0.000000
3421.702526 1400.000000 0.000000
5011.215026 1400.000000 0.000000
6274.630458 1400.000000 0.000000
6418.817317 1400.000000 0.000000
4788.252449 1400.000000 0.000000
1475.529315 1400.000000 0.000000
2633.141214 1400.000000 0.000000
4319.639351 1400.000000 0.000000
914.682077 1400.000000 0.000000
4870.452833 1400.000000 0.000000
694.029394 1400.000000 0.000000
3945.167514 1400.000000 0.000000
1916.719339 1400.000000 0.000000
1629.675455 1400.000000 0.000000
2771.735805 1400.000000 0.000000
4745.580439 1400.000000 0.000000
3889.801373 1400.000000 0.000000
4737.152986 1400.000000 0.000000
4066.243985 1400.000000 0.000000
4357.358220 1400.000000 0.000000
271.936899 1400.000000 0.000000
2933.883185 1400.000000 0.000000
5536.691363 1400.000000 0.000000
4090.877195 1400.000000 0.000000
6199.696025 1400.000000 0.000000
773.387159 1400.000000 0.000000
1187.688957 1400.000000 0.000000
6626.344251 1400.000000 0.000000
6426.720724 1400.000000 0.000000
630.125423 1400.000000 0.000000
1889.014593 1400.000000 0.000000
105.744883 1400.000000 0.000000
6673.575548 1400.000000 0.000000
5956.021073 1400.000000 0.000000
2219.703029 1400.000000 0.000000
1463.680762 1400.000000 0.000000
6890.276942 1400.000000 0.000000
1538.505220 1400.000000 0.000000
3893.754168 1400.000000 0.000000
454.912281 1400.000000 0.000000
6390.379017 1400.000000 0.000000
2813.111357 1400.000000 0.000000
3200.133788 1400.000000 0.000000
4341.032798 1400.000000 0.000000
1663.352915 1400.000000 0.000000
2799.807999 1400.000000 0.000000
3823.574121 1400.000000 0.000000
760.898870 1400.000000 0.000000
4407.318254 1400.000000 0.000000
202.448457 1400.000000 0.000000
2191.445976 1400.000000 0.000000
6966.102308 1400.000000 0.000000
1240.539788 1400.000000 0.000000
223.040897 1400.000000 0.000000
2560.116983 1400.000000 0.000000
446.180656 1400.000000 0.000000
3829.510127 1400.000000 0.000000
311.499512 1400.000000 0.000000
6597.815460 1400.000000 0.000000
4622.316284 1400.000000 0.000000
4593.152810 1400.000000 0.000000
3854.059922 1400.000000 0.000000
4246.793329 1400.000000 0.000000
4238.159878 1400.000000 0.000000
3641.679433 1400.000000 0.000000
989.498770 1400.000000 0.000000
2255.882663 1400.000000 0.000000
5767.870995 1400.000000 0.000000
524.699506 1400.000000 0.000000
5879.854080 1400.000000 0.000000
6312.704837 1400.000000 0.000000
4094.425832 1400.000000 0.000000
2467.971496 1400.000000 0.000000
4201.658888 1400.000000 0.000000
6712.117950 1400.000000 0.000000
1740.069309 1400.000000 0.000000
3755.204664 1400.000000 0.000000
712.737912 1400.000000 0.000000
6541.459010 1400.000000 0.000000
4202.966759 1400.000000 0.000000
5877.373281 1400.000000 0.000000
6055.597948 1400.000000 0.000000
622.722731 1400.000000 0.000000
5951.317645 1400.000000 0.000000
2426.471073 1400.000000 0.000000
1320.909613 1400.000000 0.000000
1399.449382 1400.000000 0.000000
3369.425887 1400.000000 0.000000
2777.213305 1400.000000 0.000000
6670.466255 1400.000000 0.000000
1160.679565 1400.000000 0.000000
1410.748416 1400.000000 0.000000
5048.660697 1400.000000 0.000000
4314.839197 1400.000000 0.000000
46.662360 1400.000000 0.000000
2396.560353 1400.000000 0.000000
6016.908412 1400.000000 0.000000
4509.636387 1400.000000 0.000000
69.152483 1400.000000 0.000000
2837.982292 1400.000000 0.000000
5148.181430 1400.000000 0.000000
3184.951502 1400.000000 0.000000
2785.540393 1400.000000 0.000000
3497.949545 1400.000000 0.000000
6204.827871 1400.000000 0.000000
4471.166533 1400.000000 0.000000
2333.625976 1400.000000 0.000000
1042.799083 1400.000000 0.000000
5610.974299 1400.000000 0.000000
1604.458810 1400.000000 0.000000
6410.786344 1400.000000 0.000000
3800.160349 1400.000000 0.000000
5472.044419 1400.000000 0.000000
3086.277121 1400.000000 0.000000
5335.971674 1400.000000 0.000000
2562.101881 1400.000000 0.000000
2015.422558 1400.000000 0.000000
6419.848407 1400.000000 0.000000
485.052327 1400.000000 0.000000
1509.411917 1400.000000 0.000000
