2144.555600 1300.000000 1.000000
1640.286900 1300.000000 1.000000
1034.839700 1300.000000 1.000000
1228.095700 1300.000000 1.000000
1523.806000 1300.000000 1.000000
1273.822200 1300.000000 1.000000
1054.897000 1300.000000 1.000000
1443.856900 1300.000000 1.000000
1368.303100 1300.000000 1.000000
1316.331400 1300.000000 1.000000
2335.727000 1300.000000 1.000000
983.506400 1300.000000 1.000000
1523.656900 1300.000000 1.000000
3495.376200 1300.000000 1.000000
1662.308900 1300.000000 1.000000
1235.413000 1300.000000 1.000000
1235.336300 1300.000000 1.000000
2014.883700 1300.000000 1.000000
828.513180 1300.000000 1.000000
2221.247000 1300.000000 1.000000
1285.517500 1300.000000 1.000000
1304.039600 1300.000000 1.000000
1211.176800 1300.000000 1.000000
1199.120100 1300.000000 1.000000
1184.378700 1300.000000 1.000000
1189.329100 1300.000000 1.000000
1381.702600 1300.000000 1.000000
3075.312000 1300.000000 1.000000
1555.344700 1300.000000 1.000000
1427.645500 1300.000000 1.000000
1927.321700 1300.000000 1.000000
1140.676000 1300.000000 1.000000
855.563470 1300.000000 1.000000
1155.941500 1300.000000 1.000000
1164.029400 1300.000000 1.000000
1545.030400 1300.000000 1.000000
1179.712800 1300.000000 1.000000
1148.448700 1300.000000 1.000000
1064.385200 1300.000000 1.000000
1157.895700 1300.000000 1.000000
1283.231600 1300.000000 1.000000
1276.737400 1300.000000 1.000000
1044.938700 1300.000000 1.000000
989.131530 1300.000000 1.000000
1154.061200 1300.000000 1.000000
1265.903300 1300.000000 1.000000
1210.312900 1300.000000 1.000000
2145.978500 1300.000000 1.000000
1412.658900 1300.000000 1.000000
1197.215500 1300.000000 1.000000
1168.458300 1300.000000 1.000000
1254.547800 1300.000000 1.000000
1268.864600 1300.000000 1.000000
603.181760 1300.000000 1.000000
1901.775500 1300.000000 1.000000
1100.331400 1300.000000 1.000000
1113.969900 1300.000000 1.000000
1172.267800 1300.000000 1.000000
1284.938800 1300.000000 1.000000
1178.825200 1300.000000 1.000000
2039.062800 1300.000000 1.000000
1435.438600 1300.000000 1.000000
1083.515500 1300.000000 1.000000
1362.050700 1300.000000 1.000000
1302.029500 1300.000000 1.000000
1189.290200 1300.000000 1.000000
2751.866200 1300.000000 1.000000
1345.646200 1300.000000 1.000000
1262.727600 1300.000000 1.000000
1229.846600 1300.000000 1.000000
1384.565600 1300.000000 1.000000
1259.560300 1300.000000 1.000000
1063.795100 1300.000000 1.000000
1524.960300 1300.000000 1.000000
1314.135500 1300.000000 1.000000
1420.576500 1300.000000 1.000000
1495.545200 1300.000000 1.000000
1320.353300 1300.000000 1.000000
1103.149500 1300.000000 1.000000
1351.425500 1300.000000 1.000000
2025.166100 1300.000000 1.000000
1703.352200 1300.000000 1.000000
1261.587800 1300.000000 1.000000
2372.388100 1300.000000 1.000000
1363.669100 1300.000000 1.000000
1228.515200 1300.000000 1.000000
2154.843700 1300.000000 1.000000
1769.858600 1300.000000 1.000000
1090.262700 1300.000000 1.000000
1517.902900 1300.000000 1.000000
1415.895000 1300.000000 1.000000
1413.826700 1300.000000 1.000000
1454.140500 1300.000000 1.000000
2004.642200 1300.000000 1.000000
1940.561400 1300.000000 1.000000
1934.875300 1300.000000 1.000000
3598.070800 1300.000000 1.000000
988.351990 1300.000000 1.000000
1243.282800 1300.000000 1.000000
1061.317000 1300.000000 1.000000
1331.024500 1300.000000 1.000000
1286.399900 1300.000000 1.000000
1570.606800 1300.000000 1.000000
1251.106600 1300.000000 1.000000
1712.039900 1300.000000 1.000000
1801.955500 1300.000000 1.000000
2024.373400 1300.000000 1.000000
1339.303100 1300.000000 1.000000
2033.596000 1300.000000 1.000000
745.676140 1300.000000 1.000000
1333.844900 1300.000000 1.000000
1448.678900 1300.000000 1.000000
1526.410700 1300.000000 1.000000
1586.900200 1300.000000 1.000000
2271.137900 1300.000000 1.000000
1674.116900 1300.000000 1.000000
990.797110 1300.000000 1.000000
2082.095200 1300.000000 1.000000
1954.895800 1300.000000 1.000000
1259.335000 1300.000000 1.000000
1857.867800 1300.000000 1.000000
1068.366000 1300.000000 1.000000
1106.817300 1300.000000 1.000000
2638.635700 1300.000000 1.000000
1539.377000 1300.000000 1.000000
1177.992100 1300.000000 1.000000
1406.912800 1300.000000 1.000000
1161.574100 1300.000000 1.000000
1517.256100 1300.000000 1.000000
1313.892900 1300.000000 1.000000
1441.897900 1300.000000 1.000000
1282.344600 1300.000000 1.000000
1322.645600 1300.000000 1.000000
2236.695500 1300.000000 1.000000
1263.687200 1300.000000 1.000000
1604.529300 1300.000000 1.000000
974.169000 1300.000000 1.000000
1334.096300 1300.000000 1.000000
1369.961500 1300.000000 1.000000
1198.976000 1300.000000 1.000000
834.239860 1300.000000 1.000000
1411.974800 1300.000000 1.000000
834.787650 1300.000000 1.000000
1293.457800 1300.000000 1.000000
935.532650 1300.000000 1.000000
1692.872900 1300.000000 1.000000
1121.868700 1300.000000 1.000000
1467.496900 1300.000000 1.000000
1750.763600 1300.000000 1.000000
1491.403600 1300.000000 1.000000
1337.419100 1300.000000 1.000000
1360.365900 1300.000000 1.000000
1125.801600 1300.000000 1.000000
1264.182100 1300.000000 1.000000
983.825980 1300.000000 1.000000
1288.003100 1300.000000 1.000000
1698.943200 1300.000000 1.000000
973.724240 1300.000000 1.000000
1566.311000 1300.000000 1.000000
880.364130 1300.000000 1.000000
1233.760600 1300.000000 1.000000
4084.991700 1300.000000 1.000000
2475.871800 1300.000000 1.000000
1236.312600 1300.000000 1.000000
921.546440 1300.000000 1.000000
1656.681600 1300.000000 1.000000
1680.506900 1300.000000 1.000000
1235.609100 1300.000000 1.000000
1315.200200 1300.000000 1.000000
2074.475500 1300.000000 1.000000
2442.812200 1300.000000 1.000000
1487.629600 1300.000000 1.000000
2417.813900 1300.000000 1.000000
2402.111000 1300.000000 1.000000
1443.500600 1300.000000 1.000000
1115.804200 1300.000000 1.000000
1910.881900 1300.000000 1.000000
2234.435700 1300.000000 1.000000
1282.636800 1300.000000 1.000000
1219.850500 1300.000000 1.000000
2112.201900 1300.000000 1.000000
1233.697300 1300.000000 1.000000
1730.918800 1300.000000 1.000000
1258.194900 1300.000000 1.000000
2263.700600 1300.000000 1.000000
1557.317200 1300.000000 1.000000
1367.877200 1300.000000 1.000000
1675.138700 1300.000000 1.000000
1163.626300 1300.000000 1.000000
1905.681000 1300.000000 1.000000
1450.802000 1300.000000 1.000000
2019.888600 1300.000000 1.000000
1170.758600 1300.000000 1.000000
2017.307500 1300.000000 1.000000
2057.614000 1300.000000 1.000000
1763.799800 1300.000000 1.000000
1800.820000 1300.000000 1.000000
1025.915100 1300.000000 1.000000
1324.151600 1300.000000 1.000000
1871.197000 1300.000000 1.000000
947.063960 1300.000000 1.000000
1228.134700 1300.000000 1.000000
1164.736500 1300.000000 1.000000
1279.106400 1300.000000 1.000000
1147.757000 1300.000000 1.000000
1256.790000 1300.000000 1.000000
1594.128700 1300.000000 1.000000
1236.452700 1300.000000 1.000000
2151.114200 1300.000000 1.000000
3650.686700 1300.000000 1.000000
1405.776900 1300.000000 1.000000
1080.362300 1300.000000 1.000000
1137.913500 1300.000000 1.000000
1150.415000 1300.000000 1.000000
1640.619700 1300.000000 1.000000
1083.545000 1300.000000 1.000000
2084.169400 1300.000000 1.000000
923.558890 1300.000000 1.000000
1600.409600 1300.000000 1.000000
2587.560700 1300.000000 1.000000
1456.131200 1300.000000 1.000000
1203.101400 1300.000000 1.000000
1271.308800 1300.000000 1.000000
1309.746200 1300.000000 1.000000
1154.130100 1300.000000 1.000000
1194.122500 1300.000000 1.000000
1011.846600 1300.000000 1.000000
1220.060500 1300.000000 1.000000
1220.573000 1300.000000 1.000000
1875.362100 1300.000000 1.000000
1252.772500 1300.000000 1.000000
1515.094600 1300.000000 1.000000
1121.322300 1300.000000 1.000000
1597.539400 1300.000000 1.000000
1463.749300 1300.000000 1.000000
1512.303500 1300.000000 1.000000
1429.099800 1300.000000 1.000000
959.793090 1300.000000 1.000000
1376.376900 1300.000000 1.000000
1210.724400 1300.000000 1.000000
1334.809900 1300.000000 1.000000
1432.823400 1300.000000 1.000000
1409.980400 1300.000000 1.000000
2893.045100 1300.000000 1.000000
1199.889800 1300.000000 1.000000
1018.962500 1300.000000 1.000000
2017.802200 1300.000000 1.000000
996.799500 1300.000000 1.000000
1752.039900 1300.000000 1.000000
3044.912300 1300.000000 1.000000
1554.738000 1300.000000 1.000000
1190.372500 1300.000000 1.000000
1243.518100 1300.000000 1.000000
1327.117300 1300.000000 1.000000
1615.358700 1300.000000 1.000000
1374.458500 1300.000000 1.000000
3071.755300 1300.000000 1.000000
1677.110800 1300.000000 1.000000
983.539300 1300.000000 1.000000
1317.938900 1300.000000 1.000000
1271.381700 1300.000000 1.000000
1092.465200 1300.000000 1.000000
1605.207200 1300.000000 1.000000
1538.108200 1300.000000 1.000000
1795.566000 1300.000000 1.000000
1523.153800 1300.000000 1.000000
1471.337600 1300.000000 1.000000
1402.713900 1300.000000 1.000000
1400.773300 1300.000000 1.000000
1427.527800 1300.000000 1.000000
1049.873400 1300.000000 1.000000
1439.645300 1300.000000 1.000000
1012.822200 1300.000000 1.000000
1409.577000 1300.000000 1.000000
1348.218100 1300.000000 1.000000
1301.758500 1300.000000 1.000000
1031.933300 1300.000000 1.000000
1491.428200 1300.000000 1.000000
1388.779600 1300.000000 1.000000
1168.246000 1300.000000 1.000000
1226.878100 1300.000000 1.000000
1319.976600 1300.000000 1.000000
1336.986800 1300.000000 1.000000
1155.126400 1300.000000 1.000000
1300.288000 1300.000000 1.000000
1670.734600 1300.000000 1.000000
1686.086300 1300.000000 1.000000
1150.031400 1300.000000 1.000000
1417.732600 1300.000000 1.000000
1185.755600 1300.000000 1.000000
1257.494200 1300.000000 1.000000
1173.339600 1300.000000 1.000000
1183.566500 1300.000000 1.000000
1786.772200 1300.000000 1.000000
1413.384600 1300.000000 1.000000
1118.827500 1300.000000 1.000000
1880.798100 1300.000000 1.000000
1598.648400 1300.000000 1.000000
1490.804800 1300.000000 1.000000
1200.879000 1300.000000 1.000000
1982.803500 1300.000000 1.000000
1324.416200 1300.000000 1.000000
1277.152300 1300.000000 1.000000
1283.759500 1300.000000 1.000000
1151.359100 1300.000000 1.000000
1301.382900 1300.000000 1.000000
1608.188100 1300.000000 1.000000
1337.972000 1300.000000 1.000000
1730.137400 1300.000000 1.000000
1306.471800 1300.000000 1.000000
2182.951100 1300.000000 1.000000
2142.899900 1300.000000 1.000000
1328.277400 1300.000000 1.000000
1501.310300 1300.000000 1.000000
1289.887700 1300.000000 1.000000
1511.031700 1300.000000 1.000000
1385.594700 1300.000000 1.000000
2343.760700 1300.000000 1.000000
1600.843900 1300.000000 1.000000
1480.001900 1300.000000 1.000000
2600.275800 1300.000000 1.000000
1958.658900 1300.000000 1.000000
1478.726800 1300.000000 1.000000
1462.928300 1300.000000 1.000000
1138.906400 1300.000000 1.000000
998.308890 1300.000000 1.000000
1046.452300 1300.000000 1.000000
1351.155200 1300.000000 1.000000
1199.443100 1300.000000 1.000000
1738.193100 1300.000000 1.000000
1361.753000 1300.000000 1.000000
1275.164600 1300.000000 1.000000
2211.022900 1300.000000 1.000000
2153.065900 1300.000000 1.000000
2295.740200 1300.000000 1.000000
1412.923700 1300.000000 1.000000
1128.789300 1300.000000 1.000000
1281.064800 1300.000000 1.000000
911.699150 1300.000000 1.000000
966.731990 1300.000000 1.000000
1512.616000 1300.000000 1.000000
1145.031000 1300.000000 1.000000
1014.514700 1300.000000 1.000000
1393.290000 1300.000000 1.000000
1372.945600 1300.000000 1.000000
1893.045400 1300.000000 1.000000
1528.207500 1300.000000 1.000000
1532.179800 1300.000000 1.000000
1345.553500 1300.000000 1.000000
2748.208900 1300.000000 1.000000
4103.410100 1300.000000 1.000000
1964.621400 1300.000000 1.000000
1361.046200 1300.000000 1.000000
1955.010000 1300.000000 1.000000
3116.762400 1300.000000 1.000000
1260.564900 1300.000000 1.000000
1166.377400 1300.000000 1.000000
1482.360200 1300.000000 1.000000
1174.968900 1300.000000 1.000000
936.911250 1300.000000 1.000000
1170.964800 1300.000000 1.000000
1080.080300 1300.000000 1.000000
1346.400100 1300.000000 1.000000
1831.496800 1300.000000 1.000000
1252.431700 1300.000000 1.000000
985.364130 1300.000000 1.000000
1311.414600 1300.000000 1.000000
1711.223300 1300.000000 1.000000
1417.239900 1300.000000 1.000000
1552.473800 1300.000000 1.000000
1023.271500 1300.000000 1.000000
954.954040 1300.000000 1.000000
1441.292300 1300.000000 1.000000
842.331230 1300.000000 1.000000
1343.283300 1300.000000 1.000000
1010.268700 1300.000000 1.000000
1374.672200 1300.000000 1.000000
1311.442800 1300.000000 1.000000
1417.129300 1300.000000 1.000000
1822.796800 1300.000000 1.000000
1490.943400 1300.000000 1.000000
2969.678400 1300.000000 1.000000
1340.259200 1300.000000 1.000000
2051.641300 1300.000000 1.000000
1369.952000 1300.000000 1.000000
1107.952500 1300.000000 1.000000
4305.715300 1300.000000 1.000000
2585.890800 1300.000000 1.000000
1205.305700 1300.000000 1.000000
1418.159900 1300.000000 1.000000
1992.423200 1300.000000 1.000000
1067.156200 1300.000000 1.000000
1215.697500 1300.000000 1.000000
1350.736300 1300.000000 1.000000
1535.829200 1300.000000 1.000000
1345.200600 1300.000000 1.000000
1026.766700 1300.000000 1.000000
1200.778900 1300.000000 1.000000
2090.465800 1300.000000 1.000000
1922.396900 1300.000000 1.000000
1984.344700 1300.000000 1.000000
1204.982600 1300.000000 1.000000
2105.245300 1300.000000 1.000000
1712.224300 1300.000000 1.000000
1194.262900 1300.000000 1.000000
1277.224300 1300.000000 1.000000
1237.579400 1300.000000 1.000000
1330.879100 1300.000000 1.000000
1311.440000 1300.000000 1.000000
1281.698800 1300.000000 1.000000
1611.397900 1300.000000 1.000000
1006.588800 1300.000000 1.000000
1084.962500 1300.000000 1.000000
1916.968500 1300.000000 1.000000
1408.363100 1300.000000 1.000000
2720.158600 1300.000000 1.000000
1160.481300 1300.000000 1.000000
1462.643900 1300.000000 1.000000
1455.965800 1300.000000 1.000000
1658.474300 1300.000000 1.000000
1675.666300 1300.000000 1.000000
1595.253400 1300.000000 1.000000
1139.363600 1300.000000 1.000000
1323.159000 1300.000000 1.000000
1212.794600 1300.000000 1.000000
1236.395800 1300.000000 1.000000
2657.311500 1300.000000 1.000000
1413.759100 1300.000000 1.000000
1759.585500 1300.000000 1.000000
1530.507600 1300.000000 1.000000
1497.115400 1300.000000 1.000000
1045.692500 1300.000000 1.000000
1468.201600 1300.000000 1.000000
2326.498500 1300.000000 1.000000
1586.931700 1300.000000 1.000000
1480.483600 1300.000000 1.000000
1422.868900 1300.000000 1.000000
1349.114800 1300.000000 1.000000
1119.945500 1300.000000 1.000000
986.216910 1300.000000 1.000000
1572.856400 1300.000000 1.000000
1413.182700 1300.000000 1.000000
1834.410700 1300.000000 1.000000
1793.470400 1300.000000 1.000000
1611.170400 1300.000000 1.000000
1829.692600 1300.000000 1.000000
1574.619300 1300.000000 1.000000
1202.318800 1300.000000 1.000000
1915.207600 1300.000000 1.000000
1317.421300 1300.000000 1.000000
665.927000 1300.000000 1.000000
1237.433900 1300.000000 1.000000
1485.147900 1300.000000 1.000000
1112.645100 1300.000000 1.000000
1374.367100 1300.000000 1.000000
1318.252600 1300.000000 1.000000
2117.465800 1300.000000 1.000000
1324.207500 1300.000000 1.000000
1138.853100 1300.000000 1.000000
1109.247600 1300.000000 1.000000
1916.710000 1300.000000 1.000000
3821.960200 1300.000000 1.000000
1197.458100 1300.000000 1.000000
1420.249600 1300.000000 1.000000
1103.095400 1300.000000 1.000000
1336.272300 1300.000000 1.000000
1216.863500 1300.000000 1.000000
1392.516700 1300.000000 1.000000
1577.284700 1300.000000 1.000000
1173.561700 1300.000000 1.000000
1259.945500 1300.000000 1.000000
1530.345900 1300.000000 1.000000
2598.869100 1300.000000 1.000000
1241.652900 1300.000000 1.000000
1105.530500 1300.000000 1.000000
1150.588700 1300.000000 1.000000
1392.865900 1300.000000 1.000000
1590.091800 1300.000000 1.000000
1227.063300 1300.000000 1.000000
1854.714900 1300.000000 1.000000
2106.101300 1300.000000 1.000000
1513.205600 1300.000000 1.000000
2517.954300 1300.000000 1.000000
1431.058700 1300.000000 1.000000
1678.436100 1300.000000 1.000000
1329.873000 1300.000000 1.000000
1255.484500 1300.000000 1.000000
1309.336400 1300.000000 1.000000
1191.770600 1300.000000 1.000000
1465.554400 1300.000000 1.000000
1617.344700 1300.000000 1.000000
1694.802900 1300.000000 1.000000
794.556640 1300.000000 1.000000
1479.803900 1300.000000 1.000000
1207.631400 1300.000000 1.000000
1309.765700 1300.000000 1.000000
1516.089400 1300.000000 1.000000
1302.908000 1300.000000 1.000000
1299.618100 1300.000000 1.000000
3808.152500 1300.000000 1.000000
1274.222600 1300.000000 1.000000
1184.644400 1300.000000 1.000000
1290.026200 1300.000000 1.000000
2061.625900 1300.000000 1.000000
1815.722000 1300.000000 1.000000
1182.345200 1300.000000 1.000000
1411.936700 1300.000000 1.000000
2281.764100 1300.000000 1.000000
1377.374600 1300.000000 1.000000
1091.076900 1300.000000 1.000000
997.733760 1300.000000 1.000000
892.317500 1300.000000 1.000000
1830.598600 1300.000000 1.000000
1243.215700 1300.000000 1.000000
1159.752200 1300.000000 1.000000
1955.656700 1300.000000 1.000000
1319.468600 1300.000000 1.000000
1117.714400 1300.000000 1.000000
1142.317100 1300.000000 1.000000
1750.428800 1300.000000 1.000000
1528.427100 1300.000000 1.000000
1149.343300 1300.000000 1.000000
1675.887800 1300.000000 1.000000
3330.220900 1300.000000 1.000000
1205.123400 1300.000000 1.000000
2365.689700 1300.000000 1.000000
1170.306400 1300.000000 1.000000
1462.887500 1300.000000 1.000000
1149.856000 1300.000000 1.000000
1233.181500 1300.000000 1.000000
1326.403400 1300.000000 1.000000
1262.052200 1300.000000 1.000000
1350.928100 1300.000000 1.000000
1504.949200 1300.000000 1.000000
1529.161500 1300.000000 1.000000
1673.192100 1300.000000 1.000000
1345.617500 1300.000000 1.000000
1215.376800 1300.000000 1.000000
2235.252600 1300.000000 1.000000
1404.908200 1300.000000 1.000000
1256.123100 1300.000000 1.000000
1205.484800 1300.000000 1.000000
1455.714700 1300.000000 1.000000
1134.902700 1300.000000 1.000000
1745.255800 1300.000000 1.000000
1831.262200 1300.000000 1.000000
2302.950400 1300.000000 1.000000
1243.276400 1300.000000 1.000000
1454.465800 1300.000000 1.000000
1338.721000 1300.000000 1.000000
1344.669000 1300.000000 1.000000
1252.466100 1300.000000 1.000000
1124.660100 1300.000000 1.000000
2512.697500 1300.000000 1.000000
1252.032100 1300.000000 1.000000
1397.015900 1300.000000 1.000000
3148.320500 1300.000000 1.000000
1671.333600 1300.000000 1.000000
1619.534600 1300.000000 1.000000
1414.174100 1300.000000 1.000000
1059.015200 1300.000000 1.000000
2121.330800 1300.000000 1.000000
1688.282400 1300.000000 1.000000
1522.541200 1300.000000 1.000000
856.099060 1300.000000 1.000000
1585.392800 1300.000000 1.000000
1299.978700 1300.000000 1.000000
1280.002000 1300.000000 1.000000
3512.050700 1300.000000 1.000000
1425.522800 1300.000000 1.000000
1153.550100 1300.000000 1.000000
2117.157700 1300.000000 1.000000
1938.524400 1300.000000 1.000000
1164.831900 1300.000000 1.000000
2522.375700 1300.000000 1.000000
864.366570 1300.000000 1.000000
1443.082500 1300.000000 1.000000
1111.782500 1300.000000 1.000000
1028.440400 1300.000000 1.000000
2892.250000 1300.000000 1.000000
1659.204300 1300.000000 1.000000
1464.308200 1300.000000 1.000000
1814.347600 1300.000000 1.000000
1287.151300 1300.000000 1.000000
1018.112100 1300.000000 1.000000
1568.632400 1300.000000 1.000000
1740.635000 1300.000000 1.000000
3165.968000 1300.000000 1.000000
1631.706000 1300.000000 1.000000
1759.415100 1300.000000 1.000000
1575.365800 1300.000000 1.000000
831.820740 1300.000000 1.000000
1674.795400 1300.000000 1.000000
2460.193600 1300.000000 1.000000
1449.712000 1300.000000 1.000000
2149.435500 1300.000000 1.000000
1270.684200 1300.000000 1.000000
1350.834100 1300.000000 1.000000
1735.265700 1300.000000 1.000000
1662.945800 1300.000000 1.000000
1331.246200 1300.000000 1.000000
1082.725300 1300.000000 1.000000
1190.938900 1300.000000 1.000000
1552.459900 1300.000000 1.000000
1491.827700 1300.000000 1.000000
4175.245600 1300.000000 1.000000
1897.891600 1300.000000 1.000000
1096.181000 1300.000000 1.000000
1587.958600 1300.000000 1.000000
2308.528300 1300.000000 1.000000
1399.780600 1300.000000 1.000000
1493.585000 1300.000000 1.000000
1445.494800 1300.000000 1.000000
1368.111500 1300.000000 1.000000
1933.302000 1300.000000 1.000000
1913.046500 1300.000000 1.000000
1432.026900 1300.000000 1.000000
2486.750700 1300.000000 1.000000
1483.813900 1300.000000 1.000000
1217.265200 1300.000000 1.000000
1250.528500 1300.000000 1.000000
1212.552100 1300.000000 1.000000
1263.985600 1300.000000 1.000000
1040.180100 1300.000000 1.000000
986.690240 1300.000000 1.000000
1715.624300 1300.000000 1.000000
1128.240400 1300.000000 1.000000
1064.217200 1300.000000 1.000000
1468.343700 1300.000000 1.000000
1224.357300 1300.000000 1.000000
1600.519200 1300.000000 1.000000
1034.197100 1300.000000 1.000000
1064.871700 1300.000000 1.000000
1511.104100 1300.000000 1.000000
1464.917600 1300.000000 1.000000
1554.560400 1300.000000 1.000000
1606.148900 1300.000000 1.000000
1167.998400 1300.000000 1.000000
1131.435000 1300.000000 1.000000
1095.035700 1300.000000 1.000000
1398.047900 1300.000000 1.000000
1509.572100 1300.000000 1.000000
2636.846600 1300.000000 1.000000
1329.415400 1300.000000 1.000000
1187.244500 1300.000000 1.000000
1936.367800 1300.000000 1.000000
1253.454700 1300.000000 1.000000
1019.699800 1300.000000 1.000000
1924.575200 1300.000000 1.000000
1092.393400 1300.000000 1.000000
1676.705600 1300.000000 1.000000
1004.947500 1300.000000 1.000000
1228.409900 1300.000000 1.000000
1493.570300 1300.000000 1.000000
1380.081000 1300.000000 1.000000
2113.904000 1300.000000 1.000000
1088.897300 1300.000000 1.000000
1668.848200 1300.000000 1.000000
1386.129700 1300.000000 1.000000
1150.287800 1300.000000 1.000000
1859.053800 1300.000000 1.000000
696.019950 1300.000000 1.000000
1449.836700 1300.000000 1.000000
1494.130200 1300.000000 1.000000
1866.200300 1300.000000 1.000000
1664.412900 1300.000000 1.000000
1287.461400 1300.000000 1.000000
1365.162700 1300.000000 1.000000
1533.216000 1300.000000 1.000000
1117.155000 1300.000000 1.000000
1278.031300 1300.000000 1.000000
1354.455300 1300.000000 1.000000
1337.015000 1300.000000 1.000000
1224.316100 1300.000000 1.000000
1744.476400 1300.000000 1.000000
1628.916100 1300.000000 1.000000
1180.290200 1300.000000 1.000000
1032.494500 1300.000000 1.000000
1570.117800 1300.000000 1.000000
1281.416700 1300.000000 1.000000
1634.057600 1300.000000 1.000000
1329.788000 1300.000000 1.000000
1448.631500 1300.000000 1.000000
1242.884400 1300.000000 1.000000
1513.028000 1300.000000 1.000000
1109.658000 1300.000000 1.000000
1770.288700 1300.000000 1.000000
1404.475100 1300.000000 1.000000
1203.547200 1300.000000 1.000000
1025.725100 1300.000000 1.000000
1528.164000 1300.000000 1.000000
1258.159400 1300.000000 1.000000
2095.770000 1300.000000 1.000000
1230.470400 1300.000000 1.000000
1270.333500 1300.000000 1.000000
1303.659900 1300.000000 1.000000
1224.925200 1300.000000 1.000000
1206.206300 1300.000000 1.000000
1495.334700 1300.000000 1.000000
1430.326700 1300.000000 1.000000
1274.784500 1300.000000 1.000000
1253.313300 1300.000000 1.000000
1229.113000 1300.000000 1.000000
1072.921300 1300.000000 1.000000
1365.714300 1300.000000 1.000000
1113.140100 1300.000000 1.000000
1486.205300 1300.000000 1.000000
6384.212400 1300.000000 1.000000
1070.375400 1300.000000 1.000000
2270.784100 1300.000000 1.000000
1285.312000 1300.000000 1.000000
1427.843200 1300.000000 1.000000
1198.641300 1300.000000 1.000000
1659.591900 1300.000000 1.000000
1634.326900 1300.000000 1.000000
1377.739200 1300.000000 1.000000
1506.686200 1300.000000 1.000000
1205.083000 1300.000000 1.000000
1619.783500 1300.000000 1.000000
1210.376700 1300.000000 1.000000
989.373710 1300.000000 1.000000
1477.341000 1300.000000 1.000000
1831.678200 1300.000000 1.000000
1884.361300 1300.000000 1.000000
1097.727500 1300.000000 1.000000
1158.586300 1300.000000 1.000000
2147.188400 1300.000000 1.000000
2481.879600 1300.000000 1.000000
1276.369800 1300.000000 1.000000
1146.393000 1300.000000 1.000000
1267.419000 1300.000000 1.000000
1245.855100 1300.000000 1.000000
1908.571200 1300.000000 1.000000
1594.000800 1300.000000 1.000000
2044.889700 1300.000000 1.000000
1587.090000 1300.000000 1.000000
1537.266700 1300.000000 1.000000
1498.905800 1300.000000 1.000000
967.069390 1300.000000 1.000000
1522.448200 1300.000000 1.000000
1374.886300 1300.000000 1.000000
835.365470 1300.000000 1.000000
1671.923100 1300.000000 1.000000
1130.582200 1300.000000 1.000000
1231.857500 1300.000000 1.000000
1316.425000 1300.000000 1.000000
1053.266600 1300.000000 1.000000
985.494750 1300.000000 1.000000
1591.744100 1300.000000 1.000000
2596.326100 1300.000000 1.000000
1068.980900 1300.000000 1.000000
2244.441600 1300.000000 1.000000
1589.680900 1300.000000 1.000000
1072.470700 1300.000000 1.000000
1532.846100 1300.000000 1.000000
1328.309500 1300.000000 1.000000
1172.805700 1300.000000 1.000000
1461.764800 1300.000000 1.000000
1819.440400 1300.000000 1.000000
1395.961600 1300.000000 1.000000
1206.720200 1300.000000 1.000000
1344.433100 1300.000000 1.000000
1295.045600 1300.000000 1.000000
1441.043200 1300.000000 1.000000
1598.439800 1300.000000 1.000000
1166.284700 1300.000000 1.000000
1155.289500 1300.000000 1.000000
2237.526800 1300.000000 1.000000
2310.579100 1300.000000 1.000000
2081.370300 1300.000000 1.000000
1181.958300 1300.000000 1.000000
1147.534400 1300.000000 1.000000
1713.080400 1300.000000 1.000000
1168.215400 1300.000000 1.000000
1755.326100 1300.000000 1.000000
1241.182000 1300.000000 1.000000
1247.005000 1300.000000 1.000000
1546.258900 1300.000000 1.000000
1080.036900 1300.000000 1.000000
1183.337800 1300.000000 1.000000
1156.408300 1300.000000 1.000000
2262.765800 1300.000000 1.000000
1203.700200 1300.000000 1.000000
1560.188200 1300.000000 1.000000
1658.062900 1300.000000 1.000000
1337.628500 1300.000000 1.000000
1675.707200 1300.000000 1.000000
1292.452500 1300.000000 1.000000
1748.038400 1300.000000 1.000000
1426.752400 1300.000000 1.000000
1858.069300 1300.000000 1.000000
1733.762300 1300.000000 1.000000
1227.454800 1300.000000 1.000000
1323.456300 1300.000000 1.000000
1409.536800 1300.000000 1.000000
1484.275200 1300.000000 1.000000
1319.650600 1300.000000 1.000000
1258.540800 1300.000000 1.000000
1258.000900 1300.000000 1.000000
1321.440000 1300.000000 1.000000
1140.944200 1300.000000 1.000000
1582.779300 1300.000000 1.000000
1250.294600 1300.000000 1.000000
837.446100 1300.000000 1.000000
869.489190 1300.000000 1.000000
4523.977000 1300.000000 1.000000
2051.427400 1300.000000 1.000000
1227.505000 1300.000000 1.000000
1678.432800 1300.000000 1.000000
1247.719900 1300.000000 1.000000
1415.490100 1300.000000 1.000000
1101.388700 1300.000000 1.000000
2358.389600 1300.000000 1.000000
1315.615900 1300.000000 1.000000
1263.606000 1300.000000 1.000000
1348.416900 1300.000000 1.000000
1063.163500 1300.000000 1.000000
1579.470300 1300.000000 1.000000
1574.545200 1300.000000 1.000000
1341.458300 1300.000000 1.000000
1513.834700 1300.000000 1.000000
1373.635600 1300.000000 1.000000
1128.340500 1300.000000 1.000000
1297.541700 1300.000000 1.000000
1449.506100 1300.000000 1.000000
1261.864300 1300.000000 1.000000
2426.618100 1300.000000 1.000000
2063.032200 1300.000000 1.000000
1805.196200 1300.000000 1.000000
1245.772700 1300.000000 1.000000
1377.440300 1300.000000 1.000000
1852.621000 1300.000000 1.000000
1547.757400 1300.000000 1.000000
1224.514800 1300.000000 1.000000
2151.198200 1300.000000 1.000000
1580.236300 1300.000000 1.000000
1388.372800 1300.000000 1.000000
1155.324200 1300.000000 1.000000
1129.588300 1300.000000 1.000000
1179.140300 1300.000000 1.000000
1406.468100 1300.000000 1.000000
1538.800500 1300.000000 1.000000
1486.193400 1300.000000 1.000000
1279.920600 1300.000000 1.000000
987.657770 1300.000000 1.000000
1910.859800 1300.000000 1.000000
1344.966900 1300.000000 1.000000
1286.669000 1300.000000 1.000000
1060.011700 1300.000000 1.000000
1285.546300 1300.000000 1.000000
2323.499700 1300.000000 1.000000
1519.141400 1300.000000 1.000000
997.968380 1300.000000 1.000000
1382.963200 1300.000000 1.000000
1196.889600 1300.000000 1.000000
1119.558300 1300.000000 1.000000
1310.985800 1300.000000 1.000000
1187.812100 1300.000000 1.000000
1638.958000 1300.000000 1.000000
1239.154900 1300.000000 1.000000
1120.613200 1300.000000 1.000000
1806.482100 1300.000000 1.000000
1362.338300 1300.000000 1.000000
1413.244000 1300.000000 1.000000
1573.730500 1300.000000 1.000000
1197.486000 1300.000000 1.000000
1291.864700 1300.000000 1.000000
2900.753900 1300.000000 1.000000
1298.346500 1300.000000 1.000000
1887.992300 1300.000000 1.000000
1508.890300 1300.000000 1.000000
2013.347600 1300.000000 1.000000
1299.627300 1300.000000 1.000000
2663.697700 1300.000000 1.000000
1494.934300 1300.000000 1.000000
2405.291700 1300.000000 1.000000
1158.706500 1300.000000 1.000000
1623.362400 1300.000000 1.000000
1670.375400 1300.000000 1.000000
2024.345400 1300.000000 1.000000
1615.042800 1300.000000 1.000000
1223.460900 1300.000000 1.000000
1777.929500 1300.000000 1.000000
800.079100 1300.000000 1.000000
1027.139100 1300.000000 1.000000
1116.443100 1300.000000 1.000000
1483.961700 1300.000000 1.000000
1350.492800 1300.000000 1.000000
1227.504000 1300.000000 1.000000
1377.245900 1300.000000 1.000000
1178.745600 1300.000000 1.000000
1306.891600 1300.000000 1.000000
1857.951200 1300.000000 1.000000
1297.101300 1300.000000 1.000000
1126.413300 1300.000000 1.000000
1255.975900 1300.000000 1.000000
1370.964200 1300.000000 1.000000
1173.528400 1300.000000 1.000000
1673.217900 1300.000000 1.000000
1360.373700 1300.000000 1.000000
1577.023800 1300.000000 1.000000
1473.648500 1300.000000 1.000000
1736.036100 1300.000000 1.000000
2468.668700 1300.000000 1.000000
1053.271600 1300.000000 1.000000
1187.338200 1300.000000 1.000000
1514.973500 1300.000000 1.000000
908.854000 1300.000000 1.000000
1794.109300 1300.000000 1.000000
1602.954500 1300.000000 1.000000
1488.189500 1300.000000 1.000000
1740.208600 1300.000000 1.000000
3469.776100 1300.000000 1.000000
1274.489700 1300.000000 1.000000
2580.309300 1300.000000 1.000000
1243.920900 1300.000000 1.000000
1148.457700 1300.000000 1.000000
1106.711600 1300.000000 1.000000
1747.006900 1300.000000 1.000000
1072.573000 1300.000000 1.000000
1279.405200 1300.000000 1.000000
1629.070300 1300.000000 1.000000
1194.651200 1300.000000 1.000000
1284.543300 1300.000000 1.000000
1447.636100 1300.000000 1.000000
1095.852500 1300.000000 1.000000
1384.151100 1300.000000 1.000000
1302.891400 1300.000000 1.000000
1845.582600 1300.000000 1.000000
1246.277300 1300.000000 1.000000
2075.326400 1300.000000 1.000000
1237.972900 1300.000000 1.000000
1472.245400 1300.000000 1.000000
1173.597200 1300.000000 1.000000
1187.658500 1300.000000 1.000000
1855.371700 1300.000000 1.000000
1429.999100 1300.000000 1.000000
2351.584700 1300.000000 1.000000
1277.207200 1300.000000 1.000000
1960.389600 1300.000000 1.000000
3337.171800 1300.000000 1.000000
1262.227400 1300.000000 1.000000
1246.963900 1300.000000 1.000000
1601.612700 1300.000000 1.000000
2101.396000 1300.000000 1.000000
1679.286300 1300.000000 1.000000
870.520990 1300.000000 1.000000
993.651730 1300.000000 1.000000
1093.001100 1300.000000 1.000000
2077.384200 1300.000000 1.000000
1592.467000 1300.000000 1.000000
1498.791500 1300.000000 1.000000
1517.621700 1300.000000 1.000000
1267.717600 1300.000000 1.000000
1501.773500 1300.000000 1.000000
1643.399200 1300.000000 1.000000
1068.981300 1300.000000 1.000000
1778.673800 1300.000000 1.000000
1533.705600 1300.000000 1.000000
1136.476200 1300.000000 1.000000
1080.144000 1300.000000 1.000000
1316.798900 1300.000000 1.000000
1090.429200 1300.000000 1.000000
1221.198200 1300.000000 1.000000
1708.570400 1300.000000 1.000000
1621.245100 1300.000000 1.000000
1334.373600 1300.000000 1.000000
965.727840 1300.000000 1.000000
1198.799300 1300.000000 1.000000
1707.149100 1300.000000 1.000000
1303.149200 1300.000000 1.000000
1398.026400 1300.000000 1.000000
1307.962600 1300.000000 1.000000
989.372130 1300.000000 1.000000
1166.900100 1300.000000 1.000000
1392.531400 1300.000000 1.000000
2225.386400 1300.000000 1.000000
1666.956500 1300.000000 1.000000
3713.093200 1300.000000 1.000000
836.639220 1300.000000 1.000000
1633.781200 1300.000000 1.000000
1572.696500 1300.000000 1.000000
1316.486900 1300.000000 1.000000
1762.010100 1300.000000 1.000000
1945.040500 1300.000000 1.000000
3417.986300 1300.000000 1.000000
1393.255800 1300.000000 1.000000
2320.702300 1300.000000 1.000000
1481.813100 1300.000000 1.000000
1687.082700 1300.000000 1.000000
1224.501400 1300.000000 1.000000
1264.802100 1300.000000 1.000000
975.550170 1300.000000 1.000000
1656.634500 1300.000000 1.000000
1141.705600 1300.000000 1.000000
1881.954200 1300.000000 1.000000
1544.905400 1300.000000 1.000000
1457.344300 1300.000000 1.000000
1270.288300 1300.000000 1.000000
1203.286700 1300.000000 1.000000
1390.967600 1300.000000 1.000000
1610.407300 1300.000000 1.000000
1313.620100 1300.000000 1.000000
2966.750900 1300.000000 1.000000
1424.118500 1300.000000 1.000000
1219.852500 1300.000000 1.000000
1318.524700 1300.000000 1.000000
972.931880 1300.000000 1.000000
1460.226200 1300.000000 1.000000
1936.924900 1300.000000 1.000000
2025.017300 1300.000000 1.000000
2032.263600 1300.000000 1.000000
1247.184200 1300.000000 1.000000
1242.176200 1300.000000 1.000000
1111.840200 1300.000000 1.000000
1243.797000 1300.000000 1.000000
1582.815400 1300.000000 1.000000
1338.441500 1300.000000 1.000000
1638.125800 1300.000000 1.000000
1413.222900 1300.000000 1.000000
1906.027100 1300.000000 1.000000
1436.000600 1300.000000 1.000000
2300.686000 1300.000000 1.000000
1388.309600 1300.000000 1.000000
1607.564000 1300.000000 1.000000
2709.615700 1300.000000 1.000000
1339.098200 1300.000000 1.000000
1411.453300 1300.000000 1.000000
1402.021800 1300.000000 1.000000
1525.909300 1300.000000 1.000000
2697.532700 1300.000000 1.000000
1489.579400 1300.000000 1.000000
1833.432300 1300.000000 1.000000
1284.713300 1300.000000 1.000000
1241.529600 1300.000000 1.000000
1130.737900 1300.000000 1.000000
1175.135100 1300.000000 1.000000
1570.526000 1300.000000 1.000000
1626.591300 1300.000000 1.000000
1324.310700 1300.000000 1.000000
1074.504700 1300.000000 1.000000
1858.495400 1300.000000 1.000000
1172.188100 1300.000000 1.000000
1379.337400 1300.000000 1.000000
1522.208600 1300.000000 1.000000
1284.273300 1300.000000 1.000000
2029.367400 1300.000000 1.000000
1295.022400 1300.000000 1.000000
1443.333100 1300.000000 1.000000
1410.729700 1300.000000 1.000000
1095.194200 1300.000000 1.000000
1480.189200 1300.000000 1.000000
1418.374800 1300.000000 1.000000
1704.613200 1300.000000 1.000000
2439.802900 1300.000000 1.000000
1833.064500 1300.000000 1.000000
1018.908600 1300.000000 1.000000
1243.917300 1300.000000 1.000000
2301.924000 1300.000000 1.000000
1361.755000 1300.000000 1.000000
1431.069000 1300.000000 1.000000
1170.688100 1300.000000 1.000000
1588.767400 1300.000000 1.000000
892.257620 1300.000000 1.000000
1618.906400 1300.000000 1.000000
3453.060500 1300.000000 1.000000
1607.041700 1300.000000 1.000000
3415.775600 1300.000000 1.000000
1639.688900 1300.000000 1.000000
887.099120 1300.000000 1.000000
1249.521700 1300.000000 1.000000
1420.506200 1300.000000 1.000000
2487.067100 1300.000000 1.000000
1410.306700 1300.000000 1.000000
1347.714400 1300.000000 1.000000
1289.564400 1300.000000 1.000000
1439.675600 1300.000000 1.000000
1494.277500 1300.000000 1.000000
1940.174500 1300.000000 1.000000
1452.099700 1300.000000 1.000000
1162.488000 1300.000000 1.000000
1469.621400 1300.000000 1.000000
1350.744300 1300.000000 1.000000
2871.543700 1300.000000 1.000000
1280.404100 1300.000000 1.000000
1596.319800 1300.000000 1.000000
1157.696600 1300.000000 1.000000
1021.532500 1300.000000 1.000000
2134.935300 1300.000000 1.000000
1279.490300 1300.000000 1.000000
1618.120200 1300.000000 1.000000
1367.505300 1300.000000 1.000000
1210.558800 1300.000000 1.000000
1326.308100 1300.000000 1.000000
1491.555100 1300.000000 1.000000
1235.062100 1300.000000 1.000000
1322.667600 1300.000000 1.000000
1139.048700 1300.000000 1.000000
1292.638400 1300.000000 1.000000
1913.315100 1300.000000 1.000000
915.797720 1300.000000 1.000000
1160.237100 1300.000000 1.000000
2073.123000 1300.000000 1.000000
2783.897700 1300.000000 1.000000
1090.244100 1300.000000 1.000000
1462.533200 1300.000000 1.000000
1506.588800 1300.000000 1.000000
1214.611400 1300.000000 1.000000
1886.818100 1300.000000 1.000000
2171.587600 1300.000000 1.000000
1104.708000 1300.000000 1.000000
3297.594200 1300.000000 1.000000
2100.187700 1300.000000 1.000000
1822.014200 1300.000000 1.000000
2534.629800 1300.000000 1.000000
1753.427600 1300.000000 1.000000
1357.836100 1300.000000 1.000000
756.635370 1300.000000 1.000000
1533.259000 1300.000000 1.000000
1390.173800 1300.000000 1.000000
1371.943600 1300.000000 1.000000
2090.143000 1300.000000 1.000000
1281.038900 1300.000000 1.000000
1048.120000 1300.000000 1.000000
2356.076400 1300.000000 1.000000
1243.948000 1300.000000 1.000000
1179.171600 1300.000000 1.000000
1773.303100 1300.000000 1.000000
2214.041200 1300.000000 1.000000
1842.840500 1300.000000 1.000000
1219.521700 1300.000000 1.000000
1464.914300 1300.000000 1.000000
1240.582000 1300.000000 1.000000
1149.597600 1300.000000 1.000000
1473.639400 1300.000000 1.000000
1272.248400 1300.000000 1.000000
1972.765900 1300.000000 1.000000
1554.604400 1300.000000 1.000000
1976.140300 1300.000000 1.000000
1628.793400 1300.000000 1.000000
1146.658300 1300.000000 1.000000
2635.208000 1300.000000 1.000000
1199.846000 1300.000000 1.000000
853.525810 1300.000000 1.000000
1055.193200 1300.000000 1.000000
1229.722200 1300.000000 1.000000
1305.288700 1300.000000 1.000000
1078.924600 1300.000000 1.000000
2037.465400 1300.000000 1.000000
1876.309600 1300.000000 1.000000
1253.031400 1300.000000 1.000000
1834.864600 1300.000000 1.000000
1824.285200 1300.000000 1.000000
1587.040100 1300.000000 1.000000
1796.690900 1300.000000 1.000000
1152.500600 1300.000000 1.000000
1705.078700 1300.000000 1.000000
2385.038300 1300.000000 1.000000
2655.480400 1300.000000 1.000000
1337.474900 1300.000000 1.000000
1281.052700 1300.000000 1.000000
1255.301500 1300.000000 1.000000
1736.469800 1300.000000 1.000000
2151.064200 1300.000000 1.000000
1295.773100 1300.000000 1.000000
1199.494600 1300.000000 1.000000
1577.220700 1300.000000 1.000000
1475.627800 1300.000000 1.000000
1260.578300 1300.000000 1.000000
1192.190600 1300.000000 1.000000
1316.366700 1300.000000 1.000000
701.371030 1300.000000 1.000000
1473.659900 1300.000000 1.000000
1147.699800 1300.000000 1.000000
1303.636800 1300.000000 1.000000
1138.939700 1300.000000 1.000000
1560.367100 1300.000000 1.000000
1202.398300 1300.000000 1.000000
1324.991400 1300.000000 1.000000
1330.872800 1300.000000 1.000000
1288.490100 1300.000000 1.000000
1862.702100 1300.000000 1.000000
1431.665100 1300.000000 1.000000
1164.866000 1300.000000 1.000000
1121.067900 1300.000000 1.000000
1881.705300 1300.000000 1.000000
1329.343000 1300.000000 1.000000
1364.953800 1300.000000 1.000000
1008.952700 1300.000000 1.000000
1166.072300 1300.000000 1.000000
1440.974200 1300.000000 1.000000
1106.895800 1300.000000 1.000000
2656.133000 1300.000000 1.000000
1034.626700 1300.000000 1.000000
1070.547400 1300.000000 1.000000
1325.069700 1300.000000 1.000000
708.710930 1300.000000 1.000000
1793.126400 1300.000000 1.000000
858.957820 1300.000000 1.000000
892.930170 1300.000000 1.000000
1226.462200 1300.000000 1.000000
1636.684200 1300.000000 1.000000
1330.063700 1300.000000 1.000000
1242.201200 1300.000000 1.000000
1036.432300 1300.000000 1.000000
1636.298400 1300.000000 1.000000
1878.946900 1300.000000 1.000000
1492.330900 1300.000000 1.000000
1213.412300 1300.000000 1.000000
1616.393800 1300.000000 1.000000
1492.155400 1300.000000 1.000000
1552.030800 1300.000000 1.000000
1037.927800 1300.000000 1.000000
1794.227400 1300.000000 1.000000
1668.228700 1300.000000 1.000000
2754.392000 1300.000000 1.000000
2156.554900 1300.000000 1.000000
1815.484500 1300.000000 1.000000
2045.069800 1300.000000 1.000000
1236.293900 1300.000000 1.000000
1175.192100 1300.000000 1.000000
816.759700 1300.000000 1.000000
997.055540 1300.000000 1.000000
1394.398900 1300.000000 1.000000
3184.932100 1300.000000 1.000000
1602.280600 1300.000000 1.000000
1109.702300 1300.000000 1.000000
1348.888400 1300.000000 1.000000
1981.852700 1300.000000 1.000000
2466.814900 1300.000000 1.000000
1651.679400 1300.000000 1.000000
1245.700800 1300.000000 1.000000
1002.408900 1300.000000 1.000000
1121.762900 1300.000000 1.000000
1202.981600 1300.000000 1.000000
1726.426300 1300.000000 1.000000
1856.594600 1300.000000 1.000000
1174.411000 1300.000000 1.000000
2158.194500 1300.000000 1.000000
1370.801100 1300.000000 1.000000
1316.464400 1300.000000 1.000000
1176.426500 1300.000000 1.000000
1468.619700 1300.000000 1.000000
1769.411500 1300.000000 1.000000
1193.037900 1300.000000 1.000000
3312.353000 1300.000000 1.000000
1279.523100 1300.000000 1.000000
891.458250 1300.000000 1.000000
1360.796100 1300.000000 1.000000
1287.310100 1300.000000 1.000000
1354.935100 1300.000000 1.000000
1236.319400 1300.000000 1.000000
2098.343200 1300.000000 1.000000
4407.948200 1300.000000 1.000000
1523.057600 1300.000000 1.000000
2044.209500 1300.000000 1.000000
1386.107900 1300.000000 1.000000
1732.395300 1300.000000 1.000000
1733.340300 1300.000000 1.000000
1249.538900 1300.000000 1.000000
2619.620600 1300.000000 1.000000
1180.746900 1300.000000 1.000000
1122.449200 1300.000000 1.000000
1459.906200 1300.000000 1.000000
4519.778800 1300.000000 1.000000
1319.349700 1300.000000 1.000000
1677.120600 1300.000000 1.000000
1929.816100 1300.000000 1.000000
1041.741700 1300.000000 1.000000
1951.707600 1300.000000 1.000000
843.132320 1300.000000 1.000000
2167.586400 1300.000000 1.000000
1400.410800 1300.000000 1.000000
1200.766700 1300.000000 1.000000
1265.216100 1300.000000 1.000000
1296.375100 1300.000000 1.000000
1193.268900 1300.000000 1.000000
1686.394000 1300.000000 1.000000
1687.960000 1300.000000 1.000000
1894.575600 1300.000000 1.000000
1848.239300 1300.000000 1.000000
1327.544600 1300.000000 1.000000
1704.975700 1300.000000 1.000000
2060.529700 1300.000000 1.000000
1420.043400 1300.000000 1.000000
4258.159600 1300.000000 1.000000
1551.235100 1300.000000 1.000000
1584.602000 1300.000000 1.000000
2412.393300 1300.000000 1.000000
2074.354900 1300.000000 1.000000
1030.080900 1300.000000 1.000000
1030.285200 1300.000000 1.000000
2312.149900 1300.000000 1.000000
1155.147200 1300.000000 1.000000
1626.803200 1300.000000 1.000000
1248.838500 1300.000000 1.000000
1469.325300 1300.000000 1.000000
1400.997300 1300.000000 1.000000
1527.926100 1300.000000 1.000000
1239.693900 1300.000000 1.000000
1420.187300 1300.000000 1.000000
2008.693800 1300.000000 1.000000
1306.844200 1300.000000 1.000000
1196.120000 1300.000000 1.000000
2068.241700 1300.000000 1.000000
2352.575200 1300.000000 1.000000
1598.977000 1300.000000 1.000000
2276.330300 1300.000000 1.000000
1080.679000 1300.000000 1.000000
1551.327600 1300.000000 1.000000
1085.740600 1300.000000 1.000000
1330.071200 1300.000000 1.000000
1337.143300 1300.000000 1.000000
1220.892700 1300.000000 1.000000
1683.868500 1300.000000 1.000000
1061.416300 1300.000000 1.000000
1751.937200 1300.000000 1.000000
893.195800 1300.000000 1.000000
1031.584800 1300.000000 1.000000
1084.558500 1300.000000 1.000000
1321.531900 1300.000000 1.000000
1417.699700 1300.000000 1.000000
2174.683100 1300.000000 1.000000
1933.717600 1300.000000 1.000000
1130.361500 1300.000000 1.000000
1183.890500 1300.000000 1.000000
978.147270 1300.000000 1.000000
1186.098800 1300.000000 1.000000
1133.513400 1300.000000 1.000000
1165.481300 1300.000000 1.000000
1754.353700 1300.000000 1.000000
2033.192000 1300.000000 1.000000
1284.274000 1300.000000 1.000000
1216.022800 1300.000000 1.000000
1138.144500 1300.000000 1.000000
1247.596900 1300.000000 1.000000
2023.515300 1300.000000 1.000000
1587.729300 1300.000000 1.000000
1169.321200 1300.000000 1.000000
5357.711900 1300.000000 1.000000
1671.089900 1300.000000 1.000000
1515.443600 1300.000000 1.000000
1224.188800 1300.000000 1.000000
1165.747500 1300.000000 1.000000
1953.660400 1300.000000 1.000000
1304.946200 1300.000000 1.000000
1745.703000 1300.000000 1.000000
1558.575300 1300.000000 1.000000
1340.946600 1300.000000 1.000000
1357.616000 1300.000000 1.000000
2644.757500 1300.000000 1.000000
1384.907100 1300.000000 1.000000
1124.243600 1300.000000 1.000000
1967.336900 1300.000000 1.000000
1151.019100 1300.000000 1.000000
1059.758700 1300.000000 1.000000
1608.302400 1300.000000 1.000000
1176.593600 1300.000000 1.000000
1266.491900 1300.000000 1.000000
2294.006500 1300.000000 1.000000
1570.552900 1300.000000 1.000000
830.473630 1300.000000 1.000000
2300.729000 1300.000000 1.000000
1387.369200 1300.000000 1.000000
1500.991900 1300.000000 1.000000
2372.208000 1300.000000 1.000000
1615.354900 1300.000000 1.000000
1280.369800 1300.000000 1.000000
1448.788400 1300.000000 1.000000
1739.556000 1300.000000 1.000000
1224.797400 1300.000000 1.000000
1898.885900 1300.000000 1.000000
1202.119000 1300.000000 1.000000
1208.681000 1300.000000 1.000000
4926.216300 1300.000000 1.000000
1192.726900 1300.000000 1.000000
2128.516100 1300.000000 1.000000
1385.349400 1300.000000 1.000000
1609.614300 1300.000000 1.000000
1187.692700 1300.000000 1.000000
1734.558200 1300.000000 1.000000
1630.416300 1300.000000 1.000000
1147.890300 1300.000000 1.000000
1499.204800 1300.000000 1.000000
1336.698200 1300.000000 1.000000
1321.226500 1300.000000 1.000000
2326.636700 1300.000000 1.000000
1354.457400 1300.000000 1.000000
1172.950200 1300.000000 1.000000
1507.250000 1300.000000 1.000000
1202.442100 1300.000000 1.000000
1795.402400 1300.000000 1.000000
1811.743700 1300.000000 1.000000
1237.553700 1300.000000 1.000000
910.653010 1300.000000 1.000000
1334.083300 1300.000000 1.000000
1278.976300 1300.000000 1.000000
1929.569700 1300.000000 1.000000
1544.308900 1300.000000 1.000000
1486.239000 1300.000000 1.000000
1324.494800 1300.000000 1.000000
2610.410400 1300.000000 1.000000
1778.262200 1300.000000 1.000000
1444.364300 1300.000000 1.000000
1257.276300 1300.000000 1.000000
873.666070 1300.000000 1.000000
1532.227900 1300.000000 1.000000
1423.895200 1300.000000 1.000000
1494.496000 1300.000000 1.000000
1243.173100 1300.000000 1.000000
1530.103300 1300.000000 1.000000
936.516600 1300.000000 1.000000
1067.071500 1300.000000 1.000000
1205.905100 1300.000000 1.000000
1336.666600 1300.000000 1.000000
1483.955400 1300.000000 1.000000
1832.568300 1300.000000 1.000000
1581.091100 1300.000000 1.000000
1243.952300 1300.000000 1.000000
1624.066700 1300.000000 1.000000
1233.178200 1300.000000 1.000000
1545.971100 1300.000000 1.000000
1359.511900 1300.000000 1.000000
1480.949100 1300.000000 1.000000
933.162410 1300.000000 1.000000
2422.080500 1300.000000 1.000000
2554.250400 1300.000000 1.000000
1313.614000 1300.000000 1.000000
1249.781700 1300.000000 1.000000
6998.192242 1300.000000 0.000000
1140.369128 1300.000000 0.000000
1978.324637 1300.000000 0.000000
6630.407574 1300.000000 0.000000
1621.595799 1300.000000 0.000000
3394.815300 1300.000000 0.000000
6702.338696 1300.000000 0.000000
5210.137402 1300.000000 0.000000
3780.305608 1300.000000 0.000000
5179.670870 1300.000000 0.000000
5319.606587 1300.000000 0.000000
4610.456301 1300.000000 0.000000
2209.463351 1300.000000 0.000000
5630.821103 1300.000000 0.000000
3637.704806 1300.000000 0.000000
1180.006953 1300.000000 0.000000
3328.708112 1300.000000 0.000000
2746.197958 1300.000000 0.000000
1551.673810 1300.000000 0.000000
1492.333213 1300.000000 0.000000
212.346429 1300.000000 0.000000
2334.774749 1300.000000 0.000000
1359.041954 1300.000000 0.000000
6606.017465 1300.000000 0.000000
4059.521725 1300.000000 0.000000
6288.134004 1300.000000 0.000000
4658.947520 1300.000000 0.000000
3490.272169 1300.000000 0.000000
3924.397801 1300.000000 0.000000
1275.992519 1300.000000 0.000000
2075.678715 1300.000000 0.000000
821.862533 1300.000000 0.000000
440.423661 1300.000000 0.000000
4536.879023 1300.000000 0.000000
5077.929700 1300.000000 0.000000
4459.918108 1300.000000 0.000000
4997.195437 1300.000000 0.000000
697.033702 1300.000000 0.000000
4894.870374 1300.000000 0.000000
754.687289 1300.000000 0.000000
904.699259 1300.000000 0.000000
3516.821270 1300.000000 0.000000
1454.459345 1300.000000 0.000000
2022.372141 1300.000000 0.000000
582.223561 1300.000000 0.000000
896.869508 1300.000000 0.000000
3831.599877 1300.000000 0.000000
576.237197 1300.000000 0.000000
2044.989986 1300.000000 0.000000
6241.366159 1300.000000 0.000000
1589.824873 1300.000000 0.000000
3022.918239 1300.000000 0.000000
985.131006 1300.000000 0.000000
2802.744944 1300.000000 0.000000
4808.628307 1300.000000 0.000000
1194.696374 1300.000000 0.000000
3085.746074 1300.000000 0.000000
317.355955 1300.000000 0.000000
2179.074897 1300.000000 0.000000
3543.267360 1300.000000 0.000000
1276.875880 1300.000000 0.000000
3577.224107 1300.000000 0.000000
5185.517437 1300.000000 0.000000
2561.920388 1300.000000 0.000000
1125.661858 1300.000000 0.000000
3220.747496 1300.000000 0.000000
4394.855302 1300.000000 0.000000
4743.225817 1300.000000 0.000000
4887.375659 1300.000000 0.000000
3349.758074 1300.000000 0.000000
630.753159 1300.000000 0.000000
2371.099652 1300.000000 0.000000
666.496577 1300.000000 0.000000
3055.793747 1300.000000 0.000000
3322.713467 1300.000000 0.000000
2934.721485 1300.000000 0.000000
5442.757964 1300.000000 0.000000
4372.273953 1300.000000 0.000000
6863.055848 1300.000000 0.000000
2593.011409 1300.000000 0.000000
5815.688454 1300.000000 0.000000
985.645132 1300.000000 0.000000
5208.597152 1300.000000 0.000000
5808.177759 1300.000000 0.000000
2737.730229 1300.000000 0.000000
4353.694744 1300.000000 0.000000
2426.896343 1300.000000 0.000000
323.186672 1300.000000 0.000000
4291.464250 1300.000000 0.000000
3971.618336 1300.000000 0.000000
3492.258181 1300.000000 0.000000
5066.614551 1300.000000 0.000000
1011.853674 1300.000000 0.000000
296.122143 1300.000000 0.000000
2175.509158 1300.000000 0.000000
851.488076 1300.000000 0.000000
1694.487697 1300.000000 0.000000
2667.411988 1300.000000 0.000000
3080.899760 1300.000000 0.000000
4198.571312 1300.000000 0.000000
4512.022578 1300.000000 0.000000
3028.383517 1300.000000 0.000000
3891.777834 1300.000000 0.000000
5017.888176 1300.000000 0.000000
4496.537603 1300.000000 0.000000
4800.437078 1300.000000 0.000000
673.107023 1300.000000 0.000000
860.534246 1300.000000 0.000000
398.981906 1300.000000 0.000000
5740.504311 1300.000000 0.000000
878.775001 1300.000000 0.000000
2210.215496 1300.000000 0.000000
1263.968474 1300.000000 0.000000
995.590536 1300.000000 0.000000
4651.007292 1300.000000 0.000000
4796.324560 1300.000000 0.000000
1337.013528 1300.000000 0.000000
3054.401131 1300.000000 0.000000
6751.214572 1300.000000 0.000000
6077.145132 1300.000000 0.000000
916.159758 1300.000000 0.000000
3391.095958 1300.000000 0.000000
2622.581158 1300.000000 0.000000
6303.325856 1300.000000 0.000000
1250.597508 1300.000000 0.000000
4757.445914 1300.000000 0.000000
4360.120170 1300.000000 0.000000
6885.591647 1300.000000 0.000000
3085.003458 1300.000000 0.000000
5633.160941 1300.000000 0.000000
6963.915426 1300.000000 0.000000
3790.856729 1300.000000 0.000000
1791.338188 1300.000000 0.000000
4472.619448 1300.000000 0.000000
4031.371893 1300.000000 0.000000
1811.049937 1300.000000 0.000000
1341.151008 1300.000000 0.000000
3119.641328 1300.000000 0.000000
1044.865565 1300.000000 0.000000
6977.065824 1300.000000 0.000000
852.335555 1300.000000 0.000000
4560.774957 1300.000000 0.000000
194.565685 1300.000000 0.000000
2729.843216 1300.000000 0.000000
5795.391308 1300.000000 0.000000
1986.697351 1300.000000 0.000000
4271.425505 1300.000000 0.000000
1654.889247 1300.000000 0.000000
2875.747351 1300.000000 0.000000
4744.002316 1300.000000 0.000000
5929.886118 1300.000000 0.000000
4544.793594 1300.000000 0.000000
569.678558 1300.000000 0.000000
845.813385 1300.000000 0.000000
3354.394849 1300.000000 0.000000
5445.148503 1300.000000 0.000000
3303.843907 1300.000000 0.000000
6603.362576 1300.000000 0.000000
6865.606946 1300.000000 0.000000
2341.883115 1300.000000 0.000000
1418.675467 1300.000000 0.000000
2399.888638 1300.000000 0.000000
4574.809710 1300.000000 0.000000
4779.311577 1300.000000 0.000000
4269.552978 1300.000000 0.000000
699.489720 1300.000000 0.000000
5363.784867 1300.000000 0.000000
5149.070697 1300.000000 0.000000
1687.973980 1300.000000 0.000000
1842.250979 1300.000000 0.000000
6726.089290 1300.000000 0.000000
2963.770156 1300.000000 0.000000
2352.407021 1300.000000 0.000000
1.746485 1300.000000 0.000000
6081.887117 1300.000000 0.000000
26.272052 1300.000000 0.000000
1160.924174 1300.000000 0.000000
82.745888 1300.000000 0.000000
4245.185516 1300.000000 0.000000
5109.804134 1300.000000 0.000000
4296.771899 1300.000000 0.000000
6760.377290 1300.000000 0.000000
3479.687829 1300.000000 0.000000
3709.197820 1300.000000 0.000000
3231.252723 1300.000000 0.000000
4991.235904 1300.000000 0.000000
4059.718373 1300.000000 0.000000
4779.617888 1300.000000 0.000000
6677.450599 1300.000000 0.000000
165.586425 1300.000000 0.000000
1960.771028 1300.000000 0.000000
6086.684474 1300.000000 0.000000
2095.332917 1300.000000 0.000000
2236.875224 1300.000000 0.000000
2106.661962 1300.000000 0.000000
6587.780405 1300.000000 0.000000
5936.889447 1300.000000 0.000000
5273.422905 1300.000000 0.000000
3767.708611 1300.000000 0.000000
2859.369670 1300.000000 0.000000
1486.599212 1300.000000 0.000000
532.982815 1300.000000 0.000000
2029.544358 1300.000000 0.000000
138.472836 1300.000000 0.000000
1688.735296 1300.000000 0.000000
2692.334153 1300.000000 0.000000
3184.348205 1300.000000 0.000000
2617.877647 1300.000000 0.000000
3081.321572 1300.000000 0.000000
825.277655 1300.000000 0.000000
5638.008913 1300.000000 0.000000
1154.248490 1300.000000 0.000000
1977.709555 1300.000000 0.000000
1208.797796 1300.000000 0.000000
6550.896307 1300.000000 0.000000
4766.671417 1300.000000 0.000000
935.877172 1300.000000 0.000000
1783.328559 1300.000000 0.000000
2796.114132 1300.000000 0.000000
2584.647555 1300.000000 0.000000
5084.533242 1300.000000 0.000000
1944.862216 1300.000000 0.000000
4854.983728 1300.000000 0.000000
3502.482822 1300.000000 0.000000
828.838767 1300.000000 0.000000
1059.123346 1300.000000 0.000000
4770.128599 1300.000000 0.000000
5044.661429 1300.000000 0.000000
6857.528574 1300.000000 0.000000
4877.453778 1300.000000 0.000000
3900.470507 1300.000000 0.000000
4765.750373 1300.000000 0.000000
6687.464349 1300.000000 0.000000
4187.462695 1300.000000 0.000000
5393.177266 1300.000000 0.000000
6395.182399 1300.000000 0.000000
4612.710545 1300.000000 0.000000
4696.822294 1300.000000 0.000000
4047.296227 1300.000000 0.000000
6671.275031 1300.000000 0.000000
1140.464206 1300.000000 0.000000
2345.398902 1300.000000 0.000000
6662.772928 1300.000000 0.000000
767.631505 1300.000000 0.000000
4335.116121 1300.000000 0.000000
6697.717197 1300.000000 0.000000
6896.701659 1300.000000 0.000000
495.164242 1300.000000 0.000000
3516.312730 1300.000000 0.000000
4765.048581 1300.000000 0.000000
3873.240459 1300.000000 0.000000
4109.039070 1300.000000 0.000000
4841.343931 1300.000000 0.000000
3238.535368 1300.000000 0.000000
4019.780056 1300.000000 0.000000
510.230616 1300.000000 0.000000
4467.865628 1300.000000 0.000000
2714.301018 1300.000000 0.000000
1546.721521 1300.000000 0.000000
15.622616 1300.000000 0.000000
3469.597427 1300.000000 0.000000
1339.215662 1300.000000 0.000000
155.855056 1300.000000 0.000000
6325.123145 1300.000000 0.000000
5170.397227 1300.000000 0.000000
3111.716229 1300.000000 0.000000
2923.915702 1300.000000 0.000000
5326.027856 1300.000000 0.000000
3064.272555 1300.000000 0.000000
1336.880030 1300.000000 0.000000
4039.790737 1300.000000 0.000000
928.818401 1300.000000 0.000000
2224.770429 1300.000000 0.000000
3408.415431 1300.000000 0.000000
6573.637484 1300.000000 0.000000
6537.623965 1300.000000 0.000000
515.620945 1300.000000 0.000000
4287.054067 1300.000000 0.000000
3603.241071 1300.000000 0.000000
4372.645071 1300.000000 0.000000
914.516835 1300.000000 0.000000
4516.473085 1300.000000 0.000000
939.039853 1300.000000 0.000000
4570.481776 1300.000000 0.000000
1856.470064 1300.000000 0.000000
2672.636880 1300.000000 0.000000
4131.505423 1300.000000 0.000000
4687.928575 1300.000000 0.000000
3880.327360 1300.000000 0.000000
136.533321 1300.000000 0.000000
1290.428737 1300.000000 0.000000
6938.263236 1300.000000 0.000000
4015.744347 1300.000000 0.000000
4464.334597 1300.000000 0.000000
4164.003184 1300.000000 0.000000
3606.712817 1300.000000 0.000000
2314.854564 1300.000000 0.000000
2777.197147 1300.000000 0.000000
6187.758363 1300.000000 0.000000
5400.396862 1300.000000 0.000000
4193.527665 1300.000000 0.000000
173.086408 1300.000000 0.000000
85.811527 1300.000000 0.000000
4889.166236 1300.000000 0.000000
1861.937064 1300.000000 0.000000
5156.905049 1300.000000 0.000000
6999.808332 1300.000000 0.000000
5248.546209 1300.000000 0.000000
3394.689123 1300.000000 0.000000
5765.903700 1300.000000 0.000000
4359.439628 1300.000000 0.000000
6317.584658 1300.000000 0.000000
395.535901 1300.000000 0.000000
5173.541725 1300.000000 0.000000
2633.233539 1300.000000 0.000000
257.605355 1300.000000 0.000000
5433.387530 1300.000000 0.000000
5861.479304 1300.000000 0.000000
2415.573512 1300.000000 0.000000
572.898533 1300.000000 0.000000
1558.350813 1300.000000 0.000000
1067.334231 1300.000000 0.000000
2808.240368 1300.000000 0.000000
3721.288257 1300.000000 0.000000
5681.946213 1300.000000 0.000000
285.442963 1300.000000 0.000000
825.223058 1300.000000 0.000000
4026.329757 1300.000000 0.000000
5826.535453 1300.000000 0.000000
1432.492969 1300.000000 0.000000
1671.052411 1300.000000 0.000000
6978.500897 1300.000000 0.000000
1810.134169 1300.000000 0.000000
6244.391773 1300.000000 0.000000
5928.018518 1300.000000 0.000000
2146.085944 1300.000000 0.000000
233.537442 1300.000000 0.000000
4944.943489 1300.000000 0.000000
1355.309257 1300.000000 0.000000
3562.846963 1300.000000 0.000000
150.816028 1300.000000 0.000000
4709.129553 1300.000000 0.000000
5694.937111 1300.000000 0.000000
5650.988364 1300.000000 0.000000
3370.687903 1300.000000 0.000000
3762.633667 1300.000000 0.000000
5465.940244 1300.000000 0.000000
2350.942357 1300.000000 0.000000
4894.815599 1300.000000 0.000000
2980.987096 1300.000000 0.000000
5776.684643 1300.000000 0.000000
6619.295843 1300.000000 0.000000
3883.888751 1300.000000 0.000000
4973.466319 1300.000000 0.000000
2648.522560 1300.000000 0.000000
4538.371115 1300.000000 0.000000
319.709018 1300.000000 0.000000
1088.341263 1300.000000 0.000000
6197.477773 1300.000000 0.000000
5050.960072 1300.000000 0.000000
6731.670410 1300.000000 0.000000
3012.106196 1300.000000 0.000000
924.219477 1300.000000 0.000000
3075.318462 1300.000000 0.000000
3270.314153 1300.000000 0.000000
2870.582516 1300.000000 0.000000
1940.376977 1300.000000 0.000000
1949.566914 1300.000000 0.000000
6682.345641 1300.000000 0.000000
5630.502440 1300.000000 0.000000
6779.573263 1300.000000 0.000000
6998.059540 1300.000000 0.000000
6630.121982 1300.000000 0.000000
1739.857963 1300.000000 0.000000
46.934903 1300.000000 0.000000
3113.091206 1300.000000 0.000000
4718.341447 1300.000000 0.000000
3475.362526 1300.000000 0.000000
147.064751 1300.000000 0.000000
5822.342553 1300.000000 0.000000
759.820965 1300.000000 0.000000
652.061476 1300.000000 0.000000
6231.439482 1300.000000 0.000000
3121.616474 1300.000000 0.000000
6348.347379 1300.000000 0.000000
3878.278747 1300.000000 0.000000
5316.040446 1300.000000 0.000000
5708.859687 1300.000000 0.000000
3730.779519 1300.000000 0.000000
385.946024 1300.000000 0.000000
377.899579 1300.000000 0.000000
6294.317332 1300.000000 0.000000
1028.351617 1300.000000 0.000000
3378.531199 1300.000000 0.000000
471.120866 1300.000000 0.000000
1968.133052 1300.000000 0.000000
6529.944157 1300.000000 0.000000
3551.225531 1300.000000 0.000000
3951.521100 1300.000000 0.000000
5604.992401 1300.000000 0.000000
4521.212491 1300.000000 0.000000
2164.536484 1300.000000 0.000000
334.646246 1300.000000 0.000000
1763.760809 1300.000000 0.000000
4997.167995 1300.000000 0.000000
4696.958121 1300.000000 0.000000
4237.000318 1300.000000 0.000000
1037.903294 1300.000000 0.000000
5566.752448 1300.000000 0.000000
4656.941473 1300.000000 0.000000
5980.114300 1300.000000 0.000000
5673.735737 1300.000000 0.000000
498.007887 1300.000000 0.000000
481.554975 1300.000000 0.000000
6233.266012 1300.000000 0.000000
5306.321697 1300.000000 0.000000
492.174111 1300.000000 0.000000
5964.661346 1300.000000 0.000000
5427.498311 1300.000000 0.000000
4794.266418 1300.000000 0.000000
1641.869510 1300.000000 0.000000
3231.029861 1300.000000 0.000000
6555.048201 1300.000000 0.000000
4654.624933 1300.000000 0.000000
3217.757129 1300.000000 0.000000
6214.764573 1300.000000 0.000000
4022.355824 1300.000000 0.000000
211.180364 1300.000000 0.000000
5371.483045 1300.000000 0.000000
2418.349886 1300.000000 0.000000
4263.862004 1300.000000 0.000000
1522.800093 1300.000000 0.000000
4506.323925 1300.000000 0.000000
3999.748540 1300.000000 0.000000
5616.177342 1300.000000 0.000000
6736.348830 1300.000000 0.000000
2812.388990 1300.000000 0.000000
6975.873926 1300.000000 0.000000
5221.620681 1300.000000 0.000000
3138.878284 1300.000000 0.000000
2770.489963 1300.000000 0.000000
863.729482 1300.000000 0.000000
3728.304390 1300.000000 0.000000
5833.657216 1300.000000 0.000000
6423.711907 1300.000000 0.000000
5779.252966 1300.000000 0.000000
3121.407797 1300.000000 0.000000
1869.953409 1300.000000 0.000000
4650.792297 1300.000000 0.000000
5368.024859 1300.000000 0.000000
4661.777925 1300.000000 0.000000
3527.685736 1300.000000 0.000000
5846.075912 1300.000000 0.000000
4356.837650 1300.000000 0.000000
3202.772427 1300.000000 0.000000
3884.882945 1300.000000 0.000000
2560.695970 1300.000000 0.000000
4594.115618 1300.000000 0.000000
6419.270685 1300.000000 0.000000
1932.382140 1300.000000 0.000000
848.501090 1300.000000 0.000000
6763.247778 1300.000000 0.000000
4882.073059 1300.000000 0.000000
3104.834526 1300.000000 0.000000
4411.370769 1300.000000 0.000000
2578.426724 1300.000000 0.000000
1667.343693 1300.000000 0.000000
2101.916744 1300.000000 0.000000
4972.325202 1300.000000 0.000000
332.323867 1300.000000 0.000000
3447.678104 1300.000000 0.000000
568.777859 1300.000000 0.000000
854.117474 1300.000000 0.000000
6951.715261 1300.000000 0.000000
2485.637191 1300.000000 0.000000
5354.046114 1300.000000 0.000000
6328.696800 1300.000000 0.000000
2772.767289 1300.000000 0.000000
5719.943994 1300.000000 0.000000
2442.819551 1300.000000 0.000000
1863.355436 1300.000000 0.000000
2572.513703 1300.000000 0.000000
5266.213492 1300.000000 0.000000
4114.600167 1300.000000 0.000000
3425.947663 1300.000000 0.000000
4714.318426 1300.000000 0.000000
2298.072974 1300.000000 0.000000
5977.620875 1300.000000 0.000000
5826.665155 1300.000000 0.000000
1117.120805 1300.000000 0.000000
2256.877152 1300.000000 0.000000
6651.215950 1300.000000 0.000000
667.636984 1300.000000 0.000000
1617.138987 1300.000000 0.000000
6024.254266 1300.000000 0.000000
2517.390345 1300.000000 0.000000
6893.905893 1300.000000 0.000000
223.829675 1300.000000 0.000000
5800.549401 1300.000000 0.000000
3617.666427 1300.000000 0.000000
3425.855465 1300.000000 0.000000
6747.841086 1300.000000 0.000000
6720.922173 1300.000000 0.000000
4772.717537 1300.000000 0.000000
6025.517182 1300.000000 0.000000
3190.804971 1300.000000 0.000000
2326.734590 1300.000000 0.000000
414.048630 1300.000000 0.000000
3165.721837 1300.000000 0.000000
1521.479511 1300.000000 0.000000
2419.252080 1300.000000 0.000000
3849.803953 1300.000000 0.000000
2223.355761 1300.000000 0.000000
6250.835098 1300.000000 0.000000
3430.318153 1300.000000 0.000000
1795.353067 1300.000000 0.000000
6782.990468 1300.000000 0.000000
6374.455254 1300.000000 0.000000
1587.023185 1300.000000 0.000000
2294.800005 1300.000000 0.000000
2006.914630 1300.000000 0.000000
997.605381 1300.000000 0.000000
694.972174 1300.000000 0.000000
1346.326864 1300.000000 0.000000
2158.638084 1300.000000 0.000000
6099.911713 1300.000000 0.000000
2738.041501 1300.000000 0.000000
5520.626174 1300.000000 0.000000
1405.712284 1300.000000 0.000000
6905.331713 1300.000000 0.000000
6180.034880 1300.000000 0.000000
769.037157 1300.000000 0.000000
2479.982785 1300.000000 0.000000
3890.198774 1300.000000 0.000000
4834.889205 1300.000000 0.000000
4506.710265 1300.000000 0.000000
2541.729995 1300.000000 0.000000
552.038978 1300.000000 0.000000
1405.742897 1300.000000 0.000000
5018.814711 1300.000000 0.000000
5210.476221 1300.000000 0.000000
5373.455012 1300.000000 0.000000
1718.097154 1300.000000 0.000000
4676.063834 1300.000000 0.000000
6208.925640 1300.000000 0.000000
2567.949515 1300.000000 0.000000
3720.896396 1300.000000 0.000000
3519.907852 1300.000000 0.000000
2201.805687 1300.000000 0.000000
4357.789550 1300.000000 0.000000
139.327007 1300.000000 0.000000
4734.485941 1300.000000 0.000000
3008.730351 1300.000000 0.000000
1629.846483 1300.000000 0.000000
6913.336199 1300.000000 0.000000
2146.004947 1300.000000 0.000000
3462.459263 1300.000000 0.000000
5240.304253 1300.000000 0.000000
6242.904926 1300.000000 0.000000
316.998472 1300.000000 0.000000
2992.927504 1300.000000 0.000000
1588.849097 1300.000000 0.000000
3388.510896 1300.000000 0.000000
1152.519410 1300.000000 0.000000
628.652418 1300.000000 0.000000
2689.846162 1300.000000 0.000000
166.848306 1300.000000 0.000000
2308.141828 1300.000000 0.000000
3718.615151 1300.000000 0.000000
3336.783525 1300.000000 0.000000
6142.377315 1300.000000 0.000000
3188.511393 1300.000000 0.000000
3481.117465 1300.000000 0.000000
2773.290104 1300.000000 0.000000
6202.873096 1300.000000 0.000000
5152.490644 1300.000000 0.000000
762.423166 1300.000000 0.000000
2785.453315 1300.000000 0.000000
5898.025148 1300.000000 0.000000
5783.402239 1300.000000 0.000000
6556.586158 1300.000000 0.000000
1719.127271 1300.000000 0.000000
4477.820315 1300.000000 0.000000
3453.345217 1300.000000 0.000000
514.146548 1300.000000 0.000000
5460.966708 1300.000000 0.000000
294.784863 1300.000000 0.000000
4907.815337 1300.000000 0.000000
6583.662868 1300.000000 0.000000
4903.837193 1300.000000 0.000000
5437.321902 1300.000000 0.000000
1349.198065 1300.000000 0.000000
48.476882 1300.000000 0.000000
5900.885379 1300.000000 0.000000
6435.269235 1300.000000 0.000000
1694.582881 1300.000000 0.000000
1330.704718 1300.000000 0.000000
5145.592473 1300.000000 0.000000
1151.656232 1300.000000 0.000000
6932.145150 1300.000000 0.000000
6879.935578 1300.000000 0.000000
4600.186771 1300.000000 0.000000
131.415510 1300.000000 0.000000
5317.175377 1300.000000 0.000000
2502.973275 1300.000000 0.000000
3563.114407 1300.000000 0.000000
5172.297767 1300.000000 0.000000
3975.462145 1300.000000 0.000000
2023.396438 1300.000000 0.000000
2905.119982 1300.000000 0.000000
6867.381928 1300.000000 0.000000
2561.191352 1300.000000 0.000000
3625.147830 1300.000000 0.000000
5909.463153 1300.000000 0.000000
6776.858569 1300.000000 0.000000
1812.261699 1300.000000 0.000000
3348.173086 1300.000000 0.000000
3061.386905 1300.000000 0.000000
2655.786005 1300.000000 0.000000
1421.573186 1300.000000 0.000000
3855.745238 1300.000000 0.000000
1788.799058 1300.000000 0.000000
3850.686214 1300.000000 0.000000
6093.345573 1300.000000 0.000000
1688.611495 1300.000000 0.000000
1099.757663 1300.000000 0.000000
1527.825792 1300.000000 0.000000
813.944161 1300.000000 0.000000
5243.127928 1300.000000 0.000000
1108.034610 1300.000000 0.000000
3334.477346 1300.000000 0.000000
3817.291264 1300.000000 0.000000
6152.846849 1300.000000 0.000000
120.009518 1300.000000 0.000000
3800.873911 1300.000000 0.000000
2226.126571 1300.000000 0.000000
5521.637399 1300.000000 0.000000
6102.049619 1300.000000 0.000000
5169.432866 1300.000000 0.000000
646.331102 1300.000000 0.000000
2109.790501 1300.000000 0.000000
4459.723004 1300.000000 0.000000
4000.949899 1300.000000 0.000000
4989.672394 1300.000000 0.000000
4510.024695 1300.000000 0.000000
1613.332055 1300.000000 0.000000
6801.869104 1300.000000 0.000000
6763.115998 1300.000000 0.000000
2043.187361 1300.000000 0.000000
1227.000725 1300.000000 0.000000
2190.177865 1300.000000 0.000000
6892.558959 1300.000000 0.000000
3978.739480 1300.000000 0.000000
5911.279947 1300.000000 0.000000
1011.037356 1300.000000 0.000000
3219.584267 1300.000000 0.000000
4255.285336 1300.000000 0.000000
1288.858936 1300.000000 0.000000
2399.638450 1300.000000 0.000000
4245.030983 1300.000000 0.000000
5867.376098 1300.000000 0.000000
1303.319625 1300.000000 0.000000
211.921283 1300.000000 0.000000
2151.743004 1300.000000 0.000000
877.002203 1300.000000 0.000000
1892.764754 1300.000000 0.000000
6119.130365 1300.000000 0.000000
2593.566902 1300.000000 0.000000
6259.633590 1300.000000 0.000000
2855.969717 1300.000000 0.000000
6173.149281 1300.000000 0.000000
4535.658668 1300.000000 0.000000
1658.907092 1300.000000 0.000000
3701.651350 1300.000000 0.000000
2056.120796 1300.000000 0.000000
660.242977 1300.000000 0.000000
6541.770381 1300.000000 0.000000
851.755326 1300.000000 0.000000
2447.772323 1300.000000 0.000000
469.188004 1300.000000 0.000000
4495.377384 1300.000000 0.000000
4847.129963 1300.000000 0.000000
2344.487133 1300.000000 0.000000
2619.709355 1300.000000 0.000000
2197.195359 1300.000000 0.000000
3771.168062 1300.000000 0.000000
690.147661 1300.000000 0.000000
3433.599577 1300.000000 0.000000
2301.149692 1300.000000 0.000000
4968.080556 1300.000000 0.000000
6171.886207 1300.000000 0.000000
2751.003367 1300.000000 0.000000
5979.702910 1300.000000 0.000000
3246.436152 1300.000000 0.000000
3689.394728 1300.000000 0.000000
3453.169247 1300.000000 0.000000
1874.490353 1300.000000 0.000000
4081.542333 1300.000000 0.000000
401.459917 1300.000000 0.000000
6715.354579 1300.000000 0.000000
5399.920213 1300.000000 0.000000
299.029242 1300.000000 0.000000
3489.033581 1300.000000 0.000000
366.059891 1300.000000 0.000000
3930.860147 1300.000000 0.000000
6722.533365 1300.000000 0.000000
4338.721198 1300.000000 0.000000
3700.398577 1300.000000 0.000000
4887.646250 1300.000000 0.000000
1303.134291 1300.000000 0.000000
3877.987173 1300.000000 0.000000
4662.842042 1300.000000 0.000000
1069.117340 1300.000000 0.000000
6641.251102 1300.000000 0.000000
1307.780523 1300.000000 0.000000
4063.588648 1300.000000 0.000000
5957.171092 1300.000000 0.000000
748.060905 1300.000000 0.000000
4731.032157 1300.000000 0.000000
5572.316680 1300.000000 0.000000
4603.522721 1300.000000 0.000000
65.446667 1300.000000 0.000000
1443.873115 1300.000000 0.000000
4454.942576 1300.000000 0.000000
267.795222 1300.000000 0.000000
4743.971752 1300.000000 0.000000
4745.425478 1300.000000 0.000000
4701.789880 1300.000000 0.000000
2774.224012 1300.000000 0.000000
4631.179332 1300.000000 0.000000
4433.522683 1300.000000 0.000000
6734.869671 1300.000000 0.000000
6948.979925 1300.000000 0.000000
695.413784 1300.000000 0.000000
475.252919 1300.000000 0.000000
2982.092062 1300.000000 0.000000
6629.318516 1300.000000 0.000000
4958.282065 1300.000000 0.000000
3267.724924 1300.000000 0.000000
313.854020 1300.000000 0.000000
5240.066452 1300.000000 0.000000
4748.594861 1300.000000 0.000000
1476.449402 1300.000000 0.000000
2789.432144 1300.000000 0.000000
6675.729092 1300.000000 0.000000
202.315994 1300.000000 0.000000
6550.365985 1300.000000 0.000000
5928.513315 1300.000000 0.000000
4639.321230 1300.000000 0.000000
6075.376324 1300.000000 0.000000
4566.515265 1300.000000 0.000000
3169.634582 1300.000000 0.000000
2136.602876 1300.000000 0.000000
2464.244909 1300.000000 0.000000
1957.503815 1300.000000 0.000000
1652.319159 1300.000000 0.000000
189.024226 1300.000000 0.000000
4564.436720 1300.000000 0.000000
4984.001586 1300.000000 0.000000
4339.516068 1300.000000 0.000000
878.073543 1300.000000 0.000000
3169.529744 1300.000000 0.000000
6456.320568 1300.000000 0.000000
845.910515 1300.000000 0.000000
2826.662823 1300.000000 0.000000
1822.033122 1300.000000 0.000000
5451.905469 1300.000000 0.000000
4674.888397 1300.000000 0.000000
187.526061 1300.000000 0.000000
3439.326105 1300.000000 0.000000
6405.426213 1300.000000 0.000000
4928.177426 1300.000000 0.000000
4397.405971 1300.000000 0.000000
4048.369266 1300.000000 0.000000
4404.094909 1300.000000 0.000000
5112.874543 1300.000000 0.000000
4489.228338 1300.000000 0.000000
3245.965342 1300.000000 0.000000
4300.038675 1300.000000 0.000000
1781.294590 1300.000000 0.000000
5660.778842 1300.000000 0.000000
1602.886112 1300.000000 0.000000
3153.345973 1300.000000 0.000000
6119.645993 1300.000000 0.000000
1419.417341 1300.000000 0.000000
3665.978345 1300.000000 0.000000
885.627861 1300.000000 0.000000
4055.820292 1300.000000 0.000000
1833.192693 1300.000000 0.000000
1454.383399 1300.000000 0.000000
3869.867121 1300.000000 0.000000
5959.767547 1300.000000 0.000000
3595.161062 1300.000000 0.000000
3907.818912 1300.000000 0.000000
4663.039748 1300.000000 0.000000
6992.822598 1300.000000 0.000000
1247.918520 1300.000000 0.000000
817.177451 1300.000000 0.000000
478.978802 1300.000000 0.000000
4358.993642 1300.000000 0.000000
2201.380653 1300.000000 0.000000
6228.795532 1300.000000 0.000000
5645.343621 1300.000000 0.000000
3009.418643 1300.000000 0.000000
3672.868204 1300.000000 0.000000
3168.728712 1300.000000 0.000000
4415.201850 1300.000000 0.000000
3966.161398 1300.000000 0.000000
6712.024643 1300.000000 0.000000
6356.366005 1300.000000 0.000000
4906.287835 1300.000000 0.000000
2639.177690 1300.000000 0.000000
4786.573581 1300.000000 0.000000
1386.619236 1300.000000 0.000000
4321.804895 1300.000000 0.000000
2896.083109 1300.000000 0.000000
5765.118917 1300.000000 0.000000
5289.045636 1300.000000 0.000000
4921.681220 1300.000000 0.000000
2550.059944 1300.000000 0.000000
5738.508903 1300.000000 0.000000
5261.072344 1300.000000 0.000000
341.386563 1300.000000 0.000000
3699.983022 1300.000000 0.000000
4317.237346 1300.000000 0.000000
1896.599817 1300.000000 0.000000
5605.892226 1300.000000 0.000000
1646.219558 1300.000000 0.000000
6326.505867 1300.000000 0.000000
1811.610985 1300.000000 0.000000
1339.354887 1300.000000 0.000000
86.872394 1300.000000 0.000000
5973.897987 1300.000000 0.000000
4347.060981 1300.000000 0.000000
5991.033518 1300.000000 0.000000
980.743407 1300.000000 0.000000
6108.815748 1300.000000 0.000000
4961.878148 1300.000000 0.000000
648.486925 1300.000000 0.000000
145.252936 1300.000000 0.000000
5478.455629 1300.000000 0.000000
210.577665 1300.000000 0.000000
3532.274425 1300.000000 0.000000
571.355247 1300.000000 0.000000
5414.456214 1300.000000 0.000000
6108.040972 1300.000000 0.000000
6160.218737 1300.000000 0.000000
6184.670094 1300.000000 0.000000
6106.991298 1300.000000 0.000000
3211.055578 1300.000000 0.000000
6316.091888 1300.000000 0.000000
3835.334662 1300.000000 0.000000
391.919046 1300.000000 0.000000
4138.259214 1300.000000 0.000000
3947.591966 1300.000000 0.000000
5432.910531 1300.000000 0.000000
2068.988449 1300.000000 0.000000
285.975573 1300.000000 0.000000
2789.970282 1300.000000 0.000000
1975.922341 1300.000000 0.000000
5647.014247 1300.000000 0.000000
3550.115535 1300.000000 0.000000
4817.056753 1300.000000 0.000000
3462.648283 1300.000000 0.000000
3181.822283 1300.000000 0.000000
2950.360639 1300.000000 0.000000
274.762130 1300.000000 0.000000
638.373422 1300.000000 0.000000
2756.707165 1300.000000 0.000000
947.612363 1300.000000 0.000000
6780.554081 1300.000000 0.000000
5681.732776 1300.000000 0.000000
2281.757877 1300.000000 0.000000
6733.994246 1300.000000 0.000000
701.968414 1300.000000 0.000000
720.472286 1300.000000 0.000000
2150.813633 1300.000000 0.000000
2335.774417 1300.000000 0.000000
6005.762935 1300.000000 0.000000
3660.452153 1300.000000 0.000000
4308.500287 1300.000000 0.000000
6870.910787 1300.000000 0.000000
5582.393170 1300.000000 0.000000
1391.667720 1300.000000 0.000000
3196.929332 1300.000000 0.000000
3996.795579 1300.000000 0.000000
1504.360875 1300.000000 0.000000
4805.033199 1300.000000 0.000000
1950.214806 1300.000000 0.000000
1258.178938 1300.000000 0.000000
2782.485623 1300.000000 0.000000
1140.012546 1300.000000 0.000000
5618.352334 1300.000000 0.000000
585.521393 1300.000000 0.000000
4467.895266 1300.000000 0.000000
1615.995629 1300.000000 0.000000
4060.660656 1300.000000 0.000000
6050.047597 1300.000000 0.000000
6529.168010 1300.000000 0.000000
5749.751865 1300.000000 0.000000
3364.133309 1300.000000 0.000000
4454.611111 1300.000000 0.000000
1270.560591 1300.000000 0.000000
3284.403509 1300.000000 0.000000
2164.935088 1300.000000 0.000000
4681.673018 1300.000000 0.000000
5056.388129 1300.000000 0.000000
4023.996683 1300.000000 0.000000
3694.981590 1300.000000 0.000000
5664.620910 1300.000000 0.000000
6908.178630 1300.000000 0.000000
2267.023472 1300.000000 0.000000
4244.775212 1300.000000 0.000000
5316.912760 1300.000000 0.000000
5536.777261 1300.000000 0.000000
489.508699 1300.000000 0.000000
3853.257898 1300.000000 0.000000
65.087977 1300.000000 0.000000
5492.406324 1300.000000 0.000000
4823.308801 1300.000000 0.000000
6745.116636 1300.000000 0.000000
3615.091183 1300.000000 0.000000
2500.248132 1300.000000 0.000000
3376.358243 1300.000000 0.000000
3009.717214 1300.000000 0.000000
6974.143032 1300.000000 0.000000
4208.232076 1300.000000 0.000000
5495.029449 1300.000000 0.000000
6793.794848 1300.000000 0.000000
3414.981843 1300.000000 0.000000
664.487265 1300.000000 0.000000
6855.322413 1300.000000 0.000000
846.144175 1300.000000 0.000000
4411.822353 1300.000000 0.000000
1359.732777 1300.000000 0.000000
1491.571921 1300.000000 0.000000
102.191459 1300.000000 0.000000
2566.697804 1300.000000 0.000000
2380.705441 1300.000000 0.000000
5052.504432 1300.000000 0.000000
2572.731789 1300.000000 0.000000
147.234760 1300.000000 0.000000
921.815947 1300.000000 0.000000
4107.317730 1300.000000 0.000000
5135.232482 1300.000000 0.000000
6045.446055 1300.000000 0.000000
958.962520 1300.000000 0.000000
366.988844 1300.000000 0.000000
2843.563859 1300.000000 0.000000
1691.598629 1300.000000 0.000000
3307.154920 1300.000000 0.000000
6105.511855 1300.000000 0.000000
3183.034628 1300.000000 0.000000
501.053487 1300.000000 0.000000
2198.428710 1300.000000 0.000000
3449.761799 1300.000000 0.000000
5192.047936 1300.000000 0.000000
4863.485644 1300.000000 0.000000
6880.075103 1300.000000 0.000000
2238.236960 1300.000000 0.000000
5629.425928 1300.000000 0.000000
374.274707 1300.000000 0.000000
5223.087437 1300.000000 0.000000
2124.324516 1300.000000 0.000000
651.570597 1300.000000 0.000000
6541.721650 1300.000000 0.000000
5228.077303 1300.000000 0.000000
700.339300 1300.000000 0.000000
5042.075556 1300.000000 0.000000
1475.276179 1300.000000 0.000000
6741.677247 1300.000000 0.000000
5244.325879 1300.000000 0.000000
5177.353523 1300.000000 0.000000
3570.506291 1300.000000 0.000000
611.050905 1300.000000 0.000000
4550.143286 1300.000000 0.000000
576.553947 1300.000000 0.000000
5088.445217 1300.000000 0.000000
3728.327858 1300.000000 0.000000
5245.141065 1300.000000 0.000000
6028.868579 1300.000000 0.000000
242.896137 1300.000000 0.000000
651.857208 1300.000000 0.000000
4586.799666 1300.000000 0.000000
6716.624931 1300.000000 0.000000
3409.400616 1300.000000 0.000000
6019.270214 1300.000000 0.000000
593.560947 1300.000000 0.000000
5029.792005 1300.000000 0.000000
5956.428295 1300.000000 0.000000
5732.193471 1300.000000 0.000000
5013.921219 1300.000000 0.000000
2857.567509 1300.000000 0.000000
4456.099690 1300.000000 0.000000
3666.870921 1300.000000 0.000000
2604.272107 1300.000000 0.000000
2473.982677 1300.000000 0.000000
4186.343329 1300.000000 0.000000
682.408122 1300.000000 0.000000
1934.471267 1300.000000 0.000000
3237.452973 1300.000000 0.000000
4387.566398 1300.000000 0.000000
1171.487396 1300.000000 0.000000
2037.408842 1300.000000 0.000000
2653.178596 1300.000000 0.000000
6280.781646 1300.000000 0.000000
6441.263194 1300.000000 0.000000
6226.395017 1300.000000 0.000000
3184.200101 1300.000000 0.000000
3098.742143 1300.000000 0.000000
3567.123800 1300.000000 0.000000
2620.294044 1300.000000 0.000000
2848.683315 1300.000000 0.000000
6835.525038 1300.000000 0.000000
2576.022102 1300.000000 0.000000
787.488810 1300.000000 0.000000
1694.453025 1300.000000 0.000000
4867.648084 1300.000000 0.000000
6750.713893 1300.000000 0.000000
6421.442909 1300.000000 0.000000
398.284992 1300.000000 0.000000
4562.852814 1300.000000 0.000000
6429.445192 1300.000000 0.000000
450.039068 1300.000000 0.000000
6694.158895 1300.000000 0.000000
3237.569527 1300.000000 0.000000
3221.946425 1300.000000 0.000000
1808.859649 1300.000000 0.000000
3013.524293 1300.000000 0.000000
2047.030612 1300.000000 0.000000
5211.947991 1300.000000 0.000000
498.967980 1300.000000 0.000000
1229.054356 1300.000000 0.000000
3031.309826 1300.000000 0.000000
2027.987522 1300.000000 0.000000
3797.655101 1300.000000 0.000000
4559.589611 1300.000000 0.000000
6816.935454 1300.000000 0.000000
1307.248068 1300.000000 0.000000
2943.101748 1300.000000 0.000000
6566.323734 1300.000000 0.000000
5049.054907 1300.000000 0.000000
2222.340064 1300.000000 0.000000
5120.123557 1300.000000 0.000000
6841.418035 1300.000000 0.000000
161.288539 1300.000000 0.000000
1802.577746 1300.000000 0.000000
5354.007012 1300.000000 0.000000
3167.248498 1300.000000 0.000000
5541.331426 1300.000000 0.000000
1614.362506 1300.000000 0.000000
2327.888362 1300.000000 0.000000
2692.420416 1300.000000 0.000000
4884.777051 1300.000000 0.000000
273.956050 1300.000000 0.000000
2872.825998 1300.000000 0.000000
6552.012695 1300.000000 0.000000
3086.808414 1300.000000 0.000000
3612.729276 1300.000000 0.000000
767.085053 1300.000000 0.000000
1284.340275 1300.000000 0.000000
3411.954065 1300.000000 0.000000
2046.700524 1300.000000 0.000000
4274.280676 1300.000000 0.000000
6619.170099 1300.000000 0.000000
1842.005042 1300.000000 0.000000
6934.310012 1300.000000 0.000000
1487.533970 1300.000000 0.000000
6280.513064 1300.000000 0.000000
1498.348534 1300.000000 0.000000
1886.429101 1300.000000 0.000000
3214.362176 1300.000000 0.000000
5703.915576 1300.000000 0.000000
602.057139 1300.000000 0.000000
5968.464445 1300.000000 0.000000
5517.064847 1300.000000 0.000000
5798.028379 1300.000000 0.000000
1438.993145 1300.000000 0.000000
750.389266 1300.000000 0.000000
5962.687448 1300.000000 0.000000
984.586467 1300.000000 0.000000
4795.557195 1300.000000 0.000000
4547.359074 1300.000000 0.000000
3493.902277 1300.000000 0.000000
2561.568931 1300.000000 0.000000
6442.546277 1300.000000 0.000000
1452.497624 1300.000000 0.000000
4382.364716 1300.000000 0.000000
2456.575528 1300.000000 0.000000
5700.987171 1300.000000 0.000000
3767.517445 1300.000000 0.000000
6812.068391 1300.000000 0.000000
4685.466855 1300.000000 0.000000
6770.617995 1300.000000 0.000000
795.124129 1300.000000 0.000000
3091.127636 1300.000000 0.000000
173.574788 1300.000000 0.000000
2078.325172 1300.000000 0.000000
2250.502416 1300.000000 0.000000
4714.321376 1300.000000 0.000000
3234.288256 1300.000000 0.000000
6928.584400 1300.000000 0.000000
3411.533465 1300.000000 0.000000
791.201247 1300.000000 0.000000
160.499970 1300.000000 0.000000
4782.787468 1300.000000 0.000000
2649.668286 1300.000000 0.000000
3441.364930 1300.000000 0.000000
5181.558808 1300.000000 0.000000
529.856894 1300.000000 0.000000
5617.071580 1300.000000 0.000000
2155.989875 1300.000000 0.000000
28.404694 1300.000000 0.000000
813.815191 1300.000000 0.000000
4855.994227 1300.000000 0.000000
1254.973604 1300.000000 0.000000
641.569131 1300.000000 0.000000
2463.035350 1300.000000 0.000000
5169.946277 1300.000000 0.000000
3589.508195 1300.000000 0.000000
5036.365706 1300.000000 0.000000
5771.154436 1300.000000 0.000000
7.676679 1300.000000 0.000000
5662.684159 1300.000000 0.000000
2379.338759 1300.000000 0.000000
4197.310826 1300.000000 0.000000
3093.348534 1300.000000 0.000000
3131.005115 1300.000000 0.000000
1838.368295 1300.000000 0.000000
2923.787521 1300.000000 0.000000
1926.915388 1300.000000 0.000000
2965.679314 1300.000000 0.000000
6325.055853 1300.000000 0.000000
4404.740488 1300.000000 0.000000
3939.010457 1300.000000 0.000000
6335.228399 1300.000000 0.000000
5429.189175 1300.000000 0.000000
1501.104646 1300.000000 0.000000
3805.429176 1300.000000 0.000000
4803.882809 1300.000000 0.000000
20.832116 1300.000000 0.000000
1314.552834 1300.000000 0.000000
4660.151570 1300.000000 0.000000
5234.500164 1300.000000 0.000000
3742.424826 1300.000000 0.000000
5109.580952 1300.000000 0.000000
4164.229877 1300.000000 0.000000
3234.421718 1300.000000 0.000000
5938.167952 1300.000000 0.000000
438.022199 1300.000000 0.000000
5182.795531 1300.000000 0.000000
3888.310154 1300.000000 0.000000
764.078541 1300.000000 0.000000
3100.955752 1300.000000 0.000000
5463.115862 1300.000000 0.000000
6983.397399 1300.000000 0.000000
1817.967489 1300.000000 0.000000
1903.303368 1300.000000 0.000000
3033.120895 1300.000000 0.000000
5250.000456 1300.000000 0.000000
6641.233006 1300.000000 0.000000
6469.655011 1300.000000 0.000000
2548.588846 1300.000000 0.000000
3126.116185 1300.000000 0.000000
3387.675142 1300.000000 0.000000
4211.502397 1300.000000 0.000000
2457.293794 1300.000000 0.000000
1553.731047 1300.000000 0.000000
6236.537764 1300.000000 0.000000
5964.962705 1300.000000 0.000000
182.959955 1300.000000 0.000000
1254.417195 1300.000000 0.000000
5435.955348 1300.000000 0.000000
5423.439100 1300.000000 0.000000
3352.201830 1300.000000 0.000000
786.579036 1300.000000 0.000000
4027.792662 1300.000000 0.000000
2353.848279 1300.000000 0.000000
3629.900323 1300.000000 0.000000
430.508681 1300.000000 0.000000
1396.186325 1300.000000 0.000000
1323.092521 1300.000000 0.000000
2456.414732 1300.000000 0.000000
1488.670112 1300.000000 0.000000
846.812694 1300.000000 0.000000
985.792044 1300.000000 0.000000
3744.885106 1300.000000 0.000000
3990.647408 1300.000000 0.000000
3137.810293 1300.000000 0.000000
533.789333 1300.000000 0.000000
3383.707236 1300.000000 0.000000
6146.902811 1300.000000 0.000000
6494.541432 1300.000000 0.000000
1153.925464 1300.000000 0.000000
2158.653080 1300.000000 0.000000
3750.879749 1300.000000 0.000000
2419.798897 1300.000000 0.000000
5535.051850 1300.000000 0.000000
1629.298677 1300.000000 0.000000
5458.073092 1300.000000 0.000000
6742.905599 1300.000000 0.000000
4840.982364 1300.000000 0.000000
1255.368919 1300.000000 0.000000
2186.523619 1300.000000 0.000000
4238.806836 1300.000000 0.000000
2364.780667 1300.000000 0.000000
2450.526708 1300.000000 0.000000
1190.720598 1300.000000 0.000000
5313.912938 1300.000000 0.000000
5364.396978 1300.000000 0.000000
6836.145639 1300.000000 0.000000
923.728228 1300.000000 0.000000
959.044993 1300.000000 0.000000
6197.776811 1300.000000 0.000000
2300.126773 1300.000000 0.000000
2263.272942 1300.000000 0.000000
5584.358967 1300.000000 0.000000
5437.873342 1300.000000 0.000000
360.986070 1300.000000 0.000000
5765.854933 1300.000000 0.000000
4093.535553 1300.000000 0.000000
127.560809 1300.000000 0.000000
473.843131 1300.000000 0.000000
3954.602954 1300.000000 0.000000
48.936924 1300.000000 0.000000
4643.204873 1300.000000 0.000000
3359.264623 1300.000000 0.000000
6280.880024 1300.000000 0.000000
1102.347777 1300.000000 0.000000
700.610373 1300.000000 0.000000
117.050461 1300.000000 0.000000
2965.333228 1300.000000 0.000000
5454.554720 1300.000000 0.000000
1152.520697 1300.000000 0.000000
3622.673551 1300.000000 0.000000
191.778677 1300.000000 0.000000
413.567845 1300.000000 0.000000
4556.441505 1300.000000 0.000000
1528.713120 1300.000000 0.000000
2806.902319 1300.000000 0.000000
1073.830860 1300.000000 0.000000
469.075539 1300.000000 0.000000
6450.653660 1300.000000 0.000000
1433.838231 1300.000000 0.000000
2910.684078 1300.000000 0.000000
569.017362 1300.000000 0.000000
4038.138834 1300.000000 0.000000
523.750085 1300.000000 0.000000
4248.674968 1300.000000 0.000000
905.293470 1300.000000 0.000000
3062.310345 1300.000000 0.000000
3699.154563 1300.000000 0.000000
6819.058492 1300.000000 0.000000
2077.580704 1300.000000 0.000000
4448.226878 1300.000000 0.000000
1302.705917 1300.000000 0.000000
6783.539065 1300.000000 0.000000
1705.227956 1300.000000 0.000000
5755.145448 1300.000000 0.000000
689.124799 1300.000000 0.000000
6987.252618 1300.000000 0.000000
2770.757269 1300.000000 0.000000
4647.837386 1300.000000 0.000000
3822.541904 1300.000000 0.000000
969.232661 1300.000000 0.000000
5585.569267 1300.000000 0.000000
314.631943 1300.000000 0.000000
5741.670863 1300.000000 0.000000
2604.486645 1300.000000 0.000000
4172.519970 1300.000000 0.000000
5252.375849 1300.000000 0.000000
3636.030497 1300.000000 0.000000
2480.834693 1300.000000 0.000000
3996.294778 1300.000000 0.000000
2072.086547 1300.000000 0.000000
6533.306986 1300.000000 0.000000
664.836472 1300.000000 0.000000
3442.885977 1300.000000 0.000000
2220.960866 1300.000000 0.000000
6783.451785 1300.000000 0.000000
839.605015 1300.000000 0.000000
3825.243061 1300.000000 0.000000
5754.134549 1300.000000 0.000000
2765.481762 1300.000000 0.000000
1674.506322 1300.000000 0.000000
5373.294972 1300.000000 0.000000
3740.727310 1300.000000 0.000000
1216.059131 1300.000000 0.000000
759.151388 1300.000000 0.000000
3600.891354 1300.000000 0.000000
3330.743982 1300.000000 0.000000
4017.631201 1300.000000 0.000000
6572.515200 1300.000000 0.000000
5215.490022 1300.000000 0.000000
5919.011397 1300.000000 0.000000
5922.120687 1300.000000 0.000000
2395.384794 1300.000000 0.000000
1169.066175 1300.000000 0.000000
5940.604615 1300.000000 0.000000
6879.724662 1300.000000 0.000000
319.171387 1300.000000 0.000000
5391.952399 1300.000000 0.000000
1637.420465 1300.000000 0.000000
5142.405507 1300.000000 0.000000
4779.150377 1300.000000 0.000000
3256.475729 1300.000000 0.000000
1455.452222 1300.000000 0.000000
685.207793 1300.000000 0.000000
6818.549345 1300.000000 0.000000
4889.533015 1300.000000 0.000000
2817.047988 1300.000000 0.000000
3595.061395 1300.000000 0.000000
5027.424669 1300.000000 0.000000
4133.908449 1300.000000 0.000000
3631.293401 1300.000000 0.000000
669.336702 1300.000000 0.000000
815.731455 1300.000000 0.000000
5029.679749 1300.000000 0.000000
5009.592958 1300.000000 0.000000
2517.904856 1300.000000 0.000000
448.869793 1300.000000 0.000000
3096.735129 1300.000000 0.000000
3617.978020 1300.000000 0.000000
148.207635 1300.000000 0.000000
4712.502697 1300.000000 0.000000
2123.634876 1300.000000 0.000000
5806.927121 1300.000000 0.000000
6883.968072 1300.000000 0.000000
3303.745410 1300.000000 0.000000
3455.299172 1300.000000 0.000000
3403.016119 1300.000000 0.000000
6612.026816 1300.000000 0.000000
4947.551691 1300.000000 0.000000
6003.208811 1300.000000 0.000000
903.351588 1300.000000 0.000000
6588.213957 1300.000000 0.000000
1735.488241 1300.000000 0.000000
6630.764230 1300.000000 0.000000
3585.280143 1300.000000 0.000000
633.965968 1300.000000 0.000000
3278.335034 1300.000000 0.000000
768.594540 1300.000000 0.000000
531.034673 1300.000000 0.000000
3013.569156 1300.000000 0.000000
5558.020192 1300.000000 0.000000
1343.506641 1300.000000 0.000000
1699.833498 1300.000000 0.000000
5574.986986 1300.000000 0.000000
3499.456617 1300.000000 0.000000
6236.204299 1300.000000 0.000000
6101.117384 1300.000000 0.000000
4350.995169 1300.000000 0.000000
4594.767785 1300.000000 0.000000
2531.674057 1300.000000 0.000000
3088.233985 1300.000000 0.000000
3949.419657 1300.000000 0.000000
3516.386057 1300.000000 0.000000
6761.066015 1300.000000 0.000000
2345.540555 1300.000000 0.000000
5475.825463 1300.000000 0.000000
4595.841494 1300.000000 0.000000
1888.885429 1300.000000 0.000000
393.491349 1300.000000 0.000000
1432.898032 1300.000000 0.000000
5459.023678 1300.000000 0.000000
485.930210 1300.000000 0.000000
1999.605624 1300.000000 0.000000
1888.191103 1300.000000 0.000000
1181.336926 1300.000000 0.000000
5480.466715 1300.000000 0.000000
6817.625770 1300.000000 0.000000
5437.429141 1300.000000 0.000000
991.717950 1300.000000 0.000000
5905.402214 1300.000000 0.000000
4828.502192 1300.000000 0.000000
20.210161 1300.000000 0.000000
2374.180727 1300.000000 0.000000
5732.848427 1300.000000 0.000000
141.190133 1300.000000 0.000000
1202.286319 1300.000000 0.000000
3421.702526 1300.000000 0.000000
5011.215026 1300.000000 0.000000
6274.630458 1300.000000 0.000000
6418.817317 1300.000000 0.000000
4788.252449 1300.000000 0.000000
1475.529315 1300.000000 0.000000
2633.141214 1300.000000 0.000000
4319.639351 1300.000000 0.000000
914.682077 1300.000000 0.000000
4870.452833 1300.000000 0.000000
694.029394 1300.000000 0.000000
3945.167514 1300.000000 0.000000
1916.719339 1300.000000 0.000000
1629.675455 1300.000000 0.000000
2771.735805 1300.000000 0.000000
4745.580439 1300.000000 0.000000
3889.801373 1300.000000 0.000000
4737.152986 1300.000000 0.000000
4066.243985 1300.000000 0.000000
4357.358220 1300.000000 0.000000
271.936899 1300.000000 0.000000
2933.883185 1300.000000 0.000000
5536.691363 1300.000000 0.000000
4090.877195 1300.000000 0.000000
6199.696025 1300.000000 0.000000
773.387159 1300.000000 0.000000
1187.688957 1300.000000 0.000000
6626.344251 1300.000000 0.000000
6426.720724 1300.000000 0.000000
630.125423 1300.000000 0.000000
1889.014593 1300.000000 0.000000
105.744883 1300.000000 0.000000
6673.575548 1300.000000 0.000000
5956.021073 1300.000000 0.000000
2219.703029 1300.000000 0.000000
1463.680762 1300.000000 0.000000
6890.276942 1300.000000 0.000000
1538.505220 1300.000000 0.000000
3893.754168 1300.000000 0.000000
454.912281 1300.000000 0.000000
6390.379017 1300.000000 0.000000
2813.111357 1300.000000 0.000000
3200.133788 1300.000000 0.000000
4341.032798 1300.000000 0.000000
1663.352915 1300.000000 0.000000
2799.807999 1300.000000 0.000000
3823.574121 1300.000000 0.000000
760.898870 1300.000000 0.000000
4407.318254 1300.000000 0.000000
202.448457 1300.000000 0.000000
2191.445976 1300.000000 0.000000
6966.102308 1300.000000 0.000000
1240.539788 1300.000000 0.000000
223.040897 1300.000000 0.000000
2560.116983 1300.000000 0.000000
446.180656 1300.000000 0.000000
3829.510127 1300.000000 0.000000
311.499512 1300.000000 0.000000
6597.815460 1300.000000 0.000000
4622.316284 1300.000000 0.000000
4593.152810 1300.000000 0.000000
3854.059922 1300.000000 0.000000
4246.793329 1300.000000 0.000000
4238.159878 1300.000000 0.000000
3641.679433 1300.000000 0.000000
989.498770 1300.000000 0.000000
2255.882663 1300.000000 0.000000
5767.870995 1300.000000 0.000000
524.699506 1300.000000 0.000000
5879.854080 1300.000000 0.000000
6312.704837 1300.000000 0.000000
4094.425832 1300.000000 0.000000
2467.971496 1300.000000 0.000000
4201.658888 1300.000000 0.000000
6712.117950 1300.000000 0.000000
1740.069309 1300.000000 0.000000
3755.204664 1300.000000 0.000000
712.737912 1300.000000 0.000000
6541.459010 1300.000000 0.000000
4202.966759 1300.000000 0.000000
5877.373281 1300.000000 0.000000
6055.597948 1300.000000 0.000000
622.722731 1300.000000 0.000000
5951.317645 1300.000000 0.000000
2426.471073 1300.000000 0.000000
1320.909613 1300.000000 0.000000
1399.449382 1300.000000 0.000000
3369.425887 1300.000000 0.000000
2777.213305 1300.000000 0.000000
6670.466255 1300.000000 0.000000
1160.679565 1300.000000 0.000000
1410.748416 1300.000000 0.000000
5048.660697 1300.000000 0.000000
4314.839197 1300.000000 0.000000
46.662360 1300.000000 0.000000
2396.560353 1300.000000 0.000000
6016.908412 1300.000000 0.000000
4509.636387 1300.000000 0.000000
69.152483 1300.000000 0.000000
2837.982292 1300.000000 0.000000
5148.181430 1300.000000 0.000000
3184.951502 1300.000000 0.000000
2785.540393 1300.000000 0.000000
3497.949545 1300.000000 0.000000
6204.827871 1300.000000 0.000000
4471.166533 1300.000000 0.000000
2333.625976 1300.000000 0.000000
1042.799083 1300.000000 0.000000
5610.974299 1300.000000 0.000000
1604.458810 1300.000000 0.000000
6410.786344 1300.000000 0.000000
3800.160349 1300.000000 0.000000
5472.044419 1300.000000 0.000000
3086.277121 1300.000000 0.000000
5335.971674 1300.000000 0.000000
2562.101881 1300.000000 0.000000
2015.422558 1300.000000 0.000000
6419.848407 1300.000000 0.000000
485.052327 1300.000000 0.000000
1509.411917 1300.000000 0.000000
