1999.483498 600.000000 0.000000
325.819751 600.000000 0.000000
565.235611 600.000000 0.000000
1894.402164 600.000000 0.000000
463.313085 600.000000 0.000000
969.947229 600.000000 0.000000
1914.953913 600.000000 0.000000
1488.610686 600.000000 0.000000
1080.087317 600.000000 0.000000
1479.905963 600.000000 0.000000
1519.887596 600.000000 0.000000
1317.273229 600.000000 0.000000
631.275243 600.000000 0.000000
1608.806029 600.000000 0.000000
1039.344230 600.000000 0.000000
337.144844 600.000000 0.000000
951.059461 600.000000 0.000000
784.627988 600.000000 0.000000
443.335374 600.000000 0.000000
426.380918 600.000000 0.000000
60.670408 600.000000 0.000000
667.078500 600.000000 0.000000
388.297701 600.000000 0.000000
1887.433561 600.000000 0.000000
1159.863350 600.000000 0.000000
1796.609716 600.000000 0.000000
1331.127863 600.000000 0.000000
997.220620 600.000000 0.000000
1121.256514 600.000000 0.000000
364.569291 600.000000 0.000000
593.051061 600.000000 0.000000
234.817867 600.000000 0.000000
125.835332 600.000000 0.000000
1296.251149 600.000000 0.000000
1450.837057 600.000000 0.000000
1274.262317 600.000000 0.000000
1427.770125 600.000000 0.000000
199.152486 600.000000 0.000000
1398.534392 600.000000 0.000000
215.624940 600.000000 0.000000
258.485503 600.000000 0.000000
1004.806077 600.000000 0.000000
415.559813 600.000000 0.000000
577.820612 600.000000 0.000000
166.349589 600.000000 0.000000
256.248431 600.000000 0.000000
1094.742822 600.000000 0.000000
164.639199 600.000000 0.000000
584.282853 600.000000 0.000000
1783.247474 600.000000 0.000000
454.235678 600.000000 0.000000
863.690925 600.000000 0.000000
281.466002 600.000000 0.000000
800.784270 600.000000 0.000000
1373.893802 600.000000 0.000000
341.341821 600.000000 0.000000
881.641735 600.000000 0.000000
90.673130 600.000000 0.000000
622.592828 600.000000 0.000000
1012.362103 600.000000 0.000000
364.821680 600.000000 0.000000
1022.064031 600.000000 0.000000
1481.576411 600.000000 0.000000
731.977254 600.000000 0.000000
321.617674 600.000000 0.000000
920.213570 600.000000 0.000000
1255.672943 600.000000 0.000000
1355.207376 600.000000 0.000000
1396.393045 600.000000 0.000000
957.073736 600.000000 0.000000
180.215188 600.000000 0.000000
677.457043 600.000000 0.000000
190.427593 600.000000 0.000000
873.083928 600.000000 0.000000
949.346705 600.000000 0.000000
838.491853 600.000000 0.000000
1555.073704 600.000000 0.000000
1249.221129 600.000000 0.000000
1960.873100 600.000000 0.000000
740.860403 600.000000 0.000000
1661.625273 600.000000 0.000000
281.612895 600.000000 0.000000
1488.170615 600.000000 0.000000
1659.479360 600.000000 0.000000
782.208637 600.000000 0.000000
1243.912784 600.000000 0.000000
693.398955 600.000000 0.000000
92.339049 600.000000 0.000000
1226.132643 600.000000 0.000000
1134.748096 600.000000 0.000000
997.788052 600.000000 0.000000
1447.604157 600.000000 0.000000
289.101050 600.000000 0.000000
84.606327 600.000000 0.000000
621.574045 600.000000 0.000000
243.282307 600.000000 0.000000
484.139342 600.000000 0.000000
762.117711 600.000000 0.000000
880.257074 600.000000 0.000000
1199.591803 600.000000 0.000000
1289.149308 600.000000 0.000000
865.252433 600.000000 0.000000
1111.936524 600.000000 0.000000
1433.682336 600.000000 0.000000
1284.725029 600.000000 0.000000
1371.553451 600.000000 0.000000
192.316292 600.000000 0.000000
245.866927 600.000000 0.000000
113.994830 600.000000 0.000000
1640.144089 600.000000 0.000000
251.078572 600.000000 0.000000
631.490142 600.000000 0.000000
361.133850 600.000000 0.000000
284.454439 600.000000 0.000000
1328.859226 600.000000 0.000000
1370.378446 600.000000 0.000000
382.003865 600.000000 0.000000
872.686037 600.000000 0.000000
1928.918449 600.000000 0.000000
1736.327181 600.000000 0.000000
261.759931 600.000000 0.000000
968.884559 600.000000 0.000000
749.308902 600.000000 0.000000
1800.950245 600.000000 0.000000
357.313574 600.000000 0.000000
1359.270261 600.000000 0.000000
1245.748620 600.000000 0.000000
1967.311899 600.000000 0.000000
881.429560 600.000000 0.000000
1609.474555 600.000000 0.000000
1989.690122 600.000000 0.000000
1083.101923 600.000000 0.000000
511.810911 600.000000 0.000000
1277.891271 600.000000 0.000000
1151.820541 600.000000 0.000000
517.442839 600.000000 0.000000
383.186002 600.000000 0.000000
891.326094 600.000000 0.000000
298.533019 600.000000 0.000000
1993.447378 600.000000 0.000000
243.524444 600.000000 0.000000
1303.078559 600.000000 0.000000
55.590196 600.000000 0.000000
779.955205 600.000000 0.000000
1655.826088 600.000000 0.000000
567.627815 600.000000 0.000000
1220.407287 600.000000 0.000000
472.825499 600.000000 0.000000
821.642100 600.000000 0.000000
1355.429233 600.000000 0.000000
1694.253176 600.000000 0.000000
1298.512456 600.000000 0.000000
162.765302 600.000000 0.000000
241.660967 600.000000 0.000000
958.398528 600.000000 0.000000
1555.756715 600.000000 0.000000
943.955402 600.000000 0.000000
1886.675022 600.000000 0.000000
1961.601985 600.000000 0.000000
669.109461 600.000000 0.000000
405.335848 600.000000 0.000000
685.682468 600.000000 0.000000
1307.088489 600.000000 0.000000
1365.517593 600.000000 0.000000
1219.872280 600.000000 0.000000
199.854206 600.000000 0.000000
1532.509962 600.000000 0.000000
1471.163056 600.000000 0.000000
482.278280 600.000000 0.000000
526.357423 600.000000 0.000000
1921.739797 600.000000 0.000000
846.791473 600.000000 0.000000
672.116292 600.000000 0.000000
0.498996 600.000000 0.000000
1737.682033 600.000000 0.000000
7.506301 600.000000 0.000000
331.692621 600.000000 0.000000
23.641682 600.000000 0.000000
1212.910147 600.000000 0.000000
1459.944038 600.000000 0.000000
1227.649114 600.000000 0.000000
1931.536369 600.000000 0.000000
994.196523 600.000000 0.000000
1059.770806 600.000000 0.000000
923.215064 600.000000 0.000000
1426.067401 600.000000 0.000000
1159.919535 600.000000 0.000000
1365.605111 600.000000 0.000000
1907.843028 600.000000 0.000000
47.310407 600.000000 0.000000
560.220294 600.000000 0.000000
1739.052707 600.000000 0.000000
598.666548 600.000000 0.000000
639.107207 600.000000 0.000000
601.903418 600.000000 0.000000
1882.222973 600.000000 0.000000
1696.254128 600.000000 0.000000
1506.692259 600.000000 0.000000
1076.488174 600.000000 0.000000
816.962763 600.000000 0.000000
424.742632 600.000000 0.000000
152.280804 600.000000 0.000000
579.869817 600.000000 0.000000
39.563667 600.000000 0.000000
482.495799 600.000000 0.000000
769.238329 600.000000 0.000000
909.813773 600.000000 0.000000
747.965042 600.000000 0.000000
880.377592 600.000000 0.000000
235.793616 600.000000 0.000000
1610.859689 600.000000 0.000000
329.785283 600.000000 0.000000
565.059873 600.000000 0.000000
345.370799 600.000000 0.000000
1871.684659 600.000000 0.000000
1361.906119 600.000000 0.000000
267.393478 600.000000 0.000000
509.522445 600.000000 0.000000
798.889752 600.000000 0.000000
738.470730 600.000000 0.000000
1452.723783 600.000000 0.000000
555.674919 600.000000 0.000000
1387.138208 600.000000 0.000000
1000.709378 600.000000 0.000000
236.811076 600.000000 0.000000
302.606670 600.000000 0.000000
1362.893885 600.000000 0.000000
1441.331837 600.000000 0.000000
1959.293878 600.000000 0.000000
1393.558222 600.000000 0.000000
1114.420145 600.000000 0.000000
1361.642964 600.000000 0.000000
1910.704100 600.000000 0.000000
1196.417913 600.000000 0.000000
1540.907790 600.000000 0.000000
1827.194971 600.000000 0.000000
1317.917299 600.000000 0.000000
1341.949227 600.000000 0.000000
1156.370351 600.000000 0.000000
1906.078580 600.000000 0.000000
325.846916 600.000000 0.000000
670.113972 600.000000 0.000000
1903.649408 600.000000 0.000000
219.323287 600.000000 0.000000
1238.604606 600.000000 0.000000
1913.633485 600.000000 0.000000
1970.486188 600.000000 0.000000
141.475498 600.000000 0.000000
1004.660780 600.000000 0.000000
1361.442452 600.000000 0.000000
1106.640131 600.000000 0.000000
1174.011163 600.000000 0.000000
1383.241123 600.000000 0.000000
925.295820 600.000000 0.000000
1148.508587 600.000000 0.000000
145.780176 600.000000 0.000000
1276.533036 600.000000 0.000000
775.514577 600.000000 0.000000
441.920435 600.000000 0.000000
4.463605 600.000000 0.000000
991.313551 600.000000 0.000000
382.633046 600.000000 0.000000
44.530016 600.000000 0.000000
1807.178041 600.000000 0.000000
1477.256351 600.000000 0.000000
889.061780 600.000000 0.000000
835.404486 600.000000 0.000000
1521.722245 600.000000 0.000000
875.506444 600.000000 0.000000
381.965723 600.000000 0.000000
1154.225925 600.000000 0.000000
265.376686 600.000000 0.000000
635.648694 600.000000 0.000000
973.832980 600.000000 0.000000
1878.182138 600.000000 0.000000
1867.892561 600.000000 0.000000
147.320270 600.000000 0.000000
1224.872591 600.000000 0.000000
1029.497449 600.000000 0.000000
1249.327163 600.000000 0.000000
261.290524 600.000000 0.000000
1290.420881 600.000000 0.000000
268.297101 600.000000 0.000000
1305.851936 600.000000 0.000000
530.420018 600.000000 0.000000
763.610537 600.000000 0.000000
1180.430121 600.000000 0.000000
1339.408164 600.000000 0.000000
1108.664960 600.000000 0.000000
39.009520 600.000000 0.000000
368.693925 600.000000 0.000000
1982.360925 600.000000 0.000000
1147.355528 600.000000 0.000000
1275.524171 600.000000 0.000000
1189.715195 600.000000 0.000000
1030.489376 600.000000 0.000000
661.387018 600.000000 0.000000
793.484899 600.000000 0.000000
1767.930961 600.000000 0.000000
1542.970532 600.000000 0.000000
1198.150761 600.000000 0.000000
49.453259 600.000000 0.000000
24.517579 600.000000 0.000000
1396.904639 600.000000 0.000000
531.982018 600.000000 0.000000
1473.401443 600.000000 0.000000
1999.945238 600.000000 0.000000
1499.584631 600.000000 0.000000
969.911178 600.000000 0.000000
1647.401057 600.000000 0.000000
1245.554179 600.000000 0.000000
1805.024188 600.000000 0.000000
113.010257 600.000000 0.000000
1478.154778 600.000000 0.000000
752.352440 600.000000 0.000000
73.601530 600.000000 0.000000
1552.396437 600.000000 0.000000
1674.708372 600.000000 0.000000
690.163861 600.000000 0.000000
163.685295 600.000000 0.000000
445.243089 600.000000 0.000000
304.952637 600.000000 0.000000
802.354391 600.000000 0.000000
1063.225216 600.000000 0.000000
1623.413204 600.000000 0.000000
81.555132 600.000000 0.000000
235.778017 600.000000 0.000000
1150.379931 600.000000 0.000000
1664.724415 600.000000 0.000000
409.283706 600.000000 0.000000
477.443546 600.000000 0.000000
1993.857399 600.000000 0.000000
517.181191 600.000000 0.000000
1784.111935 600.000000 0.000000
1693.719577 600.000000 0.000000
613.167413 600.000000 0.000000
66.724984 600.000000 0.000000
1412.840997 600.000000 0.000000
387.231216 600.000000 0.000000
1017.956275 600.000000 0.000000
43.090294 600.000000 0.000000
1345.465587 600.000000 0.000000
1627.124889 600.000000 0.000000
1614.568104 600.000000 0.000000
963.053687 600.000000 0.000000
1075.038190 600.000000 0.000000
1561.697213 600.000000 0.000000
671.697816 600.000000 0.000000
1398.518743 600.000000 0.000000
851.710599 600.000000 0.000000
1650.481327 600.000000 0.000000
1891.227384 600.000000 0.000000
1109.682500 600.000000 0.000000
1420.990377 600.000000 0.000000
756.720732 600.000000 0.000000
1296.677461 600.000000 0.000000
91.345434 600.000000 0.000000
310.954647 600.000000 0.000000
1770.707935 600.000000 0.000000
1443.131449 600.000000 0.000000
1923.334403 600.000000 0.000000
860.601770 600.000000 0.000000
264.062708 600.000000 0.000000
878.662418 600.000000 0.000000
934.375472 600.000000 0.000000
820.166433 600.000000 0.000000
554.393422 600.000000 0.000000
557.019118 600.000000 0.000000
1909.241612 600.000000 0.000000
1608.714983 600.000000 0.000000
1937.020932 600.000000 0.000000
1999.445583 600.000000 0.000000
1894.320566 600.000000 0.000000
497.102275 600.000000 0.000000
13.409972 600.000000 0.000000
889.454630 600.000000 0.000000
1348.097556 600.000000 0.000000
992.960722 600.000000 0.000000
42.018500 600.000000 0.000000
1663.526444 600.000000 0.000000
217.091704 600.000000 0.000000
186.303279 600.000000 0.000000
1780.411281 600.000000 0.000000
891.890421 600.000000 0.000000
1813.813537 600.000000 0.000000
1108.079642 600.000000 0.000000
1518.868699 600.000000 0.000000
1631.102768 600.000000 0.000000
1065.937005 600.000000 0.000000
110.270292 600.000000 0.000000
107.971308 600.000000 0.000000
1798.376380 600.000000 0.000000
293.814748 600.000000 0.000000
965.294628 600.000000 0.000000
134.605962 600.000000 0.000000
562.323729 600.000000 0.000000
1865.698331 600.000000 0.000000
1014.635866 600.000000 0.000000
1129.006029 600.000000 0.000000
1601.426400 600.000000 0.000000
1291.774997 600.000000 0.000000
618.438995 600.000000 0.000000
95.613213 600.000000 0.000000
503.931660 600.000000 0.000000
1427.762284 600.000000 0.000000
1341.988035 600.000000 0.000000
1210.571520 600.000000 0.000000
296.543798 600.000000 0.000000
1590.500699 600.000000 0.000000
1330.554707 600.000000 0.000000
1708.604086 600.000000 0.000000
1621.067354 600.000000 0.000000
142.287968 600.000000 0.000000
137.587136 600.000000 0.000000
1780.933146 600.000000 0.000000
1516.091913 600.000000 0.000000
140.621175 600.000000 0.000000
1704.188956 600.000000 0.000000
1550.713803 600.000000 0.000000
1369.790405 600.000000 0.000000
469.105574 600.000000 0.000000
923.151389 600.000000 0.000000
1872.870915 600.000000 0.000000
1329.892838 600.000000 0.000000
919.359180 600.000000 0.000000
1775.647021 600.000000 0.000000
1149.244521 600.000000 0.000000
60.337247 600.000000 0.000000
1534.709441 600.000000 0.000000
690.957110 600.000000 0.000000
1218.246287 600.000000 0.000000
435.085741 600.000000 0.000000
1287.521122 600.000000 0.000000
1142.785297 600.000000 0.000000
1604.622098 600.000000 0.000000
1924.671094 600.000000 0.000000
803.539712 600.000000 0.000000
1993.106836 600.000000 0.000000
1491.891623 600.000000 0.000000
896.822367 600.000000 0.000000
791.568561 600.000000 0.000000
246.779852 600.000000 0.000000
1065.229826 600.000000 0.000000
1666.759205 600.000000 0.000000
1835.346259 600.000000 0.000000
1651.215133 600.000000 0.000000
891.830799 600.000000 0.000000
534.272403 600.000000 0.000000
1328.797799 600.000000 0.000000
1533.721388 600.000000 0.000000
1331.936550 600.000000 0.000000
1007.910210 600.000000 0.000000
1670.307403 600.000000 0.000000
1244.810757 600.000000 0.000000
915.077836 600.000000 0.000000
1109.966556 600.000000 0.000000
731.627420 600.000000 0.000000
1312.604462 600.000000 0.000000
1834.077339 600.000000 0.000000
552.109183 600.000000 0.000000
242.428883 600.000000 0.000000
1932.356508 600.000000 0.000000
1394.878017 600.000000 0.000000
887.095579 600.000000 0.000000
1260.391648 600.000000 0.000000
736.693350 600.000000 0.000000
476.383912 600.000000 0.000000
600.547641 600.000000 0.000000
1420.664344 600.000000 0.000000
94.949676 600.000000 0.000000
985.050887 600.000000 0.000000
162.507960 600.000000 0.000000
244.033564 600.000000 0.000000
1986.204360 600.000000 0.000000
710.182054 600.000000 0.000000
1529.727461 600.000000 0.000000
1808.199086 600.000000 0.000000
792.219225 600.000000 0.000000
1634.269712 600.000000 0.000000
697.948443 600.000000 0.000000
532.387267 600.000000 0.000000
735.003915 600.000000 0.000000
1504.632426 600.000000 0.000000
1175.600048 600.000000 0.000000
978.842190 600.000000 0.000000
1346.948122 600.000000 0.000000
656.592278 600.000000 0.000000
1707.891678 600.000000 0.000000
1664.761473 600.000000 0.000000
319.177373 600.000000 0.000000
644.822043 600.000000 0.000000
1900.347414 600.000000 0.000000
190.753424 600.000000 0.000000
462.039710 600.000000 0.000000
1721.215505 600.000000 0.000000
719.254384 600.000000 0.000000
1969.687398 600.000000 0.000000
63.951336 600.000000 0.000000
1657.299829 600.000000 0.000000
1033.618979 600.000000 0.000000
